"RefGroupSize","FocalGroupSize","nItems","prevRate","difRate","difType","balanced","aStrength","bStrength","rep","dif_items","method","TP_full","TN_full","FP_full","FN_full","accuracy_full","sensitivity_full","specificity_full","precision_full","npv_full","f1score_full","TP_focal","TN_focal","FP_focal","FN_focal","accuracy_focal","sensitivity_focal","specificity_focal","precision_focal","npv_focal","f1score_focal","TP_ref","TN_ref","FP_ref","FN_ref","accuracy_ref","sensitivity_ref","specificity_ref","precision_ref","npv_ref","f1score_ref","NA.","NA..1"
2000,1000,80,0.3,0.05,"a",FALSE,0.5,0,1,"77, 56, 24, 47","IRT",437,1015,28,20,0.968,0.973154362416107,0.956236323851203,0.980676328502415,0.973154362416107,0.976900866217517,"IRT",155,309,13,6,0.960662525879917,0.959627329192547,0.962732919254658,0.980952380952381,0.959627329192547,0.970172684458399,"IRT",282,706,15,14,0.971484759095379,0.979195561719834,0.952702702702703,0.980555555555556,0.979195561719834,0.979875086745316
2000,1000,80,0.3,0.05,"a",FALSE,0.5,0,1,"77, 56, 24, 47","rf_probs",0,371,672,457,0.247333333333333,0.355704697986577,0,0.448067632850242,0.355704697986577,0.396579369321219,"rf_probs",0,123,199,161,0.254658385093168,0.381987577639752,0,0.433098591549296,0.381987577639752,0.405940594059406,"rf_probs",0,248,473,296,0.24385447394297,0.343966712898752,0,0.455882352941176,0.343966712898752,0.392094861660079
2000,1000,80,0.3,0.05,"a",FALSE,0.5,0,1,"77, 56, 24, 47","rf_class",426,1004,39,31,0.953333333333333,0.962607861936721,0.932166301969365,0.970048309178744,0.962607861936721,0.966313763233879,"rf_class",150,304,18,11,0.939958592132505,0.944099378881988,0.93167701863354,0.965079365079365,0.944099378881988,0.95447409733124,"rf_class",276,700,21,20,0.95968534906588,0.970873786407767,0.932432432432432,0.972222222222222,0.970873786407767,0.971547536433032
2000,1000,80,0.3,0.05,"a",FALSE,0.5,0,2,"46, 34, 61, 33","IRT",459,970,63,8,0.952666666666667,0.939012584704743,0.982869379014989,0.991820040899795,0.939012584704743,0.964694181999005,"IRT",168,313,19,3,0.956262425447316,0.942771084337349,0.982456140350877,0.990506329113924,0.942771084337349,0.966049382716049,"IRT",291,657,44,5,0.950852557673019,0.937232524964337,0.983108108108108,0.992447129909366,0.937232524964337,0.964049889948643
2000,1000,80,0.3,0.05,"a",FALSE,0.5,0,2,"46, 34, 61, 33","rf_probs",0,326,707,467,0.217333333333333,0.315585672797677,0,0.41109709962169,0.315585672797677,0.357064622124863,"rf_probs",0,110,222,171,0.218687872763419,0.331325301204819,0,0.391459074733096,0.331325301204819,0.358890701468189,"rf_probs",0,216,485,296,0.216649949849549,0.308131241084165,0,0.421875,0.308131241084165,0.356141797197032
2000,1000,80,0.3,0.05,"a",FALSE,0.5,0,2,"46, 34, 61, 33","rf_class",449,990,43,18,0.959333333333333,0.95837366892546,0.961456102783726,0.982142857142857,0.95837366892546,0.970112689857913,"rf_class",164,317,15,7,0.956262425447316,0.954819277108434,0.95906432748538,0.978395061728395,0.954819277108434,0.966463414634146,"rf_class",285,673,28,11,0.960882647943831,0.960057061340941,0.962837837837838,0.983918128654971,0.960057061340941,0.971841155234657
2000,1000,80,0.3,0.05,"a",FALSE,0.5,0,3,"56, 4, 64, 10","IRT",448,992,52,8,0.96,0.950191570881226,0.982456140350877,0.992,0.950191570881226,0.970645792563601,"IRT",156,306,14,1,0.968553459119497,0.95625,0.993630573248408,0.996742671009772,0.95625,0.976076555023924,"IRT",292,686,38,7,0.956011730205279,0.947513812154696,0.976588628762542,0.98989898989899,0.947513812154696,0.968242766407904
2000,1000,80,0.3,0.05,"a",FALSE,0.5,0,3,"56, 4, 64, 10","rf_probs",0,373,671,456,0.248666666666667,0.35727969348659,0,0.449939686369119,0.35727969348659,0.398291510945008,"rf_probs",0,126,194,157,0.264150943396226,0.39375,0,0.445229681978799,0.39375,0.417910447761194,"rf_probs",0,247,477,299,0.241446725317693,0.341160220994475,0,0.452380952380952,0.341160220994475,0.388976377952756
2000,1000,80,0.3,0.05,"a",FALSE,0.5,0,3,"56, 4, 64, 10","rf_class",434,1013,31,22,0.964666666666667,0.970306513409962,0.951754385964912,0.978743961352657,0.970306513409962,0.974506974506974,"rf_class",152,311,9,5,0.970649895178197,0.971875,0.968152866242038,0.984177215189873,0.971875,0.977987421383648,"rf_class",282,702,22,17,0.961876832844575,0.969613259668508,0.94314381270903,0.976356050069541,0.969613259668508,0.972972972972973
2000,1000,80,0.3,0.05,"a",FALSE,0.5,0,4,"37, 78, 45, 69","IRT",431,1012,39,18,0.962,0.962892483349191,0.959910913140312,0.98252427184466,0.962892483349191,0.972609322441134,"IRT",152,325,14,5,0.961693548387097,0.958702064896755,0.968152866242038,0.984848484848485,0.958702064896755,0.971599402092676,"IRT",279,687,25,13,0.962151394422311,0.964887640449438,0.955479452054795,0.981428571428571,0.964887640449438,0.973087818696884
2000,1000,80,0.3,0.05,"a",FALSE,0.5,0,4,"37, 78, 45, 69","rf_probs",0,368,683,449,0.245333333333333,0.350142721217888,0,0.450428396572827,0.350142721217888,0.394004282655246,"rf_probs",0,101,238,157,0.203629032258065,0.297935103244838,0,0.391472868217054,0.297935103244838,0.338358458961474,"rf_probs",0,267,445,292,0.26593625498008,0.375,0,0.477638640429338,0.375,0.420141620771046
2000,1000,80,0.3,0.05,"a",FALSE,0.5,0,4,"37, 78, 45, 69","rf_class",414,1020,31,35,0.956,0.970504281636537,0.922048997772829,0.966824644549763,0.970504281636537,0.968660968660969,"rf_class",150,331,8,7,0.969758064516129,0.976401179941003,0.955414012738854,0.979289940828402,0.976401179941003,0.977843426883309,"rf_class",264,689,23,28,0.949203187250996,0.967696629213483,0.904109589041096,0.96094839609484,0.967696629213483,0.964310706787964
2000,1000,80,0.3,0.05,"a",FALSE,0.5,0,5,"34, 8, 27, 58","IRT",434,1026,27,13,0.973333333333333,0.974358974358974,0.970917225950783,0.987487969201155,0.974358974358974,0.980879541108987,"IRT",142,354,9,5,0.972549019607843,0.975206611570248,0.965986394557823,0.986072423398329,0.975206611570248,0.980609418282548,"IRT",292,672,18,8,0.973737373737374,0.973913043478261,0.973333333333333,0.988235294117647,0.973913043478261,0.981021897810219
2000,1000,80,0.3,0.05,"a",FALSE,0.5,0,5,"34, 8, 27, 58","rf_probs",0,349,704,447,0.232666666666667,0.331433998100665,0,0.438442211055276,0.331433998100665,0.377501352082207,"rf_probs",0,115,248,147,0.225490196078431,0.316804407713499,0,0.438931297709924,0.316804407713499,0.368,"rf_probs",0,234,456,300,0.236363636363636,0.339130434782609,0,0.438202247191011,0.339130434782609,0.382352941176471
2000,1000,80,0.3,0.05,"a",FALSE,0.5,0,5,"34, 8, 27, 58","rf_class",436,1019,34,11,0.97,0.967711301044634,0.975391498881432,0.989320388349515,0.967711301044634,0.978396543446951,"rf_class",144,349,14,3,0.966666666666667,0.961432506887052,0.979591836734694,0.991477272727273,0.961432506887052,0.976223776223776,"rf_class",292,670,20,8,0.971717171717172,0.971014492753623,0.973333333333333,0.988200589970501,0.971014492753623,0.97953216374269
2000,1000,80,0.3,0.05,"a",FALSE,0.5,0,6,"80, 76, 69, 42","IRT",420,1016,41,23,0.957333333333333,0.961210974456008,0.948081264108352,0.97786333012512,0.961210974456008,0.969465648854962,"IRT",131,331,17,7,0.950617283950617,0.951149425287356,0.949275362318841,0.979289940828402,0.951149425287356,0.965014577259475,"IRT",289,685,24,16,0.960552268244576,0.966149506346968,0.947540983606557,0.977175463623395,0.966149506346968,0.971631205673759
2000,1000,80,0.3,0.05,"a",FALSE,0.5,0,6,"80, 76, 69, 42","rf_probs",0,359,698,443,0.239333333333333,0.339640491958373,0,0.447630922693267,0.339640491958373,0.386229155459925,"rf_probs",0,120,228,138,0.246913580246914,0.344827586206897,0,0.465116279069767,0.344827586206897,0.396039603960396,"rf_probs",0,239,470,305,0.235700197238659,0.337094499294781,0,0.439338235294118,0.337094499294781,0.381484437350359
2000,1000,80,0.3,0.05,"a",FALSE,0.5,0,6,"80, 76, 69, 42","rf_class",410,1026,31,33,0.957333333333333,0.970671712393567,0.925507900677201,0.968838526912181,0.970671712393567,0.969754253308128,"rf_class",128,338,10,10,0.958847736625514,0.971264367816092,0.927536231884058,0.971264367816092,0.971264367816092,0.971264367816092,"rf_class",282,688,21,23,0.956607495069034,0.970380818053597,0.924590163934426,0.967651195499297,0.970380818053597,0.969014084507042
2000,1000,80,0.3,0.05,"a",FALSE,0.5,0,7,"39, 74, 66, 42","IRT",456,979,49,16,0.956666666666667,0.952334630350194,0.966101694915254,0.98391959798995,0.952334630350194,0.967869500741473,"IRT",129,336,14,5,0.960743801652893,0.96,0.962686567164179,0.98533724340176,0.96,0.972503617945007,"IRT",327,643,35,11,0.954724409448819,0.948377581120944,0.967455621301775,0.983180428134557,0.948377581120944,0.965465465465465
2000,1000,80,0.3,0.05,"a",FALSE,0.5,0,7,"39, 74, 66, 42","rf_probs",0,342,686,472,0.228,0.332684824902724,0,0.42014742014742,0.332684824902724,0.371335504885993,"rf_probs",0,98,252,134,0.202479338842975,0.28,0,0.422413793103448,0.28,0.336769759450172,"rf_probs",0,244,434,338,0.240157480314961,0.359882005899705,0,0.419243986254296,0.359882005899705,0.387301587301587
2000,1000,80,0.3,0.05,"a",FALSE,0.5,0,7,"39, 74, 66, 42","rf_class",450,993,35,22,0.962,0.965953307392996,0.953389830508475,0.978325123152709,0.965953307392996,0.972099853157122,"rf_class",128,336,14,6,0.958677685950413,0.96,0.955223880597015,0.982456140350877,0.96,0.971098265895954,"rf_class",322,657,21,16,0.963582677165354,0.969026548672566,0.952662721893491,0.976225854383358,0.969026548672566,0.972612879348631
2000,1000,80,0.3,0.05,"a",FALSE,0.5,0,8,"3, 47, 71, 2","IRT",427,1011,54,8,0.958666666666667,0.949295774647887,0.981609195402299,0.992149165848871,0.949295774647887,0.970249520153551,"IRT",134,339,20,3,0.953629032258065,0.944289693593315,0.978102189781022,0.991228070175439,0.944289693593315,0.967189728958631,"IRT",293,672,34,5,0.961155378486056,0.951841359773371,0.983221476510067,0.99261447562777,0.951841359773371,0.971800433839479
2000,1000,80,0.3,0.05,"a",FALSE,0.5,0,8,"3, 47, 71, 2","rf_probs",0,353,712,435,0.235333333333333,0.331455399061033,0,0.447969543147208,0.331455399061033,0.381003777657852,"rf_probs",0,122,237,137,0.245967741935484,0.33983286908078,0,0.471042471042471,0.33983286908078,0.394822006472492,"rf_probs",0,231,475,298,0.2300796812749,0.327195467422096,0,0.436672967863894,0.327195467422096,0.374089068825911
2000,1000,80,0.3,0.05,"a",FALSE,0.5,0,8,"3, 47, 71, 2","rf_class",408,1026,39,27,0.956,0.963380281690141,0.937931034482759,0.974358974358974,0.963380281690141,0.968838526912181,"rf_class",130,344,15,7,0.955645161290323,0.958217270194986,0.948905109489051,0.98005698005698,0.958217270194986,0.969014084507042,"rf_class",278,682,24,20,0.956175298804781,0.96600566572238,0.932885906040268,0.971509971509972,0.96600566572238,0.96875
2000,1000,80,0.3,0.05,"a",FALSE,0.5,0,9,"51, 54, 47, 17","IRT",425,1031,35,9,0.970666666666667,0.967166979362101,0.97926267281106,0.991346153846154,0.967166979362101,0.979107312440646,"IRT",144,348,7,1,0.984,0.980281690140845,0.993103448275862,0.997134670487106,0.980281690140845,0.988636363636364,"IRT",281,683,28,8,0.964,0.960618846694796,0.972318339100346,0.988422575976845,0.960618846694796,0.97432239657632
2000,1000,80,0.3,0.05,"a",FALSE,0.5,0,9,"51, 54, 47, 17","rf_probs",0,371,695,434,0.247333333333333,0.348030018761726,0,0.460869565217391,0.348030018761726,0.396579369321219,"rf_probs",0,120,235,145,0.24,0.338028169014085,0,0.452830188679245,0.338028169014085,0.387096774193548,"rf_probs",0,251,460,289,0.251,0.353023909985935,0,0.464814814814815,0.353023909985935,0.401278976818545
2000,1000,80,0.3,0.05,"a",FALSE,0.5,0,9,"51, 54, 47, 17","rf_class",417,1029,37,17,0.964,0.965290806754221,0.960829493087558,0.983747609942639,0.965290806754221,0.974431818181818,"rf_class",140,347,8,5,0.974,0.977464788732394,0.96551724137931,0.985795454545455,0.977464788732394,0.981612446958982,"rf_class",277,682,29,12,0.959,0.959212376933896,0.958477508650519,0.982708933717579,0.959212376933896,0.970818505338078
2000,1000,80,0.3,0.05,"a",FALSE,0.5,0,10,"56, 65, 64, 49","IRT",435,1018,31,16,0.968666666666667,0.970448045757865,0.964523281596452,0.984526112185687,0.970448045757865,0.977436389822372,"IRT",147,354,12,4,0.969052224371373,0.967213114754098,0.973509933774834,0.988826815642458,0.967213114754098,0.977900552486188,"IRT",288,664,19,12,0.968463886063072,0.972181551976574,0.96,0.982248520710059,0.972181551976574,0.977189109639441
2000,1000,80,0.3,0.05,"a",FALSE,0.5,0,10,"56, 65, 64, 49","rf_probs",0,330,719,451,0.22,0.314585319351764,0,0.422535211267606,0.314585319351764,0.360655737704918,"rf_probs",0,107,259,151,0.206963249516441,0.292349726775956,0,0.414728682170543,0.292349726775956,0.342948717948718,"rf_probs",0,223,460,300,0.226856561546287,0.326500732064422,0,0.426386233269598,0.326500732064422,0.369817578772803
2000,1000,80,0.3,0.05,"a",FALSE,0.5,0,10,"56, 65, 64, 49","rf_class",428,1018,31,23,0.964,0.970448045757865,0.9490022172949,0.97790585975024,0.970448045757865,0.974162679425837,"rf_class",145,353,13,6,0.963249516441006,0.96448087431694,0.960264900662252,0.983286908077994,0.96448087431694,0.973793103448276,"rf_class",283,665,18,17,0.964394710071211,0.973645680819912,0.943333333333333,0.975073313782991,0.973645680819912,0.974358974358974
2000,1000,80,0.3,0.05,"a",FALSE,0.5,0,11,"46, 23, 32, 68","IRT",416,1038,16,30,0.969333333333333,0.984819734345351,0.932735426008969,0.971910112359551,0.984819734345351,0.978322337417531,"IRT",140,339,4,9,0.973577235772358,0.988338192419825,0.939597315436242,0.974137931034483,0.988338192419825,0.981186685962373,"IRT",276,699,12,21,0.967261904761905,0.983122362869198,0.929292929292929,0.970833333333333,0.983122362869198,0.976939203354298
2000,1000,80,0.3,0.05,"a",FALSE,0.5,0,11,"46, 23, 32, 68","rf_probs",0,356,698,446,0.237333333333333,0.337760910815939,0,0.443890274314214,0.337760910815939,0.383620689655172,"rf_probs",0,101,242,149,0.205284552845528,0.294460641399417,0,0.404,0.294460641399417,0.340640809443508,"rf_probs",0,255,456,297,0.25297619047619,0.358649789029536,0,0.46195652173913,0.358649789029536,0.403800475059382
2000,1000,80,0.3,0.05,"a",FALSE,0.5,0,11,"46, 23, 32, 68","rf_class",418,1031,23,28,0.966,0.978178368121442,0.937219730941704,0.973559962228517,0.978178368121442,0.975863700899195,"rf_class",140,336,7,9,0.967479674796748,0.979591836734694,0.939597315436242,0.973913043478261,0.979591836734694,0.976744186046512,"rf_class",278,695,16,19,0.965277777777778,0.977496483825598,0.936026936026936,0.973389355742297,0.977496483825598,0.975438596491228
2000,1000,80,0.3,0.05,"a",FALSE,0.5,0,12,"20, 79, 47, 27","IRT",445,988,56,11,0.955333333333333,0.946360153256705,0.975877192982456,0.988988988988989,0.946360153256705,0.967205090553108,"IRT",156,326,21,1,0.956349206349206,0.939481268011527,0.993630573248408,0.996941896024465,0.939481268011527,0.967359050445104,"IRT",289,662,35,10,0.954819277108434,0.949784791965567,0.966555183946488,0.985119047619048,0.949784791965567,0.967129291453616
2000,1000,80,0.3,0.05,"a",FALSE,0.5,0,12,"20, 79, 47, 27","rf_probs",0,352,692,456,0.234666666666667,0.337164750957854,0,0.435643564356436,0.337164750957854,0.380129589632829,"rf_probs",0,111,236,157,0.220238095238095,0.319884726224784,0,0.414179104477612,0.319884726224784,0.360975609756098,"rf_probs",0,241,456,299,0.241967871485944,0.345767575322812,0,0.446296296296296,0.345767575322812,0.38965238480194
2000,1000,80,0.3,0.05,"a",FALSE,0.5,0,12,"20, 79, 47, 27","rf_class",432,997,47,24,0.952666666666667,0.954980842911877,0.947368421052632,0.976493633692458,0.954980842911877,0.965617433414043,"rf_class",149,329,18,8,0.948412698412698,0.948126801152738,0.949044585987261,0.976261127596439,0.948126801152738,0.961988304093567,"rf_class",283,668,29,16,0.954819277108434,0.958393113342898,0.946488294314381,0.976608187134503,0.958393113342898,0.967414916727009
2000,1000,80,0.3,0.05,"a",FALSE,0.5,0,13,"73, 22, 49, 37","IRT",441,994,55,10,0.956666666666667,0.947569113441373,0.977827050997783,0.99003984063745,0.947569113441373,0.968339016074038,"IRT",130,325,17,3,0.957894736842105,0.950292397660819,0.977443609022556,0.990853658536585,0.950292397660819,0.970149253731343,"IRT",311,669,38,7,0.95609756097561,0.946251768033946,0.977987421383648,0.989644970414201,0.946251768033946,0.967462039045553
2000,1000,80,0.3,0.05,"a",FALSE,0.5,0,13,"73, 22, 49, 37","rf_probs",0,334,715,451,0.222666666666667,0.318398474737846,0,0.425477707006369,0.318398474737846,0.36423118865867,"rf_probs",0,97,245,133,0.204210526315789,0.283625730994152,0,0.421739130434783,0.283625730994152,0.339160839160839,"rf_probs",0,237,470,318,0.231219512195122,0.335219236209335,0,0.427027027027027,0.335219236209335,0.375594294770206
2000,1000,80,0.3,0.05,"a",FALSE,0.5,0,13,"73, 22, 49, 37","rf_class",426,1005,44,25,0.954,0.958055290753098,0.944567627494457,0.975728155339806,0.958055290753098,0.966810966810967,"rf_class",126,330,12,7,0.96,0.964912280701754,0.947368421052632,0.979228486646884,0.964912280701754,0.972017673048601,"rf_class",300,675,32,18,0.951219512195122,0.954738330975955,0.943396226415094,0.974025974025974,0.954738330975955,0.964285714285714
2000,1000,80,0.3,0.05,"a",FALSE,0.5,0,14,"34, 11, 73, 58","IRT",437,986,70,7,0.948666666666667,0.933712121212121,0.984234234234234,0.992950654582075,0.933712121212121,0.962420693020986,"IRT",131,314,29,2,0.934873949579832,0.915451895043732,0.984962406015038,0.993670886075949,0.915451895043732,0.952959028831563,"IRT",306,672,41,5,0.955078125,0.94249649368864,0.983922829581994,0.99261447562777,0.94249649368864,0.966906474820144
2000,1000,80,0.3,0.05,"a",FALSE,0.5,0,14,"34, 11, 73, 58","rf_probs",0,373,683,444,0.248666666666667,0.353219696969697,0,0.456548347613219,0.353219696969697,0.398291510945008,"rf_probs",0,119,224,133,0.25,0.346938775510204,0,0.472222222222222,0.346938775510204,0.4,"rf_probs",0,254,459,311,0.248046875,0.356241234221599,0,0.449557522123894,0.356241234221599,0.397496087636933
2000,1000,80,0.3,0.05,"a",FALSE,0.5,0,14,"34, 11, 73, 58","rf_class",421,1012,44,23,0.955333333333333,0.958333333333333,0.948198198198198,0.977777777777778,0.958333333333333,0.967957914873266,"rf_class",128,326,17,5,0.953781512605042,0.950437317784257,0.962406015037594,0.984894259818731,0.950437317784257,0.967359050445104,"rf_class",293,686,27,18,0.9560546875,0.962131837307153,0.942122186495177,0.974431818181818,0.962131837307153,0.968242766407904
2000,1000,80,0.3,0.05,"a",FALSE,0.5,0,15,"67, 39, 76, 69","IRT",438,994,55,13,0.954666666666667,0.947569113441373,0.971175166297118,0.987090367428004,0.947569113441373,0.966926070038911,"IRT",127,350,24,3,0.946428571428571,0.935828877005348,0.976923076923077,0.991501416430595,0.935828877005348,0.962861072902338,"IRT",311,644,31,10,0.958835341365462,0.954074074074074,0.968847352024922,0.984709480122324,0.954074074074074,0.969149736644093
2000,1000,80,0.3,0.05,"a",FALSE,0.5,0,15,"67, 39, 76, 69","rf_probs",0,376,673,451,0.250666666666667,0.358436606291706,0,0.454655380894801,0.358436606291706,0.400852878464819,"rf_probs",0,149,225,130,0.295634920634921,0.398395721925134,0,0.53405017921147,0.398395721925134,0.45635528330781,"rf_probs",0,227,448,321,0.227911646586345,0.336296296296296,0,0.414233576642336,0.336296296296296,0.371218315617334
2000,1000,80,0.3,0.05,"a",FALSE,0.5,0,15,"67, 39, 76, 69","rf_class",423,1010,39,28,0.955333333333333,0.962821734985701,0.937915742793792,0.973025048169557,0.962821734985701,0.967896502156205,"rf_class",125,358,16,5,0.958333333333333,0.957219251336898,0.961538461538462,0.986225895316804,0.957219251336898,0.971506105834464,"rf_class",298,652,23,23,0.953815261044177,0.965925925925926,0.928348909657321,0.965925925925926,0.965925925925926,0.965925925925926
2000,1000,80,0.3,0.05,"a",FALSE,0.5,0,16,"61, 35, 76, 68","IRT",459,980,56,5,0.959333333333333,0.945945945945946,0.989224137931034,0.99492385786802,0.945945945945946,0.969816922315685,"IRT",145,317,19,1,0.95850622406639,0.943452380952381,0.993150684931507,0.99685534591195,0.943452380952381,0.969418960244648,"IRT",314,663,37,4,0.959724950884086,0.947142857142857,0.987421383647799,0.99400299850075,0.947142857142857,0.970007315288954
2000,1000,80,0.3,0.05,"a",FALSE,0.5,0,16,"61, 35, 76, 68","rf_probs",0,360,676,464,0.24,0.347490347490348,0,0.436893203883495,0.347490347490348,0.387096774193548,"rf_probs",0,107,229,146,0.221991701244813,0.318452380952381,0,0.422924901185771,0.318452380952381,0.363327674023769,"rf_probs",0,253,447,318,0.24852652259332,0.361428571428571,0,0.4430823117338,0.361428571428571,0.398111723052714
2000,1000,80,0.3,0.05,"a",FALSE,0.5,0,16,"61, 35, 76, 68","rf_class",441,1004,32,23,0.963333333333333,0.969111969111969,0.950431034482759,0.977604673807206,0.969111969111969,0.973339796412991,"rf_class",138,325,11,8,0.960580912863071,0.967261904761905,0.945205479452055,0.975975975975976,0.967261904761905,0.971599402092676,"rf_class",303,679,21,15,0.964636542239686,0.97,0.952830188679245,0.978386167146974,0.97,0.974175035868006
2000,1000,80,0.3,0.05,"a",FALSE,0.5,0,17,"2, 47, 69, 67","IRT",431,1015,38,16,0.964,0.963912630579297,0.96420581655481,0.984481086323957,0.963912630579297,0.974088291746641,"IRT",138,336,11,5,0.96734693877551,0.968299711815562,0.965034965034965,0.98533724340176,0.968299711815562,0.976744186046512,"IRT",293,679,27,11,0.962376237623762,0.961756373937677,0.963815789473684,0.984057971014493,0.961756373937677,0.972779369627507
2000,1000,80,0.3,0.05,"a",FALSE,0.5,0,17,"2, 47, 69, 67","rf_probs",0,317,736,447,0.211333333333333,0.301044634377968,0,0.414921465968586,0.301044634377968,0.348926802421574,"rf_probs",0,115,232,143,0.23469387755102,0.331412103746398,0,0.445736434108527,0.331412103746398,0.380165289256198,"rf_probs",0,202,504,304,0.2,0.286118980169972,0,0.399209486166008,0.286118980169972,0.333333333333333
2000,1000,80,0.3,0.05,"a",FALSE,0.5,0,17,"2, 47, 69, 67","rf_class",425,1016,37,22,0.960666666666667,0.964862298195632,0.950782997762864,0.978805394990366,0.964862298195632,0.971783835485414,"rf_class",136,336,11,7,0.963265306122449,0.968299711815562,0.951048951048951,0.979591836734694,0.968299711815562,0.973913043478261,"rf_class",289,680,26,15,0.959405940594059,0.963172804532578,0.950657894736842,0.97841726618705,0.963172804532578,0.970735189150607
2000,1000,80,0.3,0.05,"a",FALSE,0.5,0,18,"29, 36, 47, 70","IRT",432,1008,29,31,0.96,0.972034715525555,0.93304535637149,0.970163618864293,0.972034715525555,0.971098265895954,"IRT",141,334,13,12,0.95,0.962536023054755,0.92156862745098,0.965317919075145,0.962536023054755,0.963924963924964,"IRT",291,674,16,19,0.965,0.976811594202899,0.938709677419355,0.972582972582973,0.976811594202899,0.97469269703543
2000,1000,80,0.3,0.05,"a",FALSE,0.5,0,18,"29, 36, 47, 70","rf_probs",0,400,637,463,0.266666666666667,0.38572806171649,0,0.463499420625724,0.38572806171649,0.421052631578947,"rf_probs",0,138,209,153,0.276,0.397694524495677,0,0.474226804123711,0.397694524495677,0.432601880877743,"rf_probs",0,262,428,310,0.262,0.379710144927536,0,0.458041958041958,0.379710144927536,0.415213946117274
2000,1000,80,0.3,0.05,"a",FALSE,0.5,0,18,"29, 36, 47, 70","rf_class",435,997,40,28,0.954666666666667,0.961427193828351,0.939524838012959,0.972682926829268,0.961427193828351,0.967022308438409,"rf_class",144,331,16,9,0.95,0.953890489913545,0.941176470588235,0.973529411764706,0.953890489913545,0.963609898107715,"rf_class",291,666,24,19,0.957,0.965217391304348,0.938709677419355,0.972262773722628,0.965217391304348,0.968727272727273
2000,1000,80,0.3,0.05,"a",FALSE,0.5,0,19,"26, 80, 77, 16","IRT",440,1012,32,16,0.968,0.969348659003831,0.964912280701754,0.98443579766537,0.969348659003831,0.976833976833977,"IRT",130,326,14,4,0.962025316455696,0.958823529411765,0.970149253731343,0.987878787878788,0.958823529411765,0.973134328358209,"IRT",310,686,18,12,0.970760233918129,0.974431818181818,0.962732919254658,0.982808022922636,0.974431818181818,0.978601997146933
2000,1000,80,0.3,0.05,"a",FALSE,0.5,0,19,"26, 80, 77, 16","rf_probs",0,342,702,456,0.228,0.327586206896552,0,0.428571428571429,0.327586206896552,0.371335504885994,"rf_probs",0,115,225,134,0.242616033755274,0.338235294117647,0,0.461847389558233,0.338235294117647,0.390492359932088,"rf_probs",0,227,477,322,0.221247563352826,0.322443181818182,0,0.413479052823315,0.322443181818182,0.362330407023145
2000,1000,80,0.3,0.05,"a",FALSE,0.5,0,19,"26, 80, 77, 16","rf_class",433,1013,31,23,0.964,0.970306513409962,0.949561403508772,0.977799227799228,0.970306513409962,0.974038461538461,"rf_class",131,327,13,3,0.966244725738397,0.961764705882353,0.977611940298508,0.990909090909091,0.961764705882353,0.976119402985075,"rf_class",302,686,18,20,0.962962962962963,0.974431818181818,0.937888198757764,0.971671388101983,0.974431818181818,0.973049645390071
2000,1000,80,0.3,0.05,"a",FALSE,0.5,0,20,"5, 47, 39, 38","IRT",396,1037,35,32,0.955333333333333,0.967350746268657,0.925233644859813,0.970065481758653,0.967350746268657,0.968706212050444,"IRT",124,359,11,11,0.956435643564356,0.97027027027027,0.918518518518519,0.97027027027027,0.97027027027027,0.97027027027027,"IRT",272,678,24,21,0.954773869346734,0.965811965811966,0.928327645051195,0.969957081545064,0.965811965811966,0.967880085653105
2000,1000,80,0.3,0.05,"a",FALSE,0.5,0,20,"5, 47, 39, 38","rf_probs",0,385,687,428,0.256666666666667,0.359141791044776,0,0.473554735547355,0.359141791044776,0.408488063660478,"rf_probs",0,129,241,135,0.255445544554455,0.348648648648649,0,0.488636363636364,0.348648648648649,0.406940063091483,"rf_probs",0,256,446,293,0.257286432160804,0.364672364672365,0,0.466302367941712,0.364672364672365,0.409272581934452
2000,1000,80,0.3,0.05,"a",FALSE,0.5,0,20,"5, 47, 39, 38","rf_class",404,1025,47,24,0.952666666666667,0.95615671641791,0.94392523364486,0.977121067683508,0.95615671641791,0.966525223950967,"rf_class",128,355,15,7,0.956435643564356,0.959459459459459,0.948148148148148,0.980662983425414,0.959459459459459,0.969945355191257,"rf_class",276,670,32,17,0.950753768844221,0.954415954415954,0.9419795221843,0.975254730713246,0.954415954415954,0.964722822174226
2000,1000,80,0.3,0.05,"a",FALSE,0.5,0,21,"74, 46, 78, 17","IRT",414,1031,34,21,0.963333333333333,0.968075117370892,0.951724137931034,0.980038022813688,0.968075117370892,0.974019839395371,"IRT",139,339,12,2,0.971544715447154,0.965811965811966,0.985815602836879,0.994134897360704,0.965811965811966,0.979768786127168,"IRT",275,692,22,19,0.959325396825397,0.969187675070028,0.935374149659864,0.973277074542897,0.969187675070028,0.971228070175439
2000,1000,80,0.3,0.05,"a",FALSE,0.5,0,21,"74, 46, 78, 17","rf_probs",0,366,699,435,0.244,0.343661971830986,0,0.456928838951311,0.343661971830986,0.392282958199357,"rf_probs",0,124,227,141,0.252032520325203,0.353276353276353,0,0.467924528301887,0.353276353276353,0.402597402597403,"rf_probs",0,242,472,294,0.240079365079365,0.338935574229692,0,0.451492537313433,0.338935574229692,0.3872
2000,1000,80,0.3,0.05,"a",FALSE,0.5,0,21,"74, 46, 78, 17","rf_class",416,1020,45,19,0.957333333333333,0.957746478873239,0.95632183908046,0.981713185755534,0.957746478873239,0.96958174904943,"rf_class",141,336,15,0,0.969512195121951,0.957264957264957,1,1,0.957264957264957,0.978165938864629,"rf_class",275,684,30,19,0.951388888888889,0.957983193277311,0.935374149659864,0.972972972972973,0.957983193277311,0.965419901199718
2000,1000,80,0.3,0.05,"a",FALSE,0.5,0,22,"53, 46, 8, 49","IRT",443,1005,36,16,0.965333333333333,0.965417867435158,0.965141612200436,0.984329089128306,0.965417867435158,0.974781765276431,"IRT",133,338,11,5,0.967145790554415,0.968481375358166,0.963768115942029,0.985422740524781,0.968481375358166,0.976878612716763,"IRT",310,667,25,11,0.964461994076999,0.963872832369942,0.965732087227414,0.98377581120944,0.963872832369942,0.973722627737226
2000,1000,80,0.3,0.05,"a",FALSE,0.5,0,22,"53, 46, 8, 49","rf_probs",0,339,702,459,0.226,0.325648414985591,0,0.424812030075188,0.325648414985591,0.368678629690049,"rf_probs",0,116,233,138,0.238193018480493,0.332378223495702,0,0.456692913385827,0.332378223495702,0.384742951907131,"rf_probs",0,223,469,321,0.220138203356367,0.322254335260116,0,0.409926470588235,0.322254335260116,0.36084142394822
2000,1000,80,0.3,0.05,"a",FALSE,0.5,0,22,"53, 46, 8, 49","rf_class",429,1011,30,30,0.96,0.971181556195965,0.934640522875817,0.971181556195965,0.971181556195965,0.971181556195965,"rf_class",133,337,12,5,0.965092402464066,0.965616045845272,0.963768115942029,0.985380116959064,0.965616045845272,0.975397973950796,"rf_class",296,674,18,25,0.957551826258638,0.973988439306358,0.922118380062305,0.964234620886981,0.973988439306358,0.969086987778576
2000,1000,80,0.3,0.05,"a",FALSE,0.5,0,23,"10, 44, 66, 47","IRT",440,1020,32,8,0.973333333333333,0.96958174904943,0.982142857142857,0.992217898832685,0.96958174904943,0.980769230769231,"IRT",141,358,13,3,0.968932038834951,0.964959568733154,0.979166666666667,0.991689750692521,0.964959568733154,0.978142076502732,"IRT",299,662,19,5,0.975634517766497,0.972099853157122,0.983552631578947,0.992503748125937,0.972099853157122,0.982195845697329
2000,1000,80,0.3,0.05,"a",FALSE,0.5,0,23,"10, 44, 66, 47","rf_probs",0,342,710,448,0.228,0.325095057034221,0,0.432911392405063,0.325095057034221,0.371335504885994,"rf_probs",0,108,263,144,0.209708737864078,0.291105121293801,0,0.428571428571429,0.291105121293801,0.346709470304976,"rf_probs",0,234,447,304,0.23756345177665,0.343612334801762,0,0.434944237918216,0.343612334801762,0.383921246923708
2000,1000,80,0.3,0.05,"a",FALSE,0.5,0,23,"10, 44, 66, 47","rf_class",426,1022,30,22,0.965333333333333,0.97148288973384,0.950892857142857,0.978927203065134,0.97148288973384,0.975190839694657,"rf_class",138,357,14,6,0.961165048543689,0.962264150943396,0.958333333333333,0.983471074380165,0.962264150943396,0.97275204359673,"rf_class",288,665,16,16,0.96751269035533,0.976505139500734,0.947368421052632,0.976505139500734,0.976505139500734,0.976505139500734
2000,1000,80,0.3,0.05,"a",FALSE,0.5,0,24,"73, 77, 54, 48","IRT",430,1006,50,14,0.957333333333333,0.952651515151515,0.968468468468468,0.986274509803922,0.952651515151515,0.969171483622351,"IRT",136,336,19,8,0.945891783567134,0.946478873239437,0.944444444444444,0.976744186046512,0.946478873239437,0.96137339055794,"IRT",294,670,31,6,0.963036963036963,0.955777460770328,0.98,0.99112426035503,0.955777460770328,0.973129992737836
2000,1000,80,0.3,0.05,"a",FALSE,0.5,0,24,"73, 77, 54, 48","rf_probs",0,375,681,444,0.25,0.355113636363636,0,0.457875457875458,0.355113636363636,0.4,"rf_probs",0,131,224,144,0.2625250501002,0.369014084507042,0,0.476363636363636,0.369014084507042,0.415873015873016,"rf_probs",0,244,457,300,0.243756243756244,0.348074179743224,0,0.448529411764706,0.348074179743224,0.391967871485944
2000,1000,80,0.3,0.05,"a",FALSE,0.5,0,24,"73, 77, 54, 48","rf_class",418,1018,38,26,0.957333333333333,0.964015151515151,0.941441441441441,0.975095785440613,0.964015151515151,0.96952380952381,"rf_class",130,341,14,14,0.943887775551102,0.96056338028169,0.902777777777778,0.96056338028169,0.96056338028169,0.96056338028169,"rf_class",288,677,24,12,0.964035964035964,0.965763195435093,0.96,0.982583454281567,0.965763195435093,0.97410071942446
2000,1000,80,0.3,0.05,"a",FALSE,0.5,0,25,"23, 38, 62, 70","IRT",441,1009,33,17,0.966666666666667,0.968330134357006,0.962882096069869,0.983430799220273,0.968330134357006,0.975822050290135,"IRT",154,348,9,5,0.972868217054264,0.974789915966387,0.968553459119497,0.985835694050991,0.974789915966387,0.980281690140845,"IRT",287,661,24,12,0.963414634146341,0.964963503649635,0.959866220735786,0.982169390787519,0.964963503649635,0.973490427098674
2000,1000,80,0.3,0.05,"a",FALSE,0.5,0,25,"23, 38, 62, 70","rf_probs",0,340,702,458,0.226666666666667,0.326295585412668,0,0.426065162907268,0.326295585412668,0.369565217391304,"rf_probs",0,108,249,159,0.209302325581395,0.302521008403361,0,0.404494382022472,0.302521008403361,0.346153846153846,"rf_probs",0,232,453,299,0.235772357723577,0.338686131386861,0,0.436911487758945,0.338686131386861,0.381578947368421
2000,1000,80,0.3,0.05,"a",FALSE,0.5,0,25,"23, 38, 62, 70","rf_class",435,1010,32,23,0.963333333333333,0.969289827255278,0.949781659388646,0.977734753146176,0.969289827255278,0.973493975903615,"rf_class",153,346,11,6,0.967054263565892,0.969187675070028,0.962264150943396,0.982954545454545,0.969187675070028,0.976022566995769,"rf_class",282,664,21,17,0.961382113821138,0.969343065693431,0.94314381270903,0.97503671071953,0.969343065693431,0.972181551976574
2000,1000,80,0.3,0.05,"a",FALSE,0.5,0,26,"9, 45, 44, 18","IRT",444,1008,29,19,0.968,0.972034715525555,0.958963282937365,0.981499513145083,0.972034715525555,0.976744186046512,"IRT",160,344,9,4,0.974854932301741,0.974504249291785,0.975609756097561,0.988505747126437,0.974504249291785,0.981455064194009,"IRT",284,664,20,15,0.964394710071211,0.970760233918129,0.949832775919732,0.977908689248895,0.970760233918129,0.974321349963316
2000,1000,80,0.3,0.05,"a",FALSE,0.5,0,26,"9, 45, 44, 18","rf_probs",0,349,688,463,0.232666666666667,0.336547733847637,0,0.429802955665025,0.336547733847637,0.377501352082207,"rf_probs",0,117,236,164,0.226305609284333,0.331444759206799,0,0.416370106761566,0.331444759206799,0.369085173501577,"rf_probs",0,232,452,299,0.236012207527976,0.339181286549708,0,0.436911487758945,0.339181286549708,0.381893004115226
2000,1000,80,0.3,0.05,"a",FALSE,0.5,0,26,"9, 45, 44, 18","rf_class",436,997,40,27,0.955333333333333,0.961427193828351,0.941684665226782,0.9736328125,0.961427193828351,0.967491508976225,"rf_class",157,341,12,7,0.963249516441006,0.96600566572238,0.957317073170732,0.979885057471264,0.96600566572238,0.972895863052782,"rf_class",279,656,28,20,0.95116988809766,0.95906432748538,0.933110367892977,0.970414201183432,0.95906432748538,0.964705882352941
2000,1000,80,0.3,0.05,"a",FALSE,0.5,0,27,"28, 20, 49, 61","IRT",429,999,60,12,0.952,0.943342776203966,0.972789115646258,0.98813056379822,0.943342776203966,0.965217391304348,"IRT",152,338,13,2,0.97029702970297,0.962962962962963,0.987012987012987,0.994117647058824,0.962962962962963,0.978292329956585,"IRT",277,661,47,10,0.942713567839196,0.93361581920904,0.965156794425087,0.985096870342772,0.93361581920904,0.958665699782451
2000,1000,80,0.3,0.05,"a",FALSE,0.5,0,27,"28, 20, 49, 61","rf_probs",0,389,670,441,0.259333333333333,0.367327667610954,0,0.468674698795181,0.367327667610954,0.411858125992589,"rf_probs",0,126,225,154,0.24950495049505,0.358974358974359,0,0.45,0.358974358974359,0.399366085578447,"rf_probs",0,263,445,287,0.264321608040201,0.371468926553672,0,0.478181818181818,0.371468926553672,0.4181240063593
2000,1000,80,0.3,0.05,"a",FALSE,0.5,0,27,"28, 20, 49, 61","rf_class",428,1010,49,13,0.958666666666667,0.953729933899906,0.970521541950113,0.987292277614858,0.953729933899906,0.970220941402498,"rf_class",152,337,14,2,0.968316831683168,0.96011396011396,0.987012987012987,0.994100294985251,0.96011396011396,0.976811594202899,"rf_class",276,673,35,11,0.953768844221106,0.950564971751412,0.961672473867596,0.983918128654971,0.950564971751412,0.966954022988506
2000,1000,80,0.3,0.05,"a",FALSE,0.5,0,28,"80, 43, 78, 68","IRT",442,990,49,19,0.954666666666667,0.95283926852743,0.958785249457701,0.981169474727453,0.95283926852743,0.966796875,"IRT",152,334,18,8,0.94921875,0.948863636363636,0.95,0.976608187134503,0.948863636363636,0.962536023054755,"IRT",290,656,31,11,0.95748987854251,0.954876273653566,0.963455149501661,0.983508245877061,0.954876273653566,0.968980797636632
2000,1000,80,0.3,0.05,"a",FALSE,0.5,0,28,"80, 43, 78, 68","rf_probs",0,363,676,461,0.242,0.349374398460058,0,0.440533980582524,0.349374398460058,0.389694041867955,"rf_probs",0,130,222,160,0.25390625,0.369318181818182,0,0.448275862068966,0.369318181818182,0.404984423676012,"rf_probs",0,233,454,301,0.23582995951417,0.339155749636099,0,0.436329588014981,0.339155749636099,0.381654381654382
2000,1000,80,0.3,0.05,"a",FALSE,0.5,0,28,"80, 43, 78, 68","rf_class",427,1000,39,34,0.951333333333333,0.962463907603465,0.926247288503254,0.967117988394584,0.962463907603465,0.964785335262904,"rf_class",148,340,12,12,0.953125,0.965909090909091,0.925,0.965909090909091,0.965909090909091,0.965909090909091,"rf_class",279,660,27,22,0.950404858299595,0.960698689956332,0.926910299003322,0.967741935483871,0.960698689956332,0.964207450693937
2000,1000,80,0.3,0.05,"a",FALSE,0.5,0,29,"77, 65, 80, 37","IRT",451,991,37,21,0.961333333333333,0.964007782101167,0.955508474576271,0.979249011857708,0.964007782101167,0.97156862745098,"IRT",147,336,11,7,0.964071856287425,0.968299711815562,0.954545454545455,0.979591836734694,0.968299711815562,0.973913043478261,"IRT",304,655,26,14,0.95995995995996,0.961820851688693,0.955974842767296,0.979073243647235,0.961820851688693,0.97037037037037
2000,1000,80,0.3,0.05,"a",FALSE,0.5,0,29,"77, 65, 80, 37","rf_probs",0,350,678,472,0.233333333333333,0.340466926070039,0,0.425790754257908,0.340466926070039,0.378378378378378,"rf_probs",0,119,228,154,0.2375249500998,0.342939481268012,0,0.435897435897436,0.342939481268012,0.383870967741935,"rf_probs",0,231,450,318,0.231231231231231,0.33920704845815,0,0.420765027322404,0.33920704845815,0.375609756097561
2000,1000,80,0.3,0.05,"a",FALSE,0.5,0,29,"77, 65, 80, 37","rf_class",438,1007,21,34,0.963333333333333,0.979571984435798,0.927966101694915,0.967339097022094,0.979571984435798,0.973417109714838,"rf_class",143,341,6,11,0.966067864271457,0.982708933717579,0.928571428571429,0.96875,0.982708933717579,0.975679542203147,"rf_class",295,666,15,23,0.961961961961962,0.977973568281938,0.927672955974843,0.966618287373004,0.977973568281938,0.972262773722628
2000,1000,80,0.3,0.05,"a",FALSE,0.5,0,30,"28, 4, 73, 54","IRT",444,998,37,21,0.961333333333333,0.964251207729469,0.954838709677419,0.979391560353288,0.964251207729469,0.971762414800389,"IRT",156,337,11,7,0.964774951076321,0.968390804597701,0.957055214723926,0.979651162790698,0.968390804597701,0.973988439306358,"IRT",288,661,26,14,0.959555106167846,0.962154294032023,0.95364238410596,0.979259259259259,0.962154294032023,0.970631424375918
2000,1000,80,0.3,0.05,"a",FALSE,0.5,0,30,"28, 4, 73, 54","rf_probs",0,377,658,465,0.251333333333333,0.364251207729469,0,0.447743467933492,0.364251207729469,0.401704848161961,"rf_probs",0,110,238,163,0.215264187866928,0.316091954022989,0,0.402930402930403,0.316091954022989,0.35426731078905,"rf_probs",0,267,420,302,0.269969666329626,0.388646288209607,0,0.469244288224956,0.388646288209607,0.42515923566879
2000,1000,80,0.3,0.05,"a",FALSE,0.5,0,30,"28, 4, 73, 54","rf_class",440,999,36,25,0.959333333333333,0.965217391304348,0.946236559139785,0.9755859375,0.965217391304348,0.970373967945605,"rf_class",154,340,8,9,0.966731898238748,0.977011494252874,0.94478527607362,0.974212034383954,0.977011494252874,0.975609756097561,"rf_class",286,659,28,16,0.955510616784631,0.95924308588064,0.947019867549669,0.976296296296296,0.95924308588064,0.96769456681351
2000,1000,80,0.3,0.05,"a",FALSE,0.5,0,31,"36, 71, 73, 43","IRT",443,993,50,14,0.957333333333333,0.952061361457335,0.969365426695842,0.98609731876862,0.952061361457335,0.968780487804878,"IRT",144,314,20,6,0.946280991735537,0.940119760479042,0.96,0.98125,0.940119760479042,0.960244648318043,"IRT",299,679,30,8,0.96259842519685,0.957686882933709,0.973941368078176,0.988355167394469,0.957686882933709,0.972779369627507
2000,1000,80,0.3,0.05,"a",FALSE,0.5,0,31,"36, 71, 73, 43","rf_probs",0,354,689,457,0.236,0.339405560882071,0,0.436498150431566,0.339405560882071,0.381877022653722,"rf_probs",0,111,223,150,0.229338842975207,0.332335329341317,0,0.425287356321839,0.332335329341317,0.373109243697479,"rf_probs",0,243,466,307,0.239173228346457,0.342736248236953,0,0.441818181818182,0.342736248236953,0.386020651310564
2000,1000,80,0.3,0.05,"a",FALSE,0.5,0,31,"36, 71, 73, 43","rf_class",438,997,46,19,0.956666666666667,0.955896452540748,0.958424507658643,0.981299212598425,0.955896452540748,0.968431277319087,"rf_class",140,312,22,10,0.933884297520661,0.934131736526946,0.933333333333333,0.968944099378882,0.934131736526946,0.951219512195122,"rf_class",298,685,24,9,0.96751968503937,0.966149506346968,0.970684039087948,0.987031700288184,0.966149506346968,0.97647897362794
2000,1000,80,0.3,0.05,"a",FALSE,0.5,0,32,"10, 29, 24, 39","IRT",444,987,55,14,0.954,0.94721689059501,0.96943231441048,0.986013986013986,0.94721689059501,0.966226138032305,"IRT",156,334,17,6,0.955165692007797,0.951566951566952,0.962962962962963,0.982352941176471,0.951566951566952,0.96671490593343,"IRT",288,653,38,8,0.95339412360689,0.945007235890014,0.972972972972973,0.987897125567322,0.945007235890014,0.965976331360947
2000,1000,80,0.3,0.05,"a",FALSE,0.5,0,32,"10, 29, 24, 39","rf_probs",0,382,660,458,0.254666666666667,0.366602687140115,0,0.454761904761905,0.366602687140115,0.405951115834219,"rf_probs",0,137,214,162,0.267056530214425,0.39031339031339,0,0.45819397993311,0.39031339031339,0.421538461538462,"rf_probs",0,245,446,296,0.24822695035461,0.354558610709117,0,0.452865064695009,0.354558610709117,0.397727272727273
2000,1000,80,0.3,0.05,"a",FALSE,0.5,0,32,"10, 29, 24, 39","rf_class",434,997,45,24,0.954,0.956813819577735,0.947598253275109,0.976493633692458,0.956813819577735,0.966553562772661,"rf_class",148,338,13,14,0.947368421052632,0.962962962962963,0.91358024691358,0.960227272727273,0.962962962962963,0.961593172119488,"rf_class",286,659,32,10,0.957446808510638,0.953690303907381,0.966216216216216,0.985052316890882,0.953690303907381,0.969117647058824
2000,1000,80,0.3,0.05,"a",FALSE,0.5,0,33,"22, 43, 20, 51","IRT",437,1010,35,18,0.964666666666667,0.966507177033493,0.96043956043956,0.982490272373541,0.966507177033493,0.974433188615533,"IRT",135,333,7,4,0.977035490605428,0.979411764705882,0.971223021582734,0.98813056379822,0.979411764705882,0.983751846381093,"IRT",302,677,28,14,0.958863858961802,0.960283687943262,0.955696202531646,0.979739507959479,0.960283687943262,0.969914040114613
2000,1000,80,0.3,0.05,"a",FALSE,0.5,0,33,"22, 43, 20, 51","rf_probs",0,328,717,455,0.218666666666667,0.313875598086124,0,0.418901660280971,0.313875598086124,0.358862144420131,"rf_probs",0,96,244,139,0.200417536534447,0.282352941176471,0,0.408510638297872,0.282352941176471,0.333913043478261,"rf_probs",0,232,473,316,0.227228207639569,0.329078014184397,0,0.423357664233577,0.329078014184397,0.370311252992817
2000,1000,80,0.3,0.05,"a",FALSE,0.5,0,33,"22, 43, 20, 51","rf_class",425,1009,36,30,0.956,0.96555023923445,0.934065934065934,0.971126082771896,0.96555023923445,0.968330134357006,"rf_class",131,332,8,8,0.966597077244259,0.976470588235294,0.942446043165468,0.976470588235294,0.976470588235294,0.976470588235294,"rf_class",294,677,28,22,0.951028403525955,0.960283687943262,0.930379746835443,0.968526466380544,0.960283687943262,0.964387464387464
2000,1000,80,0.3,0.05,"a",FALSE,0.5,0,34,"48, 68, 16, 61","IRT",436,1008,44,12,0.962666666666667,0.958174904942966,0.973214285714286,0.988235294117647,0.958174904942966,0.972972972972973,"IRT",138,332,13,4,0.965092402464066,0.96231884057971,0.971830985915493,0.988095238095238,0.96231884057971,0.97503671071953,"IRT",298,676,31,8,0.961500493583416,0.956152758132956,0.973856209150327,0.988304093567251,0.956152758132956,0.97196261682243
2000,1000,80,0.3,0.05,"a",FALSE,0.5,0,34,"48, 68, 16, 61","rf_probs",0,373,679,448,0.248666666666667,0.354562737642586,0,0.454323995127893,0.354562737642586,0.398291510945008,"rf_probs",0,130,215,142,0.26694045174538,0.376811594202899,0,0.477941176470588,0.376811594202899,0.421393841166937,"rf_probs",0,243,464,306,0.239881539980257,0.343705799151344,0,0.442622950819672,0.343705799151344,0.386942675159236
2000,1000,80,0.3,0.05,"a",FALSE,0.5,0,34,"48, 68, 16, 61","rf_class",425,1012,40,23,0.958,0.961977186311787,0.948660714285714,0.977777777777778,0.961977186311787,0.969813128893148,"rf_class",134,332,13,8,0.956878850102669,0.96231884057971,0.943661971830986,0.976470588235294,0.96231884057971,0.969343065693431,"rf_class",291,680,27,15,0.958538993089832,0.961810466760962,0.950980392156863,0.97841726618705,0.961810466760962,0.970042796005706
2000,1000,80,0.3,0.05,"a",FALSE,0.5,0,35,"66, 27, 51, 79","IRT",428,1028,18,26,0.970666666666667,0.982791586998088,0.94273127753304,0.975332068311195,0.982791586998088,0.979047619047619,"IRT",150,342,6,5,0.978131212723658,0.982758620689655,0.967741935483871,0.985590778097983,0.982758620689655,0.984172661870504,"IRT",278,686,12,21,0.966900702106319,0.982808022922636,0.929765886287625,0.97029702970297,0.982808022922636,0.976512455516014
2000,1000,80,0.3,0.05,"a",FALSE,0.5,0,35,"66, 27, 51, 79","rf_probs",0,334,712,454,0.222666666666667,0.319311663479924,0,0.423857868020305,0.319311663479924,0.36423118865867,"rf_probs",0,109,239,155,0.216699801192843,0.313218390804598,0,0.412878787878788,0.313218390804598,0.356209150326797,"rf_probs",0,225,473,299,0.22567703109328,0.322349570200573,0,0.429389312977099,0.322349570200573,0.368248772504092
2000,1000,80,0.3,0.05,"a",FALSE,0.5,0,35,"66, 27, 51, 79","rf_class",427,1020,26,27,0.964666666666667,0.975143403441683,0.940528634361233,0.974212034383954,0.975143403441683,0.974677496416627,"rf_class",149,339,9,6,0.970178926441352,0.974137931034483,0.961290322580645,0.982608695652174,0.974137931034483,0.978354978354978,"rf_class",278,681,17,21,0.961885656970913,0.975644699140401,0.929765886287625,0.97008547008547,0.975644699140401,0.972857142857143
2000,1000,80,0.3,0.05,"a",FALSE,0.5,0,36,"33, 70, 44, 58","IRT",425,1025,34,16,0.966666666666667,0.967894239848914,0.963718820861678,0.984630163304515,0.967894239848914,0.976190476190476,"IRT",135,330,10,2,0.974842767295597,0.970588235294118,0.985401459854015,0.993975903614458,0.970588235294118,0.982142857142857,"IRT",290,695,24,14,0.962854349951124,0.966620305980529,0.953947368421053,0.980253878702398,0.966620305980529,0.973389355742297
2000,1000,80,0.3,0.05,"a",FALSE,0.5,0,36,"33, 70, 44, 58","rf_probs",0,363,696,441,0.242,0.342776203966006,0,0.451492537313433,0.342776203966006,0.389694041867955,"rf_probs",0,107,233,137,0.224318658280922,0.314705882352941,0,0.438524590163934,0.314705882352941,0.366438356164384,"rf_probs",0,256,463,304,0.250244379276637,0.356050069541029,0,0.457142857142857,0.356050069541029,0.400312744331509
2000,1000,80,0.3,0.05,"a",FALSE,0.5,0,36,"33, 70, 44, 58","rf_class",427,1013,46,14,0.96,0.956562795089707,0.968253968253968,0.986368062317429,0.956562795089707,0.971236816874401,"rf_class",135,327,13,2,0.968553459119497,0.961764705882353,0.985401459854015,0.993920972644377,0.961764705882353,0.977578475336323,"rf_class",292,686,33,12,0.956011730205279,0.954102920723227,0.960526315789474,0.982808022922636,0.954102920723227,0.968242766407904
2000,1000,80,0.3,0.05,"a",FALSE,0.5,0,37,"55, 12, 18, 48","IRT",428,1007,59,6,0.956666666666667,0.944652908067542,0.986175115207373,0.994076999012833,0.944652908067542,0.968734968734969,"IRT",135,323,18,2,0.9581589958159,0.947214076246334,0.985401459854015,0.993846153846154,0.947214076246334,0.96996996996997,"IRT",293,684,41,4,0.955968688845401,0.943448275862069,0.986531986531986,0.994186046511628,0.943448275862069,0.968152866242038
2000,1000,80,0.3,0.05,"a",FALSE,0.5,0,37,"55, 12, 18, 48","rf_probs",0,347,719,434,0.231333333333333,0.325515947467167,0,0.444302176696543,0.325515947467167,0.375744450460206,"rf_probs",0,105,236,137,0.219665271966527,0.30791788856305,0,0.433884297520661,0.30791788856305,0.360205831903945,"rf_probs",0,242,483,297,0.23679060665362,0.333793103448276,0,0.448979591836735,0.333793103448276,0.382911392405063
2000,1000,80,0.3,0.05,"a",FALSE,0.5,0,37,"55, 12, 18, 48","rf_class",410,1020,46,24,0.953333333333333,0.956848030018762,0.944700460829493,0.977011494252874,0.956848030018762,0.966824644549763,"rf_class",128,323,18,9,0.943514644351464,0.947214076246334,0.934306569343066,0.97289156626506,0.947214076246334,0.959881129271917,"rf_class",282,697,28,15,0.957925636007828,0.961379310344828,0.94949494949495,0.978932584269663,0.961379310344828,0.970076548364649
2000,1000,80,0.3,0.05,"a",FALSE,0.5,0,38,"71, 65, 6, 14","IRT",446,1003,41,10,0.966,0.960727969348659,0.978070175438597,0.990128331688055,0.960727969348659,0.975206611570248,"IRT",153,342,15,4,0.963035019455253,0.957983193277311,0.974522292993631,0.988439306358382,0.957983193277311,0.972972972972973,"IRT",293,661,26,6,0.967545638945233,0.962154294032023,0.979933110367893,0.991004497751124,0.962154294032023,0.976366322008863
2000,1000,80,0.3,0.05,"a",FALSE,0.5,0,38,"71, 65, 6, 14","rf_probs",0,373,671,456,0.248666666666667,0.35727969348659,0,0.449939686369119,0.35727969348659,0.398291510945008,"rf_probs",0,127,230,157,0.247081712062257,0.355742296918768,0,0.447183098591549,0.355742296918768,0.396255850234009,"rf_probs",0,246,441,299,0.249492900608519,0.358078602620087,0,0.451376146788991,0.358078602620087,0.399350649350649
2000,1000,80,0.3,0.05,"a",FALSE,0.5,0,38,"71, 65, 6, 14","rf_class",435,1013,31,21,0.965333333333333,0.970306513409962,0.953947368421053,0.979690522243714,0.970306513409962,0.97497593840231,"rf_class",152,351,6,5,0.978599221789883,0.983193277310924,0.968152866242038,0.985955056179775,0.983193277310924,0.984572230014025,"rf_class",283,662,25,16,0.95841784989858,0.963609898107715,0.946488294314381,0.976401179941003,0.963609898107715,0.96996336996337
2000,1000,80,0.3,0.05,"a",FALSE,0.5,0,39,"18, 41, 40, 78","IRT",424,1020,36,20,0.962666666666667,0.965909090909091,0.954954954954955,0.980769230769231,0.965909090909091,0.973282442748092,"IRT",159,338,13,5,0.96504854368932,0.962962962962963,0.969512195121951,0.985422740524781,0.962962962962963,0.974063400576369,"IRT",265,682,23,15,0.961421319796954,0.967375886524823,0.946428571428571,0.978479196556671,0.967375886524823,0.972895863052782
2000,1000,80,0.3,0.05,"a",FALSE,0.5,0,39,"18, 41, 40, 78","rf_probs",0,391,665,444,0.260666666666667,0.370265151515151,0,0.468263473053892,0.370265151515151,0.413537810682179,"rf_probs",0,138,213,164,0.267961165048544,0.393162393162393,0,0.456953642384106,0.393162393162393,0.422664624808576,"rf_probs",0,253,452,280,0.256852791878173,0.35886524822695,0,0.474671669793621,0.35886524822695,0.408723747980614
2000,1000,80,0.3,0.05,"a",FALSE,0.5,0,39,"18, 41, 40, 78","rf_class",410,1032,24,34,0.961333333333333,0.977272727272727,0.923423423423423,0.968105065666041,0.977272727272727,0.972667295004713,"rf_class",157,340,11,7,0.96504854368932,0.968660968660969,0.957317073170732,0.979827089337176,0.968660968660969,0.974212034383954,"rf_class",253,692,13,27,0.959390862944162,0.981560283687943,0.903571428571429,0.962447844228095,0.981560283687943,0.97191011235955
2000,1000,80,0.3,0.05,"a",FALSE,0.5,0,40,"76, 49, 54, 43","IRT",441,1010,37,12,0.967333333333333,0.964660936007641,0.973509933774834,0.98825831702544,0.964660936007641,0.97631706138231,"IRT",147,336,8,4,0.975757575757576,0.976744186046512,0.973509933774834,0.988235294117647,0.976744186046512,0.982456140350877,"IRT",294,674,29,8,0.96318407960199,0.958748221906117,0.973509933774834,0.988269794721408,0.958748221906117,0.973285198555957
2000,1000,80,0.3,0.05,"a",FALSE,0.5,0,40,"76, 49, 54, 43","rf_probs",0,367,680,453,0.244666666666667,0.350525310410697,0,0.447560975609756,0.350525310410697,0.393144081414033,"rf_probs",0,112,232,151,0.226262626262626,0.325581395348837,0,0.425855513307985,0.325581395348837,0.369028006589786,"rf_probs",0,255,448,302,0.253731343283582,0.362731152204836,0,0.457809694793537,0.362731152204836,0.404761904761905
2000,1000,80,0.3,0.05,"a",FALSE,0.5,0,40,"76, 49, 54, 43","rf_class",428,1013,34,25,0.960666666666667,0.967526265520535,0.944812362030905,0.975915221579961,0.967526265520535,0.971702637889688,"rf_class",143,335,9,8,0.965656565656566,0.973837209302326,0.947019867549669,0.97667638483965,0.973837209302326,0.975254730713246,"rf_class",285,678,25,17,0.958208955223881,0.964438122332859,0.943708609271523,0.975539568345324,0.964438122332859,0.969957081545064
2000,1000,80,0.3,0.05,"a",FALSE,0.5,0,41,"37, 13, 67, 7","IRT",414,1028,46,12,0.961333333333333,0.957169459962756,0.971830985915493,0.988461538461539,0.957169459962756,0.972563859981079,"IRT",124,355,14,3,0.965725806451613,0.962059620596206,0.976377952755906,0.991620111731844,0.962059620596206,0.976616231086658,"IRT",290,673,32,9,0.959163346613546,0.954609929078014,0.969899665551839,0.986803519061584,0.954609929078014,0.970439798125451
2000,1000,80,0.3,0.05,"a",FALSE,0.5,0,41,"37, 13, 67, 7","rf_probs",0,414,660,426,0.276,0.385474860335196,0,0.492857142857143,0.385474860335196,0.432601880877743,"rf_probs",0,142,227,127,0.286290322580645,0.384823848238482,0,0.527881040892193,0.384823848238482,0.445141065830721,"rf_probs",0,272,433,299,0.270916334661355,0.385815602836879,0,0.476357267950963,0.385815602836879,0.426332288401254
2000,1000,80,0.3,0.05,"a",FALSE,0.5,0,41,"37, 13, 67, 7","rf_class",405,1033,41,21,0.958666666666667,0.961824953445065,0.950704225352113,0.980075901328273,0.961824953445065,0.970864661654135,"rf_class",121,351,18,6,0.951612903225806,0.951219512195122,0.952755905511811,0.983193277310924,0.951219512195122,0.96694214876033,"rf_class",284,682,23,15,0.962151394422311,0.967375886524823,0.949832775919732,0.978479196556671,0.967375886524823,0.972895863052782
2000,1000,80,0.3,0.05,"a",FALSE,0.5,0,42,"11, 38, 40, 15","IRT",419,1029,29,23,0.965333333333333,0.972589792060491,0.947963800904977,0.978136882129278,0.972589792060491,0.975355450236967,"IRT",126,344,11,4,0.969072164948454,0.969014084507042,0.969230769230769,0.988505747126437,0.969014084507042,0.978662873399716,"IRT",293,685,18,19,0.963546798029557,0.974395448079659,0.939102564102564,0.973011363636364,0.974395448079659,0.973702914001421
2000,1000,80,0.3,0.05,"a",FALSE,0.5,0,42,"11, 38, 40, 15","rf_probs",0,376,682,442,0.250666666666667,0.35538752362949,0,0.459657701711491,0.35538752362949,0.400852878464819,"rf_probs",0,136,219,130,0.280412371134021,0.383098591549296,0,0.511278195488722,0.383098591549296,0.438003220611916,"rf_probs",0,240,463,312,0.236453201970443,0.341394025604552,0,0.434782608695652,0.341394025604552,0.382470119521912
2000,1000,80,0.3,0.05,"a",FALSE,0.5,0,42,"11, 38, 40, 15","rf_class",425,1015,43,17,0.96,0.959357277882798,0.961538461538462,0.983527131782946,0.959357277882798,0.971291866028708,"rf_class",126,340,15,4,0.960824742268041,0.957746478873239,0.969230769230769,0.988372093023256,0.957746478873239,0.972818311874106,"rf_class",299,675,28,13,0.959605911330049,0.960170697012802,0.958333333333333,0.981104651162791,0.960170697012802,0.970524802300503
2000,1000,80,0.3,0.05,"a",FALSE,0.5,0,43,"37, 1, 76, 17","IRT",447,986,54,13,0.955333333333333,0.948076923076923,0.971739130434783,0.986986986986987,0.948076923076923,0.967140755272192,"IRT",142,346,23,5,0.945736434108527,0.937669376693767,0.965986394557823,0.985754985754986,0.937669376693767,0.961111111111111,"IRT",305,640,31,8,0.960365853658537,0.953800298062593,0.97444089456869,0.987654320987654,0.953800298062593,0.970432145564822
2000,1000,80,0.3,0.05,"a",FALSE,0.5,0,43,"37, 1, 76, 17","rf_probs",0,372,668,460,0.248,0.357692307692308,0,0.447115384615385,0.357692307692308,0.397435897435897,"rf_probs",0,127,242,147,0.246124031007752,0.344173441734417,0,0.463503649635036,0.344173441734417,0.3950233281493,"rf_probs",0,245,426,313,0.248983739837398,0.365126676602086,0,0.439068100358423,0.365126676602086,0.398698128559805
2000,1000,80,0.3,0.05,"a",FALSE,0.5,0,43,"37, 1, 76, 17","rf_class",420,1013,27,40,0.955333333333333,0.974038461538462,0.91304347826087,0.962013295346629,0.974038461538462,0.967988533205925,"rf_class",132,358,11,15,0.949612403100775,0.970189701897019,0.897959183673469,0.959785522788204,0.970189701897019,0.964959568733154,"rf_class",288,655,16,25,0.958333333333333,0.976154992548435,0.920127795527157,0.963235294117647,0.976154992548435,0.969652109548483
2000,1000,80,0.3,0.05,"a",FALSE,0.5,0,44,"27, 26, 19, 1","IRT",432,1016,39,13,0.965333333333333,0.96303317535545,0.970786516853933,0.987366375121477,0.96303317535545,0.975047984644914,"IRT",158,313,12,4,0.967145790554415,0.963076923076923,0.975308641975309,0.987381703470032,0.963076923076923,0.975077881619938,"IRT",274,703,27,9,0.964461994076999,0.963013698630137,0.968197879858657,0.987359550561798,0.963013698630137,0.9750346740638
2000,1000,80,0.3,0.05,"a",FALSE,0.5,0,44,"27, 26, 19, 1","rf_probs",0,341,714,445,0.227333333333333,0.323222748815166,0,0.433842239185751,0.323222748815166,0.370450841933732,"rf_probs",0,103,222,162,0.211498973305955,0.316923076923077,0,0.388679245283019,0.316923076923077,0.349152542372881,"rf_probs",0,238,492,283,0.234945705824284,0.326027397260274,0,0.456813819577735,0.326027397260274,0.380495603517186
2000,1000,80,0.3,0.05,"a",FALSE,0.5,0,44,"27, 26, 19, 1","rf_class",419,1028,27,26,0.964666666666667,0.974407582938389,0.941573033707865,0.975332068311195,0.974407582938389,0.974869606448554,"rf_class",155,315,10,7,0.965092402464066,0.969230769230769,0.95679012345679,0.978260869565217,0.969230769230769,0.973724884080371,"rf_class",264,713,17,19,0.964461994076999,0.976712328767123,0.932862190812721,0.974043715846995,0.976712328767123,0.975376196990424
2000,1000,80,0.3,0.05,"a",FALSE,0.5,0,45,"33, 2, 55, 29","IRT",452,994,34,20,0.964,0.966926070038911,0.957627118644068,0.980276134122288,0.966926070038911,0.973555337904016,"IRT",143,324,11,7,0.962886597938144,0.967164179104478,0.953333333333333,0.978851963746224,0.967164179104478,0.972972972972973,"IRT",309,670,23,13,0.964532019704433,0.966810966810967,0.959627329192547,0.980966325036603,0.966810966810967,0.973837209302326
2000,1000,80,0.3,0.05,"a",FALSE,0.5,0,45,"33, 2, 55, 29","rf_probs",0,354,674,472,0.236,0.344357976653696,0,0.428571428571429,0.344357976653696,0.381877022653722,"rf_probs",0,111,224,150,0.228865979381443,0.33134328358209,0,0.425287356321839,0.33134328358209,0.37248322147651,"rf_probs",0,243,450,322,0.239408866995074,0.350649350649351,0,0.430088495575221,0.350649350649351,0.386327503974563
2000,1000,80,0.3,0.05,"a",FALSE,0.5,0,45,"33, 2, 55, 29","rf_class",438,999,29,34,0.958,0.971789883268482,0.927966101694915,0.967086156824782,0.971789883268482,0.96943231441048,"rf_class",140,327,8,10,0.962886597938144,0.976119402985075,0.933333333333333,0.970326409495549,0.976119402985075,0.973214285714286,"rf_class",298,672,21,24,0.955665024630542,0.96969696969697,0.925465838509317,0.96551724137931,0.96969696969697,0.967602591792657
2000,1000,80,0.3,0.05,"a",FALSE,0.5,0,46,"54, 59, 17, 40","IRT",416,1038,24,22,0.969333333333333,0.977401129943503,0.949771689497717,0.979245283018868,0.977401129943503,0.978322337417531,"IRT",141,363,3,8,0.978640776699029,0.991803278688525,0.946308724832215,0.978436657681941,0.991803278688525,0.985074626865672,"IRT",275,675,21,14,0.964467005076142,0.969827586206897,0.951557093425606,0.979680696661829,0.969827586206897,0.974729241877256
2000,1000,80,0.3,0.05,"a",FALSE,0.5,0,46,"54, 59, 17, 40","rf_probs",0,416,646,438,0.277333333333333,0.391713747645951,0,0.48711943793911,0.391713747645951,0.434237995824635,"rf_probs",0,126,240,149,0.244660194174757,0.344262295081967,0,0.458181818181818,0.344262295081967,0.393135725429017,"rf_probs",0,290,406,289,0.294416243654822,0.416666666666667,0,0.500863557858377,0.416666666666667,0.454901960784314
2000,1000,80,0.3,0.05,"a",FALSE,0.5,0,46,"54, 59, 17, 40","rf_class",409,1030,32,29,0.959333333333333,0.969868173258004,0.9337899543379,0.97261567516525,0.969868173258004,0.971239981140971,"rf_class",140,360,6,9,0.970873786407767,0.983606557377049,0.939597315436242,0.975609756097561,0.983606557377049,0.979591836734694,"rf_class",269,670,26,20,0.953299492385787,0.96264367816092,0.930795847750865,0.971014492753623,0.96264367816092,0.966810966810967
2000,1000,80,0.3,0.05,"a",FALSE,0.5,0,47,"7, 35, 74, 14","IRT",439,990,65,6,0.952666666666667,0.938388625592417,0.986516853932584,0.993975903614458,0.938388625592417,0.965382740126768,"IRT",154,322,23,2,0.950099800399202,0.933333333333333,0.987179487179487,0.993827160493827,0.933333333333333,0.962630792227205,"IRT",285,668,42,4,0.953953953953954,0.940845070422535,0.986159169550173,0.994047619047619,0.940845070422535,0.96671490593343
2000,1000,80,0.3,0.05,"a",FALSE,0.5,0,47,"7, 35, 74, 14","rf_probs",0,360,695,445,0.24,0.341232227488152,0,0.447204968944099,0.341232227488152,0.387096774193548,"rf_probs",0,116,229,156,0.231536926147705,0.336231884057971,0,0.426470588235294,0.336231884057971,0.376012965964344,"rf_probs",0,244,466,289,0.244244244244244,0.343661971830986,0,0.457786116322702,0.343661971830986,0.392598551890587
2000,1000,80,0.3,0.05,"a",FALSE,0.5,0,47,"7, 35, 74, 14","rf_class",415,1021,34,30,0.957333333333333,0.967772511848341,0.932584269662921,0.971455756422455,0.967772511848341,0.969610636277303,"rf_class",146,336,9,10,0.962075848303393,0.973913043478261,0.935897435897436,0.971098265895954,0.973913043478261,0.972503617945007,"rf_class",269,685,25,20,0.954954954954955,0.964788732394366,0.930795847750865,0.971631205673759,0.964788732394366,0.968197879858657
2000,1000,80,0.3,0.05,"a",FALSE,0.5,0,48,"67, 49, 15, 12","IRT",410,1042,23,25,0.968,0.978403755868545,0.942528735632184,0.976569821930647,0.978403755868545,0.977485928705441,"IRT",145,344,7,8,0.970238095238095,0.98005698005698,0.947712418300654,0.977272727272727,0.98005698005698,0.978662873399715,"IRT",265,698,16,17,0.966867469879518,0.977591036414566,0.939716312056738,0.976223776223776,0.977591036414566,0.976906927921624
2000,1000,80,0.3,0.05,"a",FALSE,0.5,0,48,"67, 49, 15, 12","rf_probs",0,330,735,435,0.22,0.309859154929577,0,0.431372549019608,0.309859154929577,0.360655737704918,"rf_probs",0,102,249,153,0.202380952380952,0.290598290598291,0,0.4,0.290598290598291,0.336633663366337,"rf_probs",0,228,486,282,0.228915662650602,0.319327731092437,0,0.447058823529412,0.319327731092437,0.372549019607843
2000,1000,80,0.3,0.05,"a",FALSE,0.5,0,48,"67, 49, 15, 12","rf_class",418,1016,49,17,0.956,0.953990610328639,0.960919540229885,0.983543078412391,0.953990610328639,0.968541468064824,"rf_class",148,336,15,5,0.96031746031746,0.957264957264957,0.967320261437909,0.98533724340176,0.957264957264957,0.971098265895954,"rf_class",270,680,34,12,0.953815261044177,0.952380952380952,0.957446808510638,0.982658959537572,0.952380952380952,0.96728307254623
2000,1000,80,0.3,0.05,"a",FALSE,0.5,0,49,"51, 71, 16, 53","IRT",456,996,36,12,0.968,0.965116279069767,0.974358974358974,0.988095238095238,0.965116279069767,0.976470588235294,"IRT",149,308,15,5,0.958071278825996,0.953560371517028,0.967532467532468,0.984025559105431,0.953560371517028,0.968553459119497,"IRT",307,688,21,7,0.972629521016618,0.970380818053597,0.977707006369427,0.989928057553957,0.970380818053597,0.98005698005698
2000,1000,80,0.3,0.05,"a",FALSE,0.5,0,49,"51, 71, 16, 53","rf_probs",0,355,677,468,0.236666666666667,0.343992248062016,0,0.43134872417983,0.343992248062016,0.382749326145553,"rf_probs",0,113,210,154,0.236897274633124,0.34984520123839,0,0.423220973782772,0.34984520123839,0.383050847457627,"rf_probs",0,242,467,314,0.236559139784946,0.34132581100141,0,0.435251798561151,0.34132581100141,0.382608695652174
2000,1000,80,0.3,0.05,"a",FALSE,0.5,0,49,"51, 71, 16, 53","rf_class",443,999,33,25,0.961333333333333,0.968023255813954,0.946581196581197,0.9755859375,0.968023255813954,0.971789883268482,"rf_class",144,308,15,10,0.947589098532495,0.953560371517028,0.935064935064935,0.968553459119497,0.953560371517028,0.960998439937597,"rf_class",299,691,18,15,0.967741935483871,0.974612129760226,0.952229299363057,0.978753541076487,0.974612129760226,0.976678445229682
2000,1000,80,0.3,0.05,"a",FALSE,0.5,0,50,"44, 9, 77, 58","IRT",434,982,71,13,0.944,0.932573599240266,0.970917225950783,0.986934673366834,0.932573599240266,0.958984375,"IRT",119,335,21,3,0.949790794979079,0.941011235955056,0.975409836065574,0.99112426035503,0.941011235955056,0.965417867435159,"IRT",315,647,50,10,0.941291585127202,0.928263988522238,0.969230769230769,0.984779299847793,0.928263988522238,0.955686853766617
2000,1000,80,0.3,0.05,"a",FALSE,0.5,0,50,"44, 9, 77, 58","rf_probs",0,406,647,447,0.270666666666667,0.385565052231719,0,0.475967174677608,0.385565052231719,0.426023084994753,"rf_probs",0,138,218,122,0.288702928870293,0.387640449438202,0,0.530769230769231,0.387640449438202,0.448051948051948,"rf_probs",0,268,429,325,0.262230919765166,0.384505021520803,0,0.451939291736931,0.384505021520803,0.415503875968992
2000,1000,80,0.3,0.05,"a",FALSE,0.5,0,50,"44, 9, 77, 58","rf_class",430,994,59,17,0.949333333333333,0.943969610636277,0.961968680089485,0.983184965380811,0.943969610636277,0.963178294573643,"rf_class",119,341,15,3,0.96234309623431,0.957865168539326,0.975409836065574,0.991279069767442,0.957865168539326,0.974285714285714,"rf_class",311,653,44,14,0.943248532289628,0.93687230989957,0.956923076923077,0.979010494752624,0.93687230989957,0.957478005865103
2000,1000,80,0.3,0.05,"a",FALSE,0.5,0,51,"67, 21, 45, 1","IRT",437,993,52,18,0.953333333333333,0.950239234449761,0.96043956043956,0.982195845697329,0.950239234449761,0.965953307392996,"IRT",141,329,17,9,0.94758064516129,0.950867052023121,0.94,0.973372781065089,0.950867052023121,0.961988304093567,"IRT",296,664,35,9,0.956175298804781,0.949928469241774,0.970491803278689,0.986627043090639,0.949928469241774,0.967930029154519
2000,1000,80,0.3,0.05,"a",FALSE,0.5,0,51,"67, 21, 45, 1","rf_probs",0,345,700,455,0.23,0.330143540669856,0,0.43125,0.330143540669856,0.373983739837398,"rf_probs",0,101,245,150,0.203629032258065,0.291907514450867,0,0.402390438247012,0.291907514450867,0.338358458961474,"rf_probs",0,244,455,305,0.243027888446215,0.349070100143062,0,0.444444444444444,0.349070100143062,0.391025641025641
2000,1000,80,0.3,0.05,"a",FALSE,0.5,0,51,"67, 21, 45, 1","rf_class",425,995,50,30,0.946666666666667,0.952153110047847,0.934065934065934,0.970731707317073,0.952153110047847,0.961352657004831,"rf_class",141,331,15,9,0.951612903225806,0.956647398843931,0.94,0.973529411764706,0.956647398843931,0.965014577259475,"rf_class",284,664,35,21,0.944223107569721,0.949928469241774,0.931147540983607,0.969343065693431,0.949928469241774,0.959537572254335
2000,1000,80,0.3,0.05,"a",FALSE,0.5,0,52,"15, 6, 61, 75","IRT",439,1002,43,16,0.960666666666667,0.958851674641148,0.964835164835165,0.984282907662082,0.958851674641148,0.971400872515754,"IRT",147,328,13,1,0.971370143149284,0.961876832844575,0.993243243243243,0.996960486322188,0.961876832844575,0.97910447761194,"IRT",292,674,30,15,0.955489614243323,0.957386363636364,0.95114006514658,0.978229317851959,0.957386363636364,0.967695620961953
2000,1000,80,0.3,0.05,"a",FALSE,0.5,0,52,"15, 6, 61, 75","rf_probs",0,356,689,455,0.237333333333333,0.34066985645933,0,0.438964241676942,0.34066985645933,0.383620689655172,"rf_probs",0,110,231,148,0.224948875255624,0.32258064516129,0,0.426356589147287,0.32258064516129,0.367278797996661,"rf_probs",0,246,458,307,0.243323442136499,0.349431818181818,0,0.444846292947559,0.349431818181818,0.391408114558473
2000,1000,80,0.3,0.05,"a",FALSE,0.5,0,52,"15, 6, 61, 75","rf_class",431,1006,39,24,0.958,0.962679425837321,0.947252747252747,0.976699029126214,0.962679425837321,0.969638554216868,"rf_class",142,330,11,6,0.965235173824131,0.967741935483871,0.959459459459459,0.982142857142857,0.967741935483871,0.974889217134416,"rf_class",289,676,28,18,0.954500494559842,0.960227272727273,0.941368078175896,0.974063400576369,0.960227272727273,0.967095851216023
2000,1000,80,0.3,0.05,"a",FALSE,0.5,0,53,"2, 65, 41, 44","IRT",446,1010,29,15,0.970666666666667,0.9720885466795,0.967462039045553,0.985365853658537,0.9720885466795,0.978682170542636,"IRT",149,335,13,5,0.964143426294821,0.96264367816092,0.967532467532468,0.985294117647059,0.96264367816092,0.973837209302326,"IRT",297,675,16,10,0.973947895791583,0.97684515195369,0.96742671009772,0.985401459854015,0.97684515195369,0.981104651162791
2000,1000,80,0.3,0.05,"a",FALSE,0.5,0,53,"2, 65, 41, 44","rf_probs",0,326,713,461,0.217333333333333,0.31376323387873,0,0.41423125794155,0.31376323387873,0.357064622124863,"rf_probs",0,112,236,154,0.223107569721116,0.32183908045977,0,0.421052631578947,0.32183908045977,0.364820846905537,"rf_probs",0,214,477,307,0.214428857715431,0.309696092619392,0,0.410748560460653,0.309696092619392,0.353135313531353
2000,1000,80,0.3,0.05,"a",FALSE,0.5,0,53,"2, 65, 41, 44","rf_class",432,1022,17,29,0.969333333333333,0.983638113570741,0.937093275488069,0.972407231208373,0.983638113570741,0.97799043062201,"rf_class",145,341,7,9,0.968127490039841,0.979885057471264,0.941558441558442,0.974285714285714,0.979885057471264,0.977077363896848,"rf_class",287,681,10,20,0.969939879759519,0.985528219971056,0.93485342019544,0.971469329529244,0.985528219971056,0.978448275862069
2000,1000,80,0.3,0.05,"a",FALSE,0.5,0,54,"8, 58, 66, 62","IRT",443,987,62,8,0.953333333333333,0.940896091515729,0.982261640798226,0.991959798994975,0.940896091515729,0.965753424657534,"IRT",143,322,18,4,0.95482546201232,0.947058823529412,0.972789115646258,0.987730061349693,0.947058823529412,0.966966966966967,"IRT",300,665,44,4,0.952615992102665,0.937940761636107,0.986842105263158,0.994020926756353,0.937940761636107,0.965166908563135
2000,1000,80,0.3,0.05,"a",FALSE,0.5,0,54,"8, 58, 66, 62","rf_probs",0,378,671,451,0.252,0.360343183984747,0,0.455971049457177,0.360343183984747,0.402555910543131,"rf_probs",0,111,229,147,0.227926078028747,0.326470588235294,0,0.430232558139535,0.326470588235294,0.37123745819398,"rf_probs",0,267,442,304,0.263573543928924,0.376586741889986,0,0.467600700525394,0.376586741889986,0.4171875
2000,1000,80,0.3,0.05,"a",FALSE,0.5,0,54,"8, 58, 66, 62","rf_class",426,1006,43,25,0.954666666666667,0.959008579599619,0.944567627494457,0.975751697381183,0.959008579599619,0.967307692307692,"rf_class",138,327,13,9,0.95482546201232,0.961764705882353,0.938775510204082,0.973214285714286,0.961764705882353,0.967455621301775,"rf_class",288,679,30,16,0.954590325765054,0.957686882933709,0.947368421052632,0.976978417266187,0.957686882933709,0.967236467236467
2000,1000,80,0.3,0.05,"a",FALSE,0.5,0,55,"78, 62, 6, 9","IRT",423,1033,23,21,0.970666666666667,0.978219696969697,0.952702702702703,0.980075901328273,0.978219696969697,0.97914691943128,"IRT",134,355,9,5,0.972166998011928,0.975274725274725,0.964028776978417,0.986111111111111,0.975274725274725,0.980662983425414,"IRT",289,678,14,16,0.969909729187563,0.979768786127168,0.947540983606557,0.976945244956772,0.979768786127168,0.978354978354978
2000,1000,80,0.3,0.05,"a",FALSE,0.5,0,55,"78, 62, 6, 9","rf_probs",0,367,689,444,0.244666666666667,0.347537878787879,0,0.45252774352651,0.347537878787879,0.393144081414033,"rf_probs",0,124,240,139,0.246520874751491,0.340659340659341,0,0.47148288973384,0.340659340659341,0.395534290271132,"rf_probs",0,243,449,305,0.243731193580742,0.351156069364162,0,0.443430656934307,0.351156069364162,0.391935483870968
2000,1000,80,0.3,0.05,"a",FALSE,0.5,0,55,"78, 62, 6, 9","rf_class",416,1033,23,28,0.966,0.978219696969697,0.936936936936937,0.973609802073516,0.978219696969697,0.975909305621162,"rf_class",135,356,8,4,0.976143141153082,0.978021978021978,0.971223021582734,0.988888888888889,0.978021978021978,0.983425414364641,"rf_class",281,677,15,24,0.960882647943831,0.978323699421965,0.921311475409836,0.965763195435093,0.978323699421965,0.972002871500359
2000,1000,80,0.3,0.05,"a",FALSE,0.5,0,56,"22, 11, 53, 70","IRT",426,1020,48,6,0.964,0.955056179775281,0.986111111111111,0.994152046783626,0.955056179775281,0.974212034383954,"IRT",139,339,13,1,0.971544715447154,0.963068181818182,0.992857142857143,0.997058823529412,0.963068181818182,0.979768786127168,"IRT",287,681,35,5,0.96031746031746,0.951117318435754,0.982876712328767,0.992711370262391,0.951117318435754,0.971469329529244
2000,1000,80,0.3,0.05,"a",FALSE,0.5,0,56,"22, 11, 53, 70","rf_probs",0,337,731,432,0.224666666666667,0.315543071161049,0,0.438231469440832,0.315543071161049,0.366902558519325,"rf_probs",0,109,243,140,0.221544715447154,0.309659090909091,0,0.437751004016064,0.309659090909091,0.362728785357737,"rf_probs",0,228,488,292,0.226190476190476,0.318435754189944,0,0.438461538461538,0.318435754189944,0.368932038834951
2000,1000,80,0.3,0.05,"a",FALSE,0.5,0,56,"22, 11, 53, 70","rf_class",416,1031,37,16,0.964666666666667,0.965355805243446,0.962962962962963,0.984718242597899,0.965355805243446,0.974940898345154,"rf_class",135,342,10,5,0.969512195121951,0.971590909090909,0.964285714285714,0.985590778097983,0.971590909090909,0.978540772532189,"rf_class",281,689,27,11,0.962301587301587,0.962290502793296,0.962328767123288,0.984285714285714,0.962290502793296,0.97316384180791
2000,1000,80,0.3,0.05,"a",FALSE,0.5,0,57,"7, 28, 23, 49","IRT",440,998,53,9,0.958666666666667,0.949571836346337,0.979955456570156,0.991062562065541,0.949571836346337,0.969873663751215,"IRT",162,330,21,3,0.953488372093023,0.94017094017094,0.981818181818182,0.990990990990991,0.94017094017094,0.964912280701754,"IRT",278,668,32,6,0.961382113821138,0.954285714285714,0.97887323943662,0.991097922848665,0.954285714285714,0.972343522561863
2000,1000,80,0.3,0.05,"a",FALSE,0.5,0,57,"7, 28, 23, 49","rf_probs",0,368,683,449,0.245333333333333,0.350142721217888,0,0.450428396572827,0.350142721217888,0.394004282655246,"rf_probs",0,120,231,165,0.232558139534884,0.341880341880342,0,0.421052631578947,0.341880341880342,0.377358490566038,"rf_probs",0,248,452,284,0.252032520325203,0.354285714285714,0,0.466165413533835,0.354285714285714,0.402597402597403
2000,1000,80,0.3,0.05,"a",FALSE,0.5,0,57,"7, 28, 23, 49","rf_class",432,1006,45,17,0.958666666666667,0.957183634633682,0.962138084632517,0.983382209188661,0.957183634633682,0.970106075216972,"rf_class",159,334,17,6,0.955426356589147,0.951566951566952,0.963636363636364,0.982352941176471,0.951566951566952,0.96671490593343,"rf_class",273,672,28,11,0.960365853658537,0.96,0.961267605633803,0.98389458272328,0.96,0.971800433839479
2000,1000,80,0.3,0.05,"a",FALSE,0.5,0,58,"36, 23, 41, 20","IRT",443,997,50,10,0.96,0.952244508118434,0.977924944812362,0.990069513406157,0.952244508118434,0.97078870496592,"IRT",144,348,14,4,0.964705882352941,0.961325966850829,0.972972972972973,0.988636363636364,0.961325966850829,0.974789915966387,"IRT",299,649,36,6,0.957575757575758,0.947445255474453,0.980327868852459,0.990839694656489,0.947445255474453,0.968656716417911
2000,1000,80,0.3,0.05,"a",FALSE,0.5,0,58,"36, 23, 41, 20","rf_probs",0,345,702,453,0.23,0.329512893982808,0,0.432330827067669,0.329512893982808,0.373983739837398,"rf_probs",0,114,248,148,0.223529411764706,0.314917127071823,0,0.435114503816794,0.314917127071823,0.365384615384615,"rf_probs",0,231,454,305,0.233333333333333,0.337226277372263,0,0.430970149253731,0.337226277372263,0.378378378378378
2000,1000,80,0.3,0.05,"a",FALSE,0.5,0,58,"36, 23, 41, 20","rf_class",436,1008,39,17,0.962666666666667,0.962750716332378,0.962472406181015,0.983414634146341,0.962750716332378,0.972972972972973,"rf_class",140,350,12,8,0.96078431372549,0.966850828729282,0.945945945945946,0.977653631284916,0.966850828729282,0.972222222222222,"rf_class",296,658,27,9,0.963636363636364,0.960583941605839,0.970491803278689,0.986506746626687,0.960583941605839,0.973372781065089
2000,1000,80,0.3,0.05,"a",FALSE,0.5,0,59,"55, 14, 33, 76","IRT",439,1004,37,20,0.962,0.964457252641691,0.956427015250545,0.98046875,0.964457252641691,0.972397094430993,"IRT",132,341,16,6,0.955555555555556,0.955182072829132,0.956521739130435,0.982708933717579,0.955182072829132,0.96875,"IRT",307,663,21,14,0.965174129353234,0.969298245614035,0.956386292834891,0.979320531757755,0.969298245614035,0.974283614988979
2000,1000,80,0.3,0.05,"a",FALSE,0.5,0,59,"55, 14, 33, 76","rf_probs",0,386,655,459,0.257333333333333,0.370797310278578,0,0.456804733727811,0.370797310278578,0.409331919406151,"rf_probs",0,147,210,138,0.296969696969697,0.411764705882353,0,0.515789473684211,0.411764705882353,0.457943925233645,"rf_probs",0,239,445,321,0.237810945273632,0.349415204678363,0,0.426785714285714,0.349415204678363,0.384244372990354
2000,1000,80,0.3,0.05,"a",FALSE,0.5,0,59,"55, 14, 33, 76","rf_class",433,1006,35,26,0.959333333333333,0.966378482228626,0.943355119825708,0.974806201550388,0.966378482228626,0.970574047274481,"rf_class",131,342,15,7,0.955555555555556,0.957983193277311,0.949275362318841,0.979942693409742,0.957983193277311,0.968838526912181,"rf_class",302,664,20,19,0.961194029850746,0.970760233918129,0.940809968847352,0.972181551976574,0.970760233918129,0.971470373079737
2000,1000,80,0.3,0.05,"a",FALSE,0.5,0,60,"78, 80, 50, 70","IRT",421,1022,36,21,0.962,0.965973534971645,0.952488687782805,0.979865771812081,0.965973534971645,0.972870061875298,"IRT",132,336,12,9,0.957055214723926,0.96551724137931,0.936170212765957,0.973913043478261,0.96551724137931,0.96969696969697,"IRT",289,686,24,12,0.964391691394659,0.966197183098592,0.960132890365448,0.982808022922636,0.966197183098592,0.974431818181818
2000,1000,80,0.3,0.05,"a",FALSE,0.5,0,60,"78, 80, 50, 70","rf_probs",0,352,706,442,0.234666666666667,0.332703213610586,0,0.443324937027708,0.332703213610586,0.380129589632829,"rf_probs",0,114,234,141,0.233128834355828,0.327586206896552,0,0.447058823529412,0.327586206896552,0.378109452736318,"rf_probs",0,238,472,301,0.235410484668645,0.335211267605634,0,0.441558441558442,0.335211267605634,0.381104883907126
2000,1000,80,0.3,0.05,"a",FALSE,0.5,0,60,"78, 80, 50, 70","rf_class",414,1025,33,28,0.959333333333333,0.968809073724008,0.936651583710407,0.97340930674264,0.968809073724008,0.971103742302227,"rf_class",130,335,13,11,0.950920245398773,0.96264367816092,0.921985815602837,0.968208092485549,0.96264367816092,0.965417867435159,"rf_class",284,690,20,17,0.963402571711177,0.971830985915493,0.943521594684385,0.975954738330976,0.971830985915493,0.973888496824277
2000,1000,80,0.3,0.05,"a",FALSE,0.5,0,61,"10, 56, 38, 3","IRT",433,1007,41,19,0.96,0.96087786259542,0.957964601769911,0.981481481481482,0.96087786259542,0.971070395371263,"IRT",154,330,16,6,0.956521739130435,0.953757225433526,0.9625,0.982142857142857,0.953757225433526,0.967741935483871,"IRT",279,677,25,13,0.961770623742455,0.964387464387464,0.955479452054795,0.981159420289855,0.964387464387464,0.972701149425287
2000,1000,80,0.3,0.05,"a",FALSE,0.5,0,61,"10, 56, 38, 3","rf_probs",0,372,676,452,0.248,0.354961832061069,0,0.451456310679612,0.354961832061069,0.397435897435897,"rf_probs",0,124,222,160,0.245059288537549,0.358381502890173,0,0.436619718309859,0.358381502890173,0.393650793650794,"rf_probs",0,248,454,292,0.249496981891348,0.353276353276353,0,0.459259259259259,0.353276353276353,0.399355877616747
2000,1000,80,0.3,0.05,"a",FALSE,0.5,0,61,"10, 56, 38, 3","rf_class",421,1003,45,31,0.949333333333333,0.95706106870229,0.93141592920354,0.970019342359768,0.95706106870229,0.963496637848223,"rf_class",150,328,18,10,0.944664031620553,0.947976878612717,0.9375,0.970414201183432,0.947976878612717,0.95906432748538,"rf_class",271,675,27,21,0.951710261569417,0.961538461538462,0.928082191780822,0.969827586206897,0.961538461538462,0.965665236051502
2000,1000,80,0.3,0.05,"a",FALSE,0.5,0,62,"22, 6, 3, 72","IRT",449,1012,25,14,0.974,0.975891996142719,0.96976241900648,0.98635477582846,0.975891996142719,0.981095492001939,"IRT",138,347,7,1,0.983772819472617,0.980225988700565,0.992805755395683,0.997126436781609,0.980225988700565,0.988603988603989,"IRT",311,665,18,13,0.969215491559086,0.973645680819912,0.959876543209877,0.980825958702065,0.973645680819912,0.97722263041881
2000,1000,80,0.3,0.05,"a",FALSE,0.5,0,62,"22, 6, 3, 72","rf_probs",0,351,686,463,0.234,0.33847637415622,0,0.431203931203931,0.33847637415622,0.379254457050243,"rf_probs",0,116,238,139,0.235294117647059,0.327683615819209,0,0.454901960784314,0.327683615819209,0.380952380952381,"rf_probs",0,235,448,324,0.233366434955313,0.34407027818448,0,0.420393559928444,0.34407027818448,0.378421900161031
2000,1000,80,0.3,0.05,"a",FALSE,0.5,0,62,"22, 6, 3, 72","rf_class",435,1005,32,28,0.96,0.969141755062681,0.939524838012959,0.972894482090997,0.969141755062681,0.971014492753623,"rf_class",134,344,10,5,0.969574036511156,0.971751412429379,0.964028776978417,0.98567335243553,0.971751412429379,0.978662873399715,"rf_class",301,661,22,23,0.955312810327706,0.967789165446559,0.929012345679012,0.966374269005848,0.967789165446559,0.967081199707389
2000,1000,80,0.3,0.05,"a",FALSE,0.5,0,63,"15, 75, 51, 5","IRT",421,1017,35,27,0.958666666666667,0.966730038022814,0.939732142857143,0.974137931034483,0.966730038022814,0.970419847328244,"IRT",125,347,5,10,0.969199178644764,0.985795454545455,0.925925925925926,0.971988795518207,0.985795454545455,0.978843441466855,"IRT",296,670,30,17,0.95360315893386,0.957142857142857,0.945686900958466,0.975254730713246,0.957142857142857,0.966113914924297
2000,1000,80,0.3,0.05,"a",FALSE,0.5,0,63,"15, 75, 51, 5","rf_probs",0,377,675,448,0.251333333333333,0.358365019011407,0,0.456969696969697,0.358365019011407,0.401704848161961,"rf_probs",0,125,227,135,0.256673511293634,0.355113636363636,0,0.480769230769231,0.355113636363636,0.408496732026144,"rf_probs",0,252,448,313,0.248766041461007,0.36,0,0.446017699115044,0.36,0.398418972332016
2000,1000,80,0.3,0.05,"a",FALSE,0.5,0,63,"15, 75, 51, 5","rf_class",422,1005,47,26,0.951333333333333,0.95532319391635,0.941964285714286,0.974781765276431,0.95532319391635,0.964954392702833,"rf_class",127,343,9,8,0.965092402464066,0.974431818181818,0.940740740740741,0.977207977207977,0.974431818181818,0.975817923186344,"rf_class",295,662,38,18,0.94471865745311,0.945714285714286,0.942492012779553,0.973529411764706,0.945714285714286,0.959420289855072
2000,1000,80,0.3,0.05,"a",FALSE,0.5,0,64,"32, 47, 67, 75","IRT",414,1033,29,24,0.964666666666667,0.972693032015066,0.945205479452055,0.977294228949858,0.972693032015066,0.974988201982067,"IRT",145,358,12,5,0.967307692307692,0.967567567567568,0.966666666666667,0.986225895316804,0.967567567567568,0.976807639836289,"IRT",269,675,17,19,0.963265306122449,0.975433526011561,0.934027777777778,0.972622478386167,0.975433526011561,0.974025974025974
2000,1000,80,0.3,0.05,"a",FALSE,0.5,0,64,"32, 47, 67, 75","rf_probs",0,350,712,438,0.233333333333333,0.329566854990584,0,0.444162436548223,0.329566854990584,0.378378378378378,"rf_probs",0,119,251,150,0.228846153846154,0.321621621621622,0,0.442379182156134,0.321621621621622,0.37245696400626,"rf_probs",0,231,461,288,0.235714285714286,0.333815028901734,0,0.445086705202312,0.333815028901734,0.38150289017341
2000,1000,80,0.3,0.05,"a",FALSE,0.5,0,64,"32, 47, 67, 75","rf_class",414,1031,31,24,0.963333333333333,0.970809792843691,0.945205479452055,0.977251184834123,0.970809792843691,0.974019839395371,"rf_class",145,357,13,5,0.965384615384615,0.964864864864865,0.966666666666667,0.986187845303867,0.964864864864865,0.975409836065574,"rf_class",269,674,18,19,0.962244897959184,0.973988439306358,0.934027777777778,0.972582972582973,0.973988439306358,0.973285198555957
2000,1000,80,0.3,0.05,"a",FALSE,0.5,0,65,"21, 8, 79, 47","IRT",436,1004,43,17,0.96,0.958930276981853,0.962472406181015,0.983349657198825,0.958930276981853,0.970986460348162,"IRT",133,335,11,6,0.964948453608247,0.968208092485549,0.956834532374101,0.982404692082111,0.968208092485549,0.975254730713246,"IRT",303,669,32,11,0.957635467980296,0.95435092724679,0.964968152866242,0.983823529411765,0.95435092724679,0.968863142650253
2000,1000,80,0.3,0.05,"a",FALSE,0.5,0,65,"21, 8, 79, 47","rf_probs",0,369,678,453,0.246,0.35243553008596,0,0.448905109489051,0.35243553008596,0.394863563402889,"rf_probs",0,120,226,139,0.247422680412371,0.346820809248555,0,0.463320463320463,0.346820809248555,0.396694214876033,"rf_probs",0,249,452,314,0.245320197044335,0.355206847360913,0,0.442273534635879,0.355206847360913,0.393987341772152
2000,1000,80,0.3,0.05,"a",FALSE,0.5,0,65,"21, 8, 79, 47","rf_class",431,1011,36,22,0.961333333333333,0.965616045845272,0.951434878587196,0.978702807357212,0.965616045845272,0.972115384615385,"rf_class",134,338,8,5,0.97319587628866,0.976878612716763,0.964028776978417,0.985422740524781,0.976878612716763,0.981132075471698,"rf_class",297,673,28,17,0.955665024630542,0.960057061340941,0.945859872611465,0.97536231884058,0.960057061340941,0.96764917325665
2000,1000,80,0.3,0.05,"a",FALSE,0.5,0,66,"80, 75, 41, 60","IRT",436,991,53,20,0.951333333333333,0.949233716475096,0.956140350877193,0.980217606330366,0.949233716475096,0.964476885644769,"IRT",145,327,28,7,0.930966469428008,0.92112676056338,0.953947368421053,0.979041916167665,0.92112676056338,0.949201741654572,"IRT",291,664,25,13,0.961732124874119,0.963715529753266,0.957236842105263,0.980797636632201,0.963715529753266,0.972181551976574
2000,1000,80,0.3,0.05,"a",FALSE,0.5,0,66,"80, 75, 41, 60","rf_probs",0,328,716,456,0.218666666666667,0.314176245210728,0,0.418367346938776,0.314176245210728,0.358862144420131,"rf_probs",0,115,240,152,0.226824457593688,0.323943661971831,0,0.430711610486891,0.323943661971831,0.369774919614148,"rf_probs",0,213,476,304,0.214501510574018,0.309143686502177,0,0.411992263056093,0.309143686502177,0.353233830845771
2000,1000,80,0.3,0.05,"a",FALSE,0.5,0,66,"80, 75, 41, 60","rf_class",431,993,51,25,0.949333333333333,0.951149425287356,0.945175438596491,0.975442043222004,0.951149425287356,0.963142580019399,"rf_class",144,332,23,8,0.938856015779093,0.935211267605634,0.947368421052632,0.976470588235294,0.935211267605634,0.955395683453237,"rf_class",287,661,28,17,0.954682779456193,0.959361393323657,0.944078947368421,0.974926253687316,0.959361393323657,0.967081199707388
2000,1000,80,0.3,0.05,"a",FALSE,0.5,0,67,"44, 32, 79, 23","IRT",436,1010,50,4,0.964,0.952830188679245,0.990909090909091,0.996055226824458,0.952830188679245,0.973963355834137,"IRT",146,335,14,1,0.969758064516129,0.959885386819484,0.993197278911565,0.99702380952381,0.959885386819484,0.978102189781022,"IRT",290,675,36,3,0.961155378486056,0.949367088607595,0.989761092150171,0.995575221238938,0.949367088607595,0.971922246220302
2000,1000,80,0.3,0.05,"a",FALSE,0.5,0,67,"44, 32, 79, 23","rf_probs",0,347,713,440,0.231333333333333,0.327358490566038,0,0.440914866581957,0.327358490566038,0.375744450460206,"rf_probs",0,109,240,147,0.219758064516129,0.312320916905444,0,0.42578125,0.312320916905444,0.360330578512397,"rf_probs",0,238,473,293,0.237051792828685,0.334739803094233,0,0.448210922787194,0.334739803094233,0.383252818035427
2000,1000,80,0.3,0.05,"a",FALSE,0.5,0,67,"44, 32, 79, 23","rf_class",422,1026,34,18,0.965333333333333,0.967924528301887,0.959090909090909,0.982758620689655,0.967924528301887,0.975285171102662,"rf_class",143,336,13,4,0.965725806451613,0.962750716332378,0.972789115646258,0.988235294117647,0.962750716332378,0.975326560232221,"rf_class",279,690,21,14,0.965139442231076,0.970464135021097,0.95221843003413,0.980113636363636,0.970464135021097,0.975265017667844
2000,1000,80,0.3,0.05,"a",FALSE,0.5,0,68,"27, 59, 28, 58","IRT",419,1029,38,14,0.965333333333333,0.964386129334583,0.967667436489607,0.986577181208054,0.964386129334583,0.975355450236967,"IRT",128,362,16,5,0.958904109589041,0.957671957671958,0.962406015037594,0.986376021798365,0.957671957671958,0.971812080536913,"IRT",291,667,22,9,0.968655207280081,0.968069666182874,0.97,0.986686390532544,0.968069666182874,0.977289377289377
2000,1000,80,0.3,0.05,"a",FALSE,0.5,0,68,"27, 59, 28, 58","rf_probs",0,334,733,433,0.222666666666667,0.31302717900656,0,0.435462842242503,0.31302717900656,0.36423118865867,"rf_probs",0,110,268,133,0.215264187866928,0.291005291005291,0,0.452674897119342,0.291005291005291,0.35426731078905,"rf_probs",0,224,465,300,0.226491405460061,0.32510885341074,0,0.427480916030534,0.32510885341074,0.369332234130256
2000,1000,80,0.3,0.05,"a",FALSE,0.5,0,68,"27, 59, 28, 58","rf_class",413,1026,41,20,0.959333333333333,0.961574507966261,0.953810623556582,0.980879541108987,0.961574507966261,0.971131093232371,"rf_class",128,362,16,5,0.958904109589041,0.957671957671958,0.962406015037594,0.986376021798365,0.957671957671958,0.971812080536913,"rf_class",285,664,25,15,0.959555106167846,0.963715529753266,0.95,0.977908689248895,0.963715529753266,0.970760233918129
2000,1000,80,0.3,0.05,"a",FALSE,0.5,0,69,"30, 58, 4, 11","IRT",423,1035,30,12,0.972,0.971830985915493,0.972413793103448,0.988538681948424,0.971830985915493,0.980113636363636,"IRT",153,342,12,2,0.972495088408644,0.966101694915254,0.987096774193548,0.994186046511628,0.966101694915254,0.979942693409742,"IRT",270,693,18,10,0.971745711402624,0.974683544303797,0.964285714285714,0.985775248933144,0.974683544303797,0.98019801980198
2000,1000,80,0.3,0.05,"a",FALSE,0.5,0,69,"30, 58, 4, 11","rf_probs",0,359,706,435,0.239333333333333,0.337089201877934,0,0.452141057934509,0.337089201877934,0.386229155459925,"rf_probs",0,124,230,155,0.243614931237721,0.350282485875706,0,0.444444444444444,0.350282485875706,0.391785150078989,"rf_probs",0,235,476,280,0.237134207870838,0.330520393811533,0,0.456310679611651,0.330520393811533,0.383360522022838
2000,1000,80,0.3,0.05,"a",FALSE,0.5,0,69,"30, 58, 4, 11","rf_class",412,1036,29,23,0.965333333333333,0.972769953051643,0.947126436781609,0.978281397544854,0.972769953051643,0.975517890772128,"rf_class",149,343,11,6,0.966601178781925,0.968926553672316,0.961290322580645,0.982808022922636,0.968926553672316,0.975817923186344,"rf_class",263,693,18,17,0.96468213925328,0.974683544303797,0.939285714285714,0.976056338028169,0.974683544303797,0.975369458128079
2000,1000,80,0.3,0.05,"a",FALSE,0.5,0,70,"28, 70, 16, 45","IRT",429,1005,44,22,0.956,0.958055290753098,0.951219512195122,0.978578383641675,0.958055290753098,0.968208092485549,"IRT",136,335,13,13,0.947686116700201,0.96264367816092,0.912751677852349,0.96264367816092,0.96264367816092,0.96264367816092,"IRT",293,670,31,9,0.96011964107677,0.955777460770328,0.970198675496689,0.986745213549337,0.955777460770328,0.971014492753623
2000,1000,80,0.3,0.05,"a",FALSE,0.5,0,70,"28, 70, 16, 45","rf_probs",0,367,682,451,0.244666666666667,0.349857006673022,0,0.448655256723716,0.349857006673022,0.393144081414033,"rf_probs",0,124,224,149,0.249496981891348,0.35632183908046,0,0.454212454212454,0.35632183908046,0.399355877616747,"rf_probs",0,243,458,302,0.242273180458624,0.346647646219686,0,0.445871559633028,0.346647646219686,0.390048154093098
2000,1000,80,0.3,0.05,"a",FALSE,0.5,0,70,"28, 70, 16, 45","rf_class",427,1002,47,24,0.952666666666667,0.955195424213537,0.946784922394678,0.976608187134503,0.955195424213537,0.96578313253012,"rf_class",138,331,17,11,0.943661971830986,0.951149425287356,0.926174496644295,0.967836257309941,0.951149425287356,0.959420289855072,"rf_class",289,671,30,13,0.957128614157527,0.957203994293866,0.956953642384106,0.980994152046784,0.957203994293866,0.968953068592058
2000,1000,80,0.3,0.05,"a",FALSE,0.5,0,71,"44, 27, 76, 6","IRT",452,995,40,13,0.964666666666667,0.961352657004831,0.972043010752688,0.987103174603175,0.961352657004831,0.974057758198727,"IRT",145,343,19,5,0.953125,0.947513812154696,0.966666666666667,0.985632183908046,0.947513812154696,0.966197183098591,"IRT",307,652,21,8,0.970647773279352,0.968796433878158,0.974603174603175,0.987878787878788,0.968796433878158,0.978244561140285
2000,1000,80,0.3,0.05,"a",FALSE,0.5,0,71,"44, 27, 76, 6","rf_probs",0,368,667,465,0.245333333333333,0.355555555555556,0,0.441776710684274,0.355555555555556,0.394004282655246,"rf_probs",0,129,233,150,0.251953125,0.356353591160221,0,0.462365591397849,0.356353591160221,0.402496099843994,"rf_probs",0,239,434,315,0.241902834008097,0.355126300148588,0,0.431407942238267,0.355126300148588,0.389568052159739
2000,1000,80,0.3,0.05,"a",FALSE,0.5,0,71,"44, 27, 76, 6","rf_class",431,997,38,34,0.952,0.963285024154589,0.926881720430108,0.967022308438409,0.963285024154589,0.96515004840271,"rf_class",140,347,15,10,0.951171875,0.958563535911602,0.933333333333333,0.971988795518207,0.958563535911602,0.965229485396384,"rf_class",291,650,23,24,0.952429149797571,0.965824665676077,0.923809523809524,0.964391691394659,0.965824665676077,0.965107646622123
2000,1000,80,0.3,0.05,"a",FALSE,0.5,0,72,"79, 61, 53, 6","IRT",443,1003,45,9,0.964,0.95706106870229,0.980088495575221,0.991106719367589,0.95706106870229,0.97378640776699,"IRT",148,336,10,2,0.975806451612903,0.971098265895954,0.986666666666667,0.994082840236686,0.971098265895954,0.982456140350877,"IRT",295,667,35,7,0.958167330677291,0.95014245014245,0.97682119205298,0.989614243323442,0.95014245014245,0.969476744186047
2000,1000,80,0.3,0.05,"a",FALSE,0.5,0,72,"79, 61, 53, 6","rf_probs",0,329,719,452,0.219333333333333,0.313931297709924,0,0.421254801536492,0.313931297709924,0.35975943138327,"rf_probs",0,102,244,150,0.205645161290323,0.294797687861272,0,0.404761904761905,0.294797687861272,0.341137123745819,"rf_probs",0,227,475,302,0.22609561752988,0.323361823361823,0,0.429111531190926,0.323361823361823,0.368805848903331
2000,1000,80,0.3,0.05,"a",FALSE,0.5,0,72,"79, 61, 53, 6","rf_class",432,1020,28,20,0.968,0.973282442748092,0.955752212389381,0.980769230769231,0.973282442748092,0.977011494252873,"rf_class",144,338,8,6,0.971774193548387,0.976878612716763,0.96,0.982558139534884,0.976878612716763,0.979710144927536,"rf_class",288,682,20,14,0.966135458167331,0.971509971509972,0.95364238410596,0.979885057471264,0.971509971509972,0.975679542203147
2000,1000,80,0.3,0.05,"a",FALSE,0.5,0,73,"10, 47, 68, 30","IRT",436,1017,36,11,0.968666666666667,0.965811965811966,0.975391498881432,0.989299610894942,0.965811965811966,0.977414704469005,"IRT",155,337,11,5,0.968503937007874,0.968390804597701,0.96875,0.985380116959064,0.968390804597701,0.976811594202899,"IRT",281,680,25,6,0.96875,0.964539007092199,0.979094076655052,0.991253644314869,0.964539007092199,0.977713874910137
2000,1000,80,0.3,0.05,"a",FALSE,0.5,0,73,"10, 47, 68, 30","rf_probs",0,363,690,447,0.242,0.344729344729345,0,0.448148148148148,0.344729344729345,0.389694041867955,"rf_probs",0,120,228,160,0.236220472440945,0.344827586206897,0,0.428571428571429,0.344827586206897,0.382165605095541,"rf_probs",0,243,462,287,0.244959677419355,0.34468085106383,0,0.458490566037736,0.34468085106383,0.393522267206478
2000,1000,80,0.3,0.05,"a",FALSE,0.5,0,73,"10, 47, 68, 30","rf_class",424,1018,35,23,0.961333333333333,0.9667616334283,0.948545861297539,0.97790585975024,0.9667616334283,0.972301814708692,"rf_class",150,337,11,10,0.958661417322835,0.968390804597701,0.9375,0.971181556195965,0.968390804597701,0.969784172661871,"rf_class",274,681,24,13,0.962701612903226,0.965957446808511,0.954703832752613,0.981268011527378,0.965957446808511,0.973552537526805
2000,1000,80,0.3,0.05,"a",FALSE,0.5,0,74,"65, 1, 22, 77","IRT",444,993,55,8,0.958,0.947519083969466,0.982300884955752,0.992007992007992,0.947519083969466,0.969253294289897,"IRT",147,329,12,6,0.963562753036437,0.964809384164223,0.96078431372549,0.982089552238806,0.964809384164223,0.973372781065089,"IRT",297,664,43,2,0.955268389662028,0.939179632248939,0.993311036789298,0.996996996996997,0.939179632248939,0.967225054624909
2000,1000,80,0.3,0.05,"a",FALSE,0.5,0,74,"65, 1, 22, 77","rf_probs",0,348,700,452,0.232,0.33206106870229,0,0.435,0.33206106870229,0.376623376623377,"rf_probs",0,103,238,153,0.208502024291498,0.302052785923754,0,0.40234375,0.302052785923754,0.345058626465662,"rf_probs",0,245,462,299,0.243538767395626,0.346534653465347,0,0.450367647058824,0.346534653465347,0.391686650679456
2000,1000,80,0.3,0.05,"a",FALSE,0.5,0,74,"65, 1, 22, 77","rf_class",423,1014,34,29,0.958,0.967557251908397,0.935840707964602,0.972195589645254,0.967557251908397,0.96987087517934,"rf_class",142,331,10,11,0.95748987854251,0.970674486803519,0.928104575163399,0.967836257309941,0.970674486803519,0.969253294289897,"rf_class",281,683,24,18,0.958250497017893,0.966053748231966,0.939799331103679,0.97432239657632,0.966053748231966,0.970170454545455
2000,1000,80,0.3,0.05,"a",FALSE,0.5,0,75,"25, 17, 4, 22","IRT",454,986,52,8,0.96,0.94990366088632,0.982683982683983,0.991951710261569,0.94990366088632,0.970472440944882,"IRT",150,335,21,3,0.952848722986248,0.941011235955056,0.980392156862745,0.99112426035503,0.941011235955056,0.965417867435159,"IRT",304,651,31,5,0.963673057517659,0.954545454545455,0.983818770226537,0.992378048780488,0.954545454545455,0.973094170403587
2000,1000,80,0.3,0.05,"a",FALSE,0.5,0,75,"25, 17, 4, 22","rf_probs",0,310,728,462,0.206666666666667,0.298651252408478,0,0.401554404145078,0.298651252408478,0.342541436464088,"rf_probs",0,105,251,153,0.206286836935167,0.294943820224719,0,0.406976744186047,0.294943820224719,0.342019543973941,"rf_probs",0,205,477,309,0.20686175580222,0.30058651026393,0,0.398832684824903,0.30058651026393,0.342809364548495
2000,1000,80,0.3,0.05,"a",FALSE,0.5,0,75,"25, 17, 4, 22","rf_class",442,1000,38,20,0.961333333333333,0.963391136801541,0.956709956709957,0.980392156862745,0.963391136801541,0.971817298347911,"rf_class",149,338,18,4,0.956777996070727,0.949438202247191,0.973856209150327,0.988304093567251,0.949438202247191,0.968481375358166,"rf_class",293,662,20,16,0.963673057517659,0.970674486803519,0.948220064724919,0.976401179941003,0.970674486803519,0.973529411764706
2000,1000,80,0.3,0.05,"a",FALSE,0.5,0,76,"1, 35, 60, 70","IRT",439,1019,28,14,0.972,0.973256924546323,0.969094922737307,0.986447241045499,0.973256924546323,0.979807692307692,"IRT",150,327,9,3,0.975460122699387,0.973214285714286,0.980392156862745,0.990909090909091,0.973214285714286,0.981981981981982,"IRT",289,692,19,11,0.970326409495549,0.973277074542897,0.963333333333333,0.984352773826458,0.973277074542897,0.978783592644979
2000,1000,80,0.3,0.05,"a",FALSE,0.5,0,76,"1, 35, 60, 70","rf_probs",0,360,687,453,0.24,0.343839541547278,0,0.44280442804428,0.343839541547278,0.387096774193548,"rf_probs",0,119,217,153,0.243353783231084,0.354166666666667,0,0.4375,0.354166666666667,0.391447368421053,"rf_probs",0,241,470,300,0.23837784371909,0.338959212376934,0,0.44547134935305,0.338959212376934,0.384984025559105
2000,1000,80,0.3,0.05,"a",FALSE,0.5,0,76,"1, 35, 60, 70","rf_class",425,1023,24,28,0.965333333333333,0.977077363896848,0.938189845474614,0.973358705994291,0.977077363896848,0.975214489990467,"rf_class",143,327,9,10,0.961145194274029,0.973214285714286,0.934640522875817,0.970326409495549,0.973214285714286,0.971768202080238,"rf_class",282,696,15,18,0.967359050445104,0.978902953586498,0.94,0.974789915966387,0.978902953586498,0.976842105263158
2000,1000,80,0.3,0.05,"a",FALSE,0.5,0,77,"19, 30, 6, 49","IRT",439,985,68,8,0.949333333333333,0.935422602089269,0.982102908277405,0.991943605236657,0.935422602089269,0.962854349951124,"IRT",141,326,22,2,0.95112016293279,0.936781609195402,0.986013986013986,0.99390243902439,0.936781609195402,0.964497041420118,"IRT",298,659,46,6,0.948463825569871,0.934751773049645,0.980263157894737,0.990977443609023,0.934751773049645,0.962043795620438
2000,1000,80,0.3,0.05,"a",FALSE,0.5,0,77,"19, 30, 6, 49","rf_probs",0,305,748,447,0.203333333333333,0.289648622981956,0,0.405585106382979,0.289648622981956,0.337950138504155,"rf_probs",0,103,245,143,0.209775967413442,0.295977011494253,0,0.41869918699187,0.295977011494253,0.346801346801347,"rf_probs",0,202,503,304,0.200198216055501,0.286524822695035,0,0.399209486166008,0.286524822695035,0.333608587943848
2000,1000,80,0.3,0.05,"a",FALSE,0.5,0,77,"19, 30, 6, 49","rf_class",434,1011,42,13,0.963333333333333,0.96011396011396,0.970917225950783,0.9873046875,0.96011396011396,0.973519499277804,"rf_class",138,331,17,5,0.955193482688391,0.951149425287356,0.965034965034965,0.985119047619048,0.951149425287356,0.967836257309942,"rf_class",296,680,25,8,0.967294350842418,0.964539007092199,0.973684210526316,0.988372093023256,0.964539007092199,0.976310122038765
2000,1000,80,0.3,0.05,"a",FALSE,0.5,0,78,"56, 12, 66, 76","IRT",444,1008,33,15,0.968,0.968299711815562,0.967320261437909,0.98533724340176,0.968299711815562,0.976744186046512,"IRT",141,331,10,4,0.97119341563786,0.970674486803519,0.972413793103448,0.988059701492537,0.970674486803519,0.979289940828402,"IRT",303,677,23,11,0.96646942800789,0.967142857142857,0.964968152866242,0.984011627906977,0.967142857142857,0.975504322766571
2000,1000,80,0.3,0.05,"a",FALSE,0.5,0,78,"56, 12, 66, 76","rf_probs",0,363,678,459,0.242,0.348703170028818,0,0.441605839416058,0.348703170028818,0.389694041867955,"rf_probs",0,114,227,145,0.234567901234568,0.334310850439883,0,0.44015444015444,0.334310850439883,0.38,"rf_probs",0,249,451,314,0.245562130177515,0.355714285714286,0,0.442273534635879,0.355714285714286,0.394299287410926
2000,1000,80,0.3,0.05,"a",FALSE,0.5,0,78,"56, 12, 66, 76","rf_class",434,1008,33,25,0.961333333333333,0.968299711815562,0.945533769063181,0.975798644724105,0.968299711815562,0.972034715525555,"rf_class",138,330,11,7,0.962962962962963,0.967741935483871,0.951724137931034,0.979228486646884,0.967741935483871,0.973451327433628,"rf_class",296,678,22,18,0.960552268244576,0.968571428571429,0.942675159235669,0.974137931034483,0.968571428571429,0.97134670487106
2000,1000,80,0.3,0.05,"a",FALSE,0.5,0,79,"78, 18, 68, 42","IRT",433,1014,40,13,0.964666666666667,0.962049335863378,0.97085201793722,0.987341772151899,0.962049335863378,0.974531475252283,"IRT",143,349,9,6,0.970414201183432,0.974860335195531,0.959731543624161,0.983098591549296,0.974860335195531,0.978962131837307,"IRT",290,665,31,7,0.961732124874119,0.955459770114943,0.976430976430976,0.989583333333333,0.955459770114943,0.972222222222222
2000,1000,80,0.3,0.05,"a",FALSE,0.5,0,79,"78, 18, 68, 42","rf_probs",0,378,676,446,0.252,0.358633776091082,0,0.45873786407767,0.358633776091082,0.402555910543131,"rf_probs",0,123,235,149,0.242603550295858,0.343575418994413,0,0.452205882352941,0.343575418994413,0.39047619047619,"rf_probs",0,255,441,297,0.256797583081571,0.366379310344828,0,0.46195652173913,0.366379310344828,0.408653846153846
2000,1000,80,0.3,0.05,"a",FALSE,0.5,0,79,"78, 18, 68, 42","rf_class",426,1000,54,20,0.950666666666667,0.94876660341556,0.955156950672646,0.980392156862745,0.94876660341556,0.964320154291225,"rf_class",140,340,18,9,0.946745562130177,0.949720670391061,0.939597315436242,0.974212034383954,0.949720670391061,0.961810466760962,"rf_class",286,660,36,11,0.952668680765357,0.948275862068966,0.962962962962963,0.983606557377049,0.948275862068966,0.965618141916606
2000,1000,80,0.3,0.05,"a",FALSE,0.5,0,80,"20, 57, 32, 36","IRT",411,1029,47,13,0.96,0.956319702602231,0.969339622641509,0.987523992322457,0.956319702602231,0.971671388101983,"IRT",145,350,18,2,0.961165048543689,0.951086956521739,0.986394557823129,0.994318181818182,0.951086956521739,0.972222222222222,"IRT",266,679,29,11,0.959390862944162,0.959039548022599,0.96028880866426,0.984057971014493,0.959039548022599,0.971387696709585
2000,1000,80,0.3,0.05,"a",FALSE,0.5,0,80,"20, 57, 32, 36","rf_probs",0,392,684,424,0.261333333333333,0.364312267657993,0,0.480392156862745,0.364312267657993,0.414376321353066,"rf_probs",0,135,233,147,0.262135922330097,0.366847826086957,0,0.478723404255319,0.366847826086957,0.415384615384615,"rf_probs",0,257,451,277,0.260913705583756,0.362994350282486,0,0.4812734082397,0.362994350282486,0.413848631239936
2000,1000,80,0.3,0.05,"a",FALSE,0.5,0,80,"20, 57, 32, 36","rf_class",410,1019,57,14,0.952666666666667,0.947026022304833,0.966981132075472,0.986447241045499,0.947026022304833,0.96633475580844,"rf_class",145,347,21,2,0.955339805825243,0.942934782608696,0.986394557823129,0.994269340974212,0.942934782608696,0.96792189679219,"rf_class",265,672,36,12,0.951269035532995,0.949152542372881,0.956678700361011,0.982456140350877,0.949152542372881,0.96551724137931
2000,1000,80,0.3,0.05,"a",FALSE,0.5,0,81,"33, 77, 15, 19","IRT",444,1004,38,14,0.965333333333333,0.963531669865643,0.96943231441048,0.986247544204322,0.963531669865643,0.974757281553398,"IRT",143,322,18,2,0.958762886597938,0.947058823529412,0.986206896551724,0.993827160493827,0.947058823529412,0.969879518072289,"IRT",301,682,20,12,0.968472906403941,0.971509971509972,0.961661341853035,0.982708933717579,0.971509971509972,0.977077363896848
2000,1000,80,0.3,0.05,"a",FALSE,0.5,0,81,"33, 77, 15, 19","rf_probs",0,355,687,458,0.236666666666667,0.340690978886756,0,0.436654366543665,0.340690978886756,0.382749326145553,"rf_probs",0,120,220,145,0.247422680412371,0.352941176470588,0,0.452830188679245,0.352941176470588,0.396694214876033,"rf_probs",0,235,467,313,0.231527093596059,0.334757834757835,0,0.428832116788321,0.334757834757835,0.376
2000,1000,80,0.3,0.05,"a",FALSE,0.5,0,81,"33, 77, 15, 19","rf_class",434,1000,42,24,0.956,0.959692898272553,0.947598253275109,0.9765625,0.959692898272553,0.968054211035818,"rf_class",141,321,19,4,0.952577319587629,0.944117647058824,0.972413793103448,0.987692307692308,0.944117647058824,0.965413533834587,"rf_class",293,679,23,20,0.957635467980296,0.967236467236467,0.936102236421725,0.971387696709585,0.967236467236467,0.969307637401856
2000,1000,80,0.3,0.05,"a",FALSE,0.5,0,82,"78, 52, 60, 38","IRT",451,995,44,10,0.964,0.957651588065448,0.978308026030369,0.990049751243781,0.957651588065448,0.973581213307241,"IRT",155,324,16,2,0.963782696177062,0.952941176470588,0.987261146496815,0.993865030674847,0.952941176470588,0.972972972972973,"IRT",296,671,28,8,0.964107676969093,0.959942775393419,0.973684210526316,0.988217967599411,0.959942775393419,0.973875181422351
2000,1000,80,0.3,0.05,"a",FALSE,0.5,0,82,"78, 52, 60, 38","rf_probs",418,0,1039,43,0.278666666666667,0,0.906724511930586,0,0,NA,"rf_probs",137,0,340,20,0.275653923541247,0,0.872611464968153,0,0,NA,"rf_probs",281,0,699,23,0.280159521435693,0,0.924342105263158,0,0,NA
2000,1000,80,0.3,0.05,"a",FALSE,0.5,0,82,"78, 52, 60, 38","rf_class",434,1001,38,27,0.956666666666667,0.963426371511068,0.941431670281996,0.973735408560311,0.963426371511068,0.968553459119497,"rf_class",150,327,13,7,0.959758551307847,0.961764705882353,0.955414012738854,0.979041916167665,0.961764705882353,0.970326409495549,"rf_class",284,674,25,20,0.955134596211366,0.964234620886981,0.934210526315789,0.971181556195965,0.964234620886981,0.967695620961953
2000,1000,80,0.3,0.05,"a",FALSE,0.5,0,83,"50, 11, 48, 45","IRT",443,984,68,5,0.951333333333333,0.935361216730038,0.988839285714286,0.994944388270981,0.935361216730038,0.964233219010289,"IRT",146,323,19,2,0.957142857142857,0.944444444444444,0.986486486486487,0.993846153846154,0.944444444444444,0.968515742128935,"IRT",297,661,49,3,0.948514851485148,0.930985915492958,0.99,0.995481927710843,0.930985915492958,0.962154294032023
2000,1000,80,0.3,0.05,"a",FALSE,0.5,0,83,"50, 11, 48, 45","rf_probs",0,359,693,448,0.239333333333333,0.341254752851711,0,0.444857496902107,0.341254752851711,0.386229155459925,"rf_probs",0,125,217,148,0.255102040816327,0.365497076023392,0,0.457875457875458,0.365497076023392,0.40650406504065,"rf_probs",0,234,476,300,0.231683168316832,0.329577464788732,0,0.438202247191011,0.329577464788732,0.376205787781351
2000,1000,80,0.3,0.05,"a",FALSE,0.5,0,83,"50, 11, 48, 45","rf_class",424,1016,36,24,0.96,0.965779467680608,0.946428571428571,0.976923076923077,0.965779467680608,0.97131931166348,"rf_class",139,328,14,9,0.953061224489796,0.95906432748538,0.939189189189189,0.973293768545994,0.95906432748538,0.966126656848306,"rf_class",285,688,22,15,0.963366336633663,0.969014084507042,0.95,0.978662873399715,0.969014084507042,0.97381457891012
2000,1000,80,0.3,0.05,"a",FALSE,0.5,0,84,"74, 71, 40, 75","IRT",444,1001,42,13,0.963333333333333,0.959731543624161,0.971553610503282,0.987179487179487,0.959731543624161,0.973262032085562,"IRT",156,343,10,3,0.974609375,0.971671388101983,0.981132075471698,0.991329479768786,0.971671388101983,0.98140200286123,"IRT",288,658,32,10,0.95748987854251,0.953623188405797,0.966442953020134,0.985029940119761,0.953623188405797,0.969072164948454
2000,1000,80,0.3,0.05,"a",FALSE,0.5,0,84,"74, 71, 40, 75","rf_probs",0,315,728,457,0.21,0.302013422818792,0,0.408031088082902,0.302013422818792,0.347107438016529,"rf_probs",0,100,253,159,0.1953125,0.28328611898017,0,0.386100386100386,0.28328611898017,0.326797385620915,"rf_probs",0,215,475,298,0.217611336032389,0.311594202898551,0,0.419103313840156,0.311594202898551,0.357439733998338
2000,1000,80,0.3,0.05,"a",FALSE,0.5,0,84,"74, 71, 40, 75","rf_class",429,1013,30,28,0.961333333333333,0.971236816874401,0.938730853391685,0.973102785782901,0.971236816874401,0.972168905950096,"rf_class",151,347,6,8,0.97265625,0.98300283286119,0.949685534591195,0.977464788732394,0.98300283286119,0.980225988700565,"rf_class",278,666,24,20,0.955465587044534,0.965217391304348,0.932885906040268,0.970845481049563,0.965217391304348,0.968023255813953
2000,1000,80,0.3,0.05,"a",FALSE,0.5,0,85,"48, 31, 50, 22","IRT",449,989,48,14,0.958666666666667,0.953712632594021,0.96976241900648,0.986041874376869,0.953712632594021,0.969607843137255,"IRT",152,335,16,4,0.960552268244576,0.954415954415954,0.974358974358974,0.988200589970501,0.954415954415954,0.971014492753623,"IRT",297,654,32,10,0.957703927492447,0.9533527696793,0.96742671009772,0.984939759036145,0.9533527696793,0.968888888888889
2000,1000,80,0.3,0.05,"a",FALSE,0.5,0,85,"48, 31, 50, 22","rf_probs",0,352,685,463,0.234666666666667,0.339440694310511,0,0.431901840490798,0.339440694310511,0.380129589632829,"rf_probs",0,115,236,156,0.226824457593688,0.327635327635328,0,0.424354243542435,0.327635327635328,0.369774919614148,"rf_probs",0,237,449,307,0.238670694864048,0.345481049562682,0,0.435661764705882,0.345481049562682,0.385365853658537
2000,1000,80,0.3,0.05,"a",FALSE,0.5,0,85,"48, 31, 50, 22","rf_class",431,1008,29,32,0.959333333333333,0.972034715525555,0.930885529157667,0.969230769230769,0.972034715525555,0.970630717380838,"rf_class",145,341,10,11,0.958579881656805,0.971509971509972,0.92948717948718,0.96875,0.971509971509972,0.970128022759602,"rf_class",286,667,19,21,0.959718026183283,0.972303206997085,0.931596091205212,0.969476744186046,0.972303206997085,0.970887918486172
2000,1000,80,0.3,0.05,"a",FALSE,0.5,0,86,"42, 7, 23, 10","IRT",406,1028,57,9,0.956,0.947465437788018,0.978313253012048,0.991321118611379,0.947465437788018,0.9688972667295,"IRT",123,344,19,1,0.958932238193018,0.947658402203857,0.991935483870968,0.997101449275362,0.947658402203857,0.971751412429379,"IRT",283,684,38,8,0.954590325765054,0.947368421052632,0.972508591065292,0.988439306358382,0.947368421052632,0.967468175388967
2000,1000,80,0.3,0.05,"a",FALSE,0.5,0,86,"42, 7, 23, 10","rf_probs",0,381,704,415,0.254,0.351152073732719,0,0.478643216080402,0.351152073732719,0.405103668261563,"rf_probs",0,112,251,124,0.229979466119097,0.308539944903581,0,0.474576271186441,0.308539944903581,0.373956594323873,"rf_probs",0,269,453,291,0.265547877591313,0.372576177285319,0,0.480357142857143,0.372576177285319,0.419656786271451
2000,1000,80,0.3,0.05,"a",FALSE,0.5,0,86,"42, 7, 23, 10","rf_class",399,1038,47,16,0.958,0.95668202764977,0.96144578313253,0.984819734345351,0.95668202764977,0.97054698457223,"rf_class",121,342,21,3,0.950718685831622,0.942148760330578,0.975806451612903,0.991304347826087,0.942148760330578,0.966101694915254,"rf_class",278,696,26,13,0.961500493583416,0.96398891966759,0.9553264604811,0.981664315937941,0.96398891966759,0.972746331236897
2000,1000,80,0.3,0.05,"a",FALSE,0.5,0,87,"40, 56, 51, 36","IRT",417,1021,48,14,0.958666666666667,0.955098222637979,0.967517401392111,0.986473429951691,0.955098222637979,0.970532319391635,"IRT",154,348,17,6,0.956190476190476,0.953424657534247,0.9625,0.983050847457627,0.953424657534247,0.968011126564673,"IRT",263,673,31,8,0.96,0.955965909090909,0.970479704797048,0.988252569750367,0.955965909090909,0.971841155234657
2000,1000,80,0.3,0.05,"a",FALSE,0.5,0,87,"40, 56, 51, 36","rf_probs",0,363,706,431,0.242,0.339569691300281,0,0.457178841309824,0.339569691300281,0.389694041867955,"rf_probs",0,124,241,160,0.236190476190476,0.33972602739726,0,0.436619718309859,0.33972602739726,0.382126348228043,"rf_probs",0,239,465,271,0.245128205128205,0.339488636363636,0,0.468627450980392,0.339488636363636,0.393739703459638
2000,1000,80,0.3,0.05,"a",FALSE,0.5,0,87,"40, 56, 51, 36","rf_class",411,1019,50,20,0.953333333333333,0.953227315247895,0.953596287703016,0.980750721847931,0.953227315247895,0.966793168880455,"rf_class",151,345,20,9,0.944761904761905,0.945205479452055,0.94375,0.974576271186441,0.945205479452055,0.959666203059805,"rf_class",260,674,30,11,0.957948717948718,0.957386363636364,0.959409594095941,0.983941605839416,0.957386363636364,0.970482361411087
2000,1000,80,0.3,0.05,"a",FALSE,0.5,0,88,"62, 3, 20, 38","IRT",444,1007,33,16,0.967333333333333,0.968269230769231,0.965217391304348,0.98435972629521,0.968269230769231,0.976248182258846,"IRT",146,345,11,7,0.964636542239686,0.969101123595506,0.954248366013072,0.980113636363636,0.969101123595506,0.974576271186441,"IRT",298,662,22,9,0.968718466195762,0.967836257309941,0.970684039087948,0.986587183308495,0.967836257309941,0.977121771217712
2000,1000,80,0.3,0.05,"a",FALSE,0.5,0,88,"62, 3, 20, 38","rf_probs",0,367,673,460,0.244666666666667,0.352884615384615,0,0.443772672309553,0.352884615384615,0.393144081414033,"rf_probs",0,138,218,153,0.271119842829077,0.387640449438202,0,0.474226804123711,0.387640449438202,0.426584234930448,"rf_probs",0,229,455,307,0.231079717457114,0.334795321637427,0,0.427238805970149,0.334795321637427,0.375409836065574
2000,1000,80,0.3,0.05,"a",FALSE,0.5,0,88,"62, 3, 20, 38","rf_class",427,1010,30,33,0.958,0.971153846153846,0.928260869565217,0.968360498561841,0.971153846153846,0.969755160825732,"rf_class",145,347,9,8,0.966601178781925,0.974719101123595,0.947712418300654,0.977464788732394,0.974719101123595,0.976090014064698,"rf_class",282,663,21,25,0.953582240161453,0.969298245614035,0.9185667752443,0.963662790697674,0.969298245614035,0.966472303206997
2000,1000,80,0.3,0.05,"a",FALSE,0.5,0,89,"8, 73, 67, 10","IRT",457,1002,26,15,0.972666666666667,0.974708171206226,0.968220338983051,0.985250737463127,0.974708171206226,0.979951100244499,"IRT",151,347,7,3,0.980314960629921,0.980225988700565,0.980519480519481,0.991428571428571,0.980225988700565,0.985795454545455,"IRT",306,655,19,12,0.96875,0.971810089020771,0.962264150943396,0.982008995502249,0.971810089020771,0.976882923191648
2000,1000,80,0.3,0.05,"a",FALSE,0.5,0,89,"8, 73, 67, 10","rf_probs",0,350,678,472,0.233333333333333,0.340466926070039,0,0.425790754257908,0.340466926070039,0.378378378378378,"rf_probs",0,118,236,154,0.232283464566929,0.333333333333333,0,0.433823529411765,0.333333333333333,0.376996805111821,"rf_probs",0,232,442,318,0.233870967741935,0.344213649851632,0,0.421818181818182,0.344213649851632,0.379084967320261
2000,1000,80,0.3,0.05,"a",FALSE,0.5,0,89,"8, 73, 67, 10","rf_class",445,1003,25,27,0.965333333333333,0.97568093385214,0.942796610169492,0.97378640776699,0.97568093385214,0.974732750242954,"rf_class",145,343,11,9,0.960629921259842,0.968926553672316,0.941558441558442,0.974431818181818,0.968926553672316,0.971671388101983,"rf_class",300,660,14,18,0.967741935483871,0.979228486646884,0.943396226415094,0.973451327433628,0.979228486646884,0.976331360946745
2000,1000,80,0.3,0.05,"a",FALSE,0.5,0,90,"4, 30, 26, 43","IRT",457,979,57,7,0.957333333333333,0.944980694980695,0.984913793103448,0.99290060851927,0.944980694980695,0.968348170128586,"IRT",159,328,20,4,0.953033268101761,0.942528735632184,0.975460122699387,0.987951807228916,0.942528735632184,0.964705882352941,"IRT",298,651,37,3,0.959555106167846,0.946220930232558,0.990033222591362,0.995412844036697,0.946220930232558,0.970193740685544
2000,1000,80,0.3,0.05,"a",FALSE,0.5,0,90,"4, 30, 26, 43","rf_probs",0,345,691,464,0.23,0.333011583011583,0,0.426452410383189,0.333011583011583,0.373983739837398,"rf_probs",0,117,231,163,0.228962818003914,0.336206896551724,0,0.417857142857143,0.336206896551724,0.372611464968153,"rf_probs",0,228,460,301,0.230535894843276,0.331395348837209,0,0.431001890359168,0.331395348837209,0.374691865242399
2000,1000,80,0.3,0.05,"a",FALSE,0.5,0,90,"4, 30, 26, 43","rf_class",438,1005,31,26,0.962,0.97007722007722,0.943965517241379,0.974781765276431,0.97007722007722,0.972423802612482,"rf_class",156,339,9,7,0.968688845401174,0.974137931034483,0.957055214723926,0.979768786127168,0.974137931034483,0.976945244956772,"rf_class",282,666,22,19,0.958543983822042,0.968023255813954,0.93687707641196,0.972262773722628,0.968023255813954,0.970138383102695
2000,1000,80,0.3,0.05,"a",FALSE,0.5,0,91,"2, 19, 77, 18","IRT",447,994,42,17,0.960666666666667,0.959459459459459,0.963362068965517,0.983184965380811,0.959459459459459,0.971177332681974,"IRT",153,329,16,5,0.958250497017893,0.953623188405797,0.968354430379747,0.985029940119761,0.953623188405797,0.969072164948454,"IRT",294,665,26,12,0.961885656970913,0.962373371924747,0.96078431372549,0.982274741506647,0.962373371924747,0.972222222222222
2000,1000,80,0.3,0.05,"a",FALSE,0.5,0,91,"2, 19, 77, 18","rf_probs",0,328,708,464,0.218666666666667,0.316602316602317,0,0.414141414141414,0.316602316602317,0.358862144420131,"rf_probs",0,113,232,158,0.224652087475149,0.327536231884058,0,0.416974169741697,0.327536231884058,0.366883116883117,"rf_probs",0,215,476,306,0.215646940822467,0.311143270622287,0,0.412667946257198,0.311143270622287,0.354785478547855
2000,1000,80,0.3,0.05,"a",FALSE,0.5,0,91,"2, 19, 77, 18","rf_class",442,1002,34,22,0.962666666666667,0.967181467181467,0.952586206896552,0.978515625,0.967181467181467,0.972815533980582,"rf_class",151,331,14,7,0.958250497017893,0.959420289855072,0.955696202531646,0.979289940828402,0.959420289855072,0.969253294289897,"rf_class",291,671,20,15,0.964894684052157,0.971056439942113,0.950980392156863,0.978134110787172,0.971056439942113,0.974582425562818
2000,1000,80,0.3,0.05,"a",FALSE,0.5,0,92,"18, 64, 22, 5","IRT",441,1000,48,11,0.960666666666667,0.954198473282443,0.975663716814159,0.989119683481701,0.954198473282443,0.971345313258864,"IRT",160,323,15,4,0.962151394422311,0.955621301775148,0.975609756097561,0.987767584097859,0.955621301775148,0.971428571428571,"IRT",281,677,33,7,0.959919839679359,0.953521126760563,0.975694444444444,0.989766081871345,0.953521126760563,0.971305595408895
2000,1000,80,0.3,0.05,"a",FALSE,0.5,0,92,"18, 64, 22, 5","rf_probs",0,338,710,452,0.225333333333333,0.322519083969466,0,0.427848101265823,0.322519083969466,0.367791077257889,"rf_probs",0,111,227,164,0.221115537848606,0.328402366863905,0,0.403636363636364,0.328402366863905,0.362153344208809,"rf_probs",0,227,483,288,0.227454909819639,0.319718309859155,0,0.440776699029126,0.319718309859155,0.370612244897959
2000,1000,80,0.3,0.05,"a",FALSE,0.5,0,92,"18, 64, 22, 5","rf_class",432,1012,36,20,0.962666666666667,0.965648854961832,0.955752212389381,0.98062015503876,0.965648854961832,0.973076923076923,"rf_class",155,326,12,9,0.958167330677291,0.964497041420118,0.945121951219512,0.973134328358209,0.964497041420118,0.968796433878158,"rf_class",277,686,24,11,0.964929859719439,0.966197183098592,0.961805555555556,0.984218077474892,0.966197183098592,0.975124378109453
2000,1000,80,0.3,0.05,"a",FALSE,0.5,0,93,"47, 66, 61, 39","IRT",435,1012,41,12,0.964666666666667,0.961063627730294,0.973154362416107,0.98828125,0.961063627730294,0.974482426576794,"IRT",144,346,22,4,0.949612403100775,0.940217391304348,0.972972972972973,0.988571428571429,0.940217391304348,0.963788300835655,"IRT",291,666,19,8,0.972560975609756,0.972262773722628,0.973244147157191,0.98813056379822,0.972262773722628,0.980132450331126
2000,1000,80,0.3,0.05,"a",FALSE,0.5,0,93,"47, 66, 61, 39","rf_probs",0,373,680,447,0.248666666666667,0.354226020892688,0,0.454878048780488,0.354226020892688,0.398291510945008,"rf_probs",0,136,232,148,0.263565891472868,0.369565217391304,0,0.47887323943662,0.369565217391304,0.417177914110429,"rf_probs",0,237,448,299,0.240853658536585,0.345985401459854,0,0.442164179104478,0.345985401459854,0.388206388206388
2000,1000,80,0.3,0.05,"a",FALSE,0.5,0,93,"47, 66, 61, 39","rf_class",427,1015,38,20,0.961333333333333,0.963912630579297,0.955257270693512,0.980676328502415,0.963912630579297,0.972222222222222,"rf_class",141,347,21,7,0.945736434108527,0.942934782608696,0.952702702702703,0.980225988700565,0.942934782608696,0.961218836565097,"rf_class",286,668,17,13,0.969512195121951,0.975182481751825,0.956521739130435,0.980910425844347,0.975182481751825,0.978038067349927
2000,1000,80,0.3,0.05,"a",FALSE,0.5,0,94,"15, 77, 6, 55","IRT",439,1010,26,25,0.966,0.974903474903475,0.946120689655172,0.975845410628019,0.974903474903475,0.975374215354901,"IRT",139,333,8,10,0.963265306122449,0.976539589442815,0.932885906040268,0.970845481049563,0.976539589442815,0.973684210526316,"IRT",300,677,18,15,0.967326732673267,0.97410071942446,0.952380952380952,0.978323699421965,0.97410071942446,0.976207642393655
2000,1000,80,0.3,0.05,"a",FALSE,0.5,0,94,"15, 77, 6, 55","rf_probs",0,373,663,464,0.248666666666667,0.36003861003861,0,0.445639187574671,0.36003861003861,0.398291510945008,"rf_probs",0,113,228,149,0.230612244897959,0.331378299120235,0,0.431297709923664,0.331378299120235,0.374792703150912,"rf_probs",0,260,435,315,0.257425742574257,0.37410071942446,0,0.452173913043478,0.37410071942446,0.409448818897638
2000,1000,80,0.3,0.05,"a",FALSE,0.5,0,94,"15, 77, 6, 55","rf_class",431,1010,26,33,0.960666666666667,0.974903474903475,0.928879310344828,0.968360498561841,0.974903474903475,0.971620971620972,"rf_class",137,334,7,12,0.961224489795918,0.979472140762463,0.919463087248322,0.965317919075145,0.979472140762463,0.972343522561863,"rf_class",294,676,19,21,0.96039603960396,0.972661870503597,0.933333333333333,0.96987087517934,0.972661870503597,0.971264367816092
2000,1000,80,0.3,0.05,"a",FALSE,0.5,0,95,"30, 63, 24, 5","IRT",435,998,47,20,0.955333333333333,0.955023923444976,0.956043956043956,0.980353634577603,0.955023923444976,0.96752302472128,"IRT",131,340,17,3,0.959266802443992,0.952380952380952,0.977611940298508,0.991253644314869,0.952380952380952,0.971428571428572,"IRT",304,658,30,17,0.953419226957384,0.956395348837209,0.947040498442368,0.974814814814815,0.956395348837209,0.96551724137931
2000,1000,80,0.3,0.05,"a",FALSE,0.5,0,95,"30, 63, 24, 5","rf_probs",0,364,681,455,0.242666666666667,0.348325358851675,0,0.444444444444444,0.348325358851675,0.390557939914163,"rf_probs",0,126,231,134,0.256619144602851,0.352941176470588,0,0.484615384615385,0.352941176470588,0.408427876823339,"rf_probs",0,238,450,321,0.23587710604559,0.34593023255814,0,0.425760286225403,0.34593023255814,0.381716118684844
2000,1000,80,0.3,0.05,"a",FALSE,0.5,0,95,"30, 63, 24, 5","rf_class",422,1007,38,33,0.952666666666667,0.963636363636364,0.927472527472528,0.968269230769231,0.963636363636364,0.965947242206235,"rf_class",128,344,13,6,0.961303462321792,0.963585434173669,0.955223880597015,0.982857142857143,0.963585434173669,0.973125884016973,"rf_class",294,663,25,27,0.948463825569871,0.963662790697674,0.91588785046729,0.960869565217391,0.963662790697674,0.962264150943396
2000,1000,80,0.3,0.05,"a",FALSE,0.5,0,96,"16, 27, 12, 28","IRT",424,1025,14,37,0.966,0.986525505293552,0.919739696312364,0.965160075329567,0.986525505293552,0.975725844835792,"IRT",134,342,2,11,0.973415132924335,0.994186046511628,0.924137931034483,0.968838526912181,0.994186046511628,0.981348637015782,"IRT",290,683,12,26,0.962413452027695,0.98273381294964,0.917721518987342,0.963328631875881,0.98273381294964,0.972934472934473
2000,1000,80,0.3,0.05,"a",FALSE,0.5,0,96,"16, 27, 12, 28","rf_probs",0,306,733,461,0.204,0.29451395572666,0,0.398956975228162,0.29451395572666,0.338870431893688,"rf_probs",0,93,251,145,0.190184049079755,0.270348837209302,0,0.390756302521008,0.270348837209302,0.319587628865979,"rf_probs",0,213,482,316,0.210682492581602,0.306474820143885,0,0.402646502835539,0.306474820143885,0.348039215686274
2000,1000,80,0.3,0.05,"a",FALSE,0.5,0,96,"16, 27, 12, 28","rf_class",428,1009,30,33,0.958,0.971126082771896,0.928416485900217,0.968330134357006,0.971126082771896,0.969726093224411,"rf_class",137,337,7,8,0.969325153374233,0.979651162790698,0.944827586206897,0.976811594202899,0.979651162790698,0.978229317851959,"rf_class",291,672,23,25,0.952522255192878,0.966906474820144,0.920886075949367,0.964131994261119,0.966906474820144,0.96551724137931
2000,1000,80,0.3,0.05,"a",FALSE,0.5,0,97,"71, 74, 21, 10","IRT",416,1020,44,20,0.957333333333333,0.958646616541353,0.954128440366973,0.980769230769231,0.958646616541353,0.96958174904943,"IRT",128,358,18,2,0.960474308300395,0.952127659574468,0.984615384615385,0.994444444444444,0.952127659574468,0.972826086956522,"IRT",288,662,26,18,0.955734406438632,0.962209302325581,0.941176470588235,0.973529411764706,0.962209302325581,0.967836257309942
2000,1000,80,0.3,0.05,"a",FALSE,0.5,0,97,"71, 74, 21, 10","rf_probs",0,347,717,436,0.231333333333333,0.326127819548872,0,0.443167305236271,0.326127819548872,0.375744450460206,"rf_probs",0,114,262,130,0.225296442687747,0.303191489361702,0,0.467213114754098,0.303191489361702,0.367741935483871,"rf_probs",0,233,455,306,0.234406438631791,0.338662790697674,0,0.432282003710575,0.338662790697674,0.379788101059495
2000,1000,80,0.3,0.05,"a",FALSE,0.5,0,97,"71, 74, 21, 10","rf_class",406,1024,40,30,0.953333333333333,0.962406015037594,0.931192660550459,0.971537001897533,0.962406015037594,0.966949952785647,"rf_class",124,357,19,6,0.950592885375494,0.949468085106383,0.953846153846154,0.983471074380165,0.949468085106383,0.96617050067659,"rf_class",282,667,21,24,0.954728370221328,0.969476744186046,0.92156862745098,0.965267727930536,0.969476744186046,0.967367657722988
2000,1000,80,0.3,0.05,"a",FALSE,0.5,0,98,"24, 34, 30, 60","IRT",428,1026,28,18,0.969333333333333,0.973434535104364,0.959641255605381,0.982758620689655,0.973434535104364,0.978074356530029,"IRT",145,338,9,8,0.966,0.974063400576369,0.947712418300654,0.976878612716763,0.974063400576369,0.975468975468975,"IRT",283,688,19,10,0.971,0.973125884016973,0.965870307167236,0.98567335243553,0.973125884016973,0.979359430604982
2000,1000,80,0.3,0.05,"a",FALSE,0.5,0,98,"24, 34, 30, 60","rf_probs",0,368,686,446,0.245333333333333,0.349146110056926,0,0.452088452088452,0.349146110056926,0.394004282655246,"rf_probs",0,116,231,153,0.232,0.334293948126801,0,0.431226765799257,0.334293948126801,0.376623376623377,"rf_probs",0,252,455,293,0.252,0.356435643564356,0,0.462385321100917,0.356435643564356,0.402555910543131
2000,1000,80,0.3,0.05,"a",FALSE,0.5,0,98,"24, 34, 30, 60","rf_class",418,1011,43,28,0.952666666666667,0.959203036053131,0.937219730941704,0.973051010587103,0.959203036053131,0.96607740086001,"rf_class",139,335,12,14,0.948,0.965417867435158,0.908496732026144,0.959885386819484,0.965417867435158,0.962643678160919,"rf_class",279,676,31,14,0.955,0.956152758132956,0.95221843003413,0.979710144927536,0.956152758132956,0.967788117394417
2000,1000,80,0.3,0.05,"a",FALSE,0.5,0,99,"45, 2, 23, 40","IRT",436,1011,45,8,0.964666666666667,0.957386363636364,0.981981981981982,0.992149165848871,0.957386363636364,0.974457831325301,"IRT",145,335,19,2,0.958083832335329,0.946327683615819,0.986394557823129,0.99406528189911,0.946327683615819,0.969609261939218,"IRT",291,676,26,6,0.967967967967968,0.962962962962963,0.97979797979798,0.991202346041056,0.962962962962963,0.976878612716763
2000,1000,80,0.3,0.05,"a",FALSE,0.5,0,99,"45, 2, 23, 40","rf_probs",0,350,706,444,0.233333333333333,0.331439393939394,0,0.44080604534005,0.331439393939394,0.378378378378378,"rf_probs",0,136,218,147,0.271457085828343,0.384180790960452,0,0.480565371024735,0.384180790960452,0.427001569858713,"rf_probs",0,214,488,297,0.214214214214214,0.304843304843305,0,0.418786692759295,0.304843304843305,0.352844187963726
2000,1000,80,0.3,0.05,"a",FALSE,0.5,0,99,"45, 2, 23, 40","rf_class",422,1021,35,22,0.962,0.966856060606061,0.95045045045045,0.978906999041227,0.966856060606061,0.9728442115293,"rf_class",139,338,16,8,0.952095808383233,0.954802259887006,0.945578231292517,0.976878612716763,0.954802259887006,0.965714285714286,"rf_class",283,683,19,14,0.966966966966967,0.972934472934473,0.952861952861953,0.979913916786227,0.972934472934473,0.976411722659042
2000,1000,80,0.3,0.05,"a",FALSE,0.5,0,100,"1, 79, 43, 11","IRT",452,996,50,2,0.965333333333333,0.952198852772467,0.995594713656388,0.997995991983968,0.952198852772467,0.974559686888454,"IRT",148,336,13,1,0.971887550200803,0.962750716332378,0.993288590604027,0.997032640949555,0.962750716332378,0.979591836734694,"IRT",304,660,37,1,0.962075848303393,0.946915351506456,0.99672131147541,0.998487140695915,0.946915351506456,0.972017673048601
2000,1000,80,0.3,0.05,"a",FALSE,0.5,0,100,"1, 79, 43, 11","rf_probs",0,335,711,454,0.223333333333333,0.320267686424474,0,0.424588086185044,0.320267686424474,0.365122615803815,"rf_probs",0,102,247,149,0.204819277108434,0.292263610315186,0,0.406374501992032,0.292263610315186,0.34,"rf_probs",0,233,464,305,0.232534930139721,0.33428981348637,0,0.433085501858736,0.33428981348637,0.377327935222672
2000,1000,80,0.3,0.05,"a",FALSE,0.5,0,100,"1, 79, 43, 11","rf_class",435,1020,26,19,0.97,0.975143403441683,0.958149779735683,0.981713185755534,0.975143403441683,0.97841726618705,"rf_class",144,340,9,5,0.971887550200803,0.974212034383954,0.966442953020134,0.985507246376812,0.974212034383954,0.979827089337176,"rf_class",291,680,17,14,0.969061876247505,0.975609756097561,0.954098360655738,0.979827089337176,0.975609756097561,0.977713874910137
2000,1000,80,0.3,0.05,"a",FALSE,0.5,0,101,"68, 80, 71, 16","IRT",457,988,49,6,0.963333333333333,0.95274831243973,0.987041036717063,0.993963782696177,0.95274831243973,0.972919743968488,"IRT",158,333,21,3,0.953398058252427,0.940677966101695,0.981366459627329,0.991071428571429,0.940677966101695,0.965217391304348,"IRT",299,655,28,3,0.968527918781726,0.95900439238653,0.990066225165563,0.995440729483283,0.95900439238653,0.976882923191648
2000,1000,80,0.3,0.05,"a",FALSE,0.5,0,101,"68, 80, 71, 16","rf_probs",0,349,688,463,0.232666666666667,0.336547733847637,0,0.429802955665025,0.336547733847637,0.377501352082207,"rf_probs",0,121,233,161,0.23495145631068,0.34180790960452,0,0.429078014184397,0.34180790960452,0.380503144654088,"rf_probs",0,228,455,302,0.231472081218274,0.333821376281113,0,0.430188679245283,0.333821376281113,0.375927452596867
2000,1000,80,0.3,0.05,"a",FALSE,0.5,0,101,"68, 80, 71, 16","rf_class",445,1003,34,18,0.965333333333333,0.967213114754098,0.961123110151188,0.982370225269344,0.967213114754098,0.974732750242954,"rf_class",156,342,12,5,0.966990291262136,0.966101694915254,0.968944099378882,0.985590778097983,0.966101694915254,0.975748930099857,"rf_class",289,661,22,13,0.964467005076142,0.967789165446559,0.956953642384106,0.980712166172107,0.967789165446559,0.974207811348563
2000,1000,80,0.3,0.05,"a",FALSE,0.5,0,102,"79, 18, 15, 48","IRT",456,976,56,12,0.954666666666667,0.945736434108527,0.974358974358974,0.987854251012146,0.945736434108527,0.966336633663366,"IRT",149,324,23,3,0.947895791583166,0.93371757925072,0.980263157894737,0.990825688073395,0.93371757925072,0.961424332344214,"IRT",307,652,33,9,0.958041958041958,0.951824817518248,0.971518987341772,0.986384266263237,0.951824817518248,0.968796433878158
2000,1000,80,0.3,0.05,"a",FALSE,0.5,0,102,"79, 18, 15, 48","rf_probs",0,337,695,468,0.224666666666667,0.326550387596899,0,0.418633540372671,0.326550387596899,0.366902558519325,"rf_probs",0,111,236,152,0.222444889779559,0.319884726224784,0,0.422053231939163,0.319884726224784,0.363934426229508,"rf_probs",0,226,459,316,0.225774225774226,0.32992700729927,0,0.416974169741697,0.32992700729927,0.368378158109209
2000,1000,80,0.3,0.05,"a",FALSE,0.5,0,102,"79, 18, 15, 48","rf_class",434,985,47,34,0.946,0.954457364341085,0.927350427350427,0.966633954857704,0.954457364341085,0.960507069722087,"rf_class",144,324,23,8,0.937875751503006,0.93371757925072,0.947368421052632,0.975903614457831,0.93371757925072,0.954344624447717,"rf_class",290,661,24,26,0.95004995004995,0.964963503649635,0.917721518987342,0.962154294032023,0.964963503649635,0.963556851311953
2000,1000,80,0.3,0.05,"a",FALSE,0.5,0,103,"70, 65, 39, 13","IRT",477,952,61,10,0.952666666666667,0.939782823297137,0.979466119096509,0.98960498960499,0.939782823297137,0.964050632911392,"IRT",154,319,17,2,0.961382113821138,0.949404761904762,0.987179487179487,0.993769470404984,0.949404761904762,0.971080669710807,"IRT",323,633,44,8,0.948412698412698,0.935007385524372,0.97583081570997,0.987519500780031,0.935007385524372,0.960546282245827
2000,1000,80,0.3,0.05,"a",FALSE,0.5,0,103,"70, 65, 39, 13","rf_probs",0,337,676,487,0.224666666666667,0.332675222112537,0,0.408980582524272,0.332675222112537,0.366902558519325,"rf_probs",0,113,223,156,0.229674796747967,0.336309523809524,0,0.420074349442379,0.336309523809524,0.373553719008265,"rf_probs",0,224,453,331,0.222222222222222,0.330871491875923,0,0.403603603603604,0.330871491875923,0.363636363636364
2000,1000,80,0.3,0.05,"a",FALSE,0.5,0,103,"70, 65, 39, 13","rf_class",462,987,26,25,0.966,0.974333662388944,0.948665297741273,0.975296442687747,0.974333662388944,0.974814814814815,"rf_class",148,327,9,8,0.965447154471545,0.973214285714286,0.948717948717949,0.976119402985075,0.973214285714286,0.974664679582712,"rf_class",314,660,17,17,0.966269841269841,0.974889217134417,0.948640483383686,0.974889217134417,0.974889217134417,0.974889217134417
2000,1000,80,0.3,0.05,"a",FALSE,0.5,0,104,"28, 49, 5, 15","IRT",407,1026,49,18,0.955333333333333,0.954418604651163,0.957647058823529,0.982758620689655,0.954418604651163,0.968381311939594,"IRT",140,339,16,8,0.952286282306163,0.954929577464789,0.945945945945946,0.976945244956772,0.954929577464789,0.965811965811966,"IRT",267,687,33,10,0.956870611835506,0.954166666666667,0.963898916967509,0.985652797704448,0.954166666666667,0.969654199011997
2000,1000,80,0.3,0.05,"a",FALSE,0.5,0,104,"28, 49, 5, 15","rf_probs",0,435,640,425,0.29,0.404651162790698,0,0.505813953488372,0.404651162790698,0.449612403100775,"rf_probs",0,145,210,148,0.288270377733598,0.408450704225352,0,0.494880546075085,0.408450704225352,0.447530864197531,"rf_probs",0,290,430,277,0.290872617853561,0.402777777777778,0,0.511463844797178,0.402777777777778,0.450660450660451
2000,1000,80,0.3,0.05,"a",FALSE,0.5,0,104,"28, 49, 5, 15","rf_class",403,1013,62,22,0.944,0.942325581395349,0.948235294117647,0.978743961352657,0.942325581395349,0.960189573459716,"rf_class",137,337,18,11,0.94234592445328,0.949295774647887,0.925675675675676,0.968390804597701,0.949295774647887,0.958748221906117,"rf_class",266,676,44,11,0.944834503510532,0.938888888888889,0.96028880866426,0.983988355167394,0.938888888888889,0.96090973702914
2000,1000,80,0.3,0.05,"a",FALSE,0.5,0,105,"12, 23, 31, 30","IRT",438,1015,35,12,0.968666666666667,0.966666666666667,0.973333333333333,0.988315481986368,0.966666666666667,0.97737120847376,"IRT",128,346,14,5,0.961460446247465,0.961111111111111,0.962406015037594,0.985754985754986,0.961111111111111,0.973277074542897,"IRT",310,669,21,7,0.972194637537239,0.969565217391304,0.977917981072555,0.989644970414201,0.969565217391304,0.979502196193265
2000,1000,80,0.3,0.05,"a",FALSE,0.5,0,105,"12, 23, 31, 30","rf_probs",0,338,712,450,0.225333333333333,0.321904761904762,0,0.428934010152284,0.321904761904762,0.367791077257889,"rf_probs",0,128,232,133,0.259634888438134,0.355555555555556,0,0.490421455938697,0.355555555555556,0.412238325281804,"rf_probs",0,210,480,317,0.208540218470705,0.304347826086957,0,0.398481973434535,0.304347826086957,0.345110928512736
2000,1000,80,0.3,0.05,"a",FALSE,0.5,0,105,"12, 23, 31, 30","rf_class",430,1023,27,20,0.968666666666667,0.974285714285714,0.955555555555556,0.980824544582934,0.974285714285714,0.977544194935499,"rf_class",128,350,10,5,0.969574036511156,0.972222222222222,0.962406015037594,0.985915492957746,0.972222222222222,0.979020979020979,"rf_class",302,673,17,15,0.968222442899702,0.97536231884058,0.952681388012618,0.978197674418605,0.97536231884058,0.97677793904209
2000,1000,80,0.3,0.05,"a",FALSE,0.5,0,106,"74, 26, 49, 6","IRT",422,1015,52,11,0.958,0.951265229615745,0.97459584295612,0.989278752436647,0.951265229615745,0.96989966555184,"IRT",127,363,13,3,0.968379446640316,0.965425531914894,0.976923076923077,0.991803278688525,0.965425531914894,0.978436657681941,"IRT",295,652,39,8,0.95271629778672,0.94356005788712,0.973597359735974,0.987878787878788,0.94356005788712,0.965210954848261
2000,1000,80,0.3,0.05,"a",FALSE,0.5,0,106,"74, 26, 49, 6","rf_probs",0,349,718,433,0.232666666666667,0.327085285848172,0,0.446291560102302,0.327085285848172,0.377501352082207,"rf_probs",0,109,267,130,0.215415019762846,0.289893617021277,0,0.456066945606695,0.289893617021277,0.354471544715447,"rf_probs",0,240,451,303,0.241448692152918,0.347322720694645,0,0.441988950276243,0.347322720694645,0.388978930307942
2000,1000,80,0.3,0.05,"a",FALSE,0.5,0,106,"74, 26, 49, 6","rf_class",405,1039,28,28,0.962666666666667,0.973758200562324,0.935334872979215,0.973758200562324,0.973758200562324,0.973758200562324,"rf_class",121,369,7,9,0.968379446640316,0.981382978723404,0.930769230769231,0.976190476190476,0.981382978723404,0.978779840848806,"rf_class",284,670,21,19,0.959758551307847,0.969609261939218,0.937293729372937,0.972423802612482,0.969609261939218,0.971014492753623
2000,1000,80,0.3,0.05,"a",FALSE,0.5,0,107,"23, 49, 64, 79","IRT",431,1009,48,12,0.96,0.954588457899716,0.972911963882618,0.988246816846229,0.954588457899716,0.971126082771896,"IRT",149,337,15,2,0.966202783300199,0.957386363636364,0.986754966887417,0.994100294985251,0.957386363636364,0.975397973950796,"IRT",282,672,33,10,0.956870611835506,0.953191489361702,0.965753424657534,0.98533724340176,0.953191489361702,0.968997837058399
2000,1000,80,0.3,0.05,"a",FALSE,0.5,0,107,"23, 49, 64, 79","rf_probs",0,345,712,443,0.23,0.32639545884579,0,0.437817258883249,0.32639545884579,0.373983739837398,"rf_probs",0,111,241,151,0.220675944333996,0.315340909090909,0,0.423664122137405,0.315340909090909,0.361563517915309,"rf_probs",0,234,471,292,0.234704112337011,0.331914893617021,0,0.444866920152091,0.331914893617021,0.380178716490658
2000,1000,80,0.3,0.05,"a",FALSE,0.5,0,107,"23, 49, 64, 79","rf_class",412,1022,35,31,0.956,0.966887417218543,0.930022573363431,0.970560303893637,0.966887417218543,0.968720379146919,"rf_class",138,340,12,13,0.950298210735587,0.965909090909091,0.913907284768212,0.963172804532578,0.965909090909091,0.964539007092199,"rf_class",274,682,23,18,0.958876629889669,0.967375886524823,0.938356164383562,0.974285714285714,0.967375886524823,0.970818505338078
2000,1000,80,0.3,0.05,"a",FALSE,0.5,0,108,"42, 63, 8, 33","IRT",414,1036,27,23,0.966666666666667,0.974600188146754,0.947368421052632,0.978281397544854,0.974600188146754,0.976437323279924,"IRT",137,337,9,7,0.96734693877551,0.973988439306358,0.951388888888889,0.979651162790698,0.973988439306358,0.976811594202899,"IRT",277,699,18,16,0.966336633663366,0.97489539748954,0.945392491467577,0.977622377622378,0.97489539748954,0.976256983240223
2000,1000,80,0.3,0.05,"a",FALSE,0.5,0,108,"42, 63, 8, 33","rf_probs",0,413,650,437,0.275333333333333,0.388523047977422,0,0.485882352941176,0.388523047977422,0.431782540512284,"rf_probs",0,127,219,144,0.259183673469388,0.367052023121387,0,0.468634686346863,0.367052023121387,0.411669367909238,"rf_probs",0,286,431,293,0.283168316831683,0.398884239888424,0,0.493955094991364,0.398884239888424,0.441358024691358
2000,1000,80,0.3,0.05,"a",FALSE,0.5,0,108,"42, 63, 8, 33","rf_class",420,1025,38,17,0.963333333333333,0.964252116650988,0.961098398169336,0.983685220729367,0.964252116650988,0.973871733966746,"rf_class",137,331,15,7,0.955102040816327,0.956647398843931,0.951388888888889,0.979289940828402,0.956647398843931,0.967836257309942,"rf_class",283,694,23,10,0.967326732673267,0.96792189679219,0.965870307167236,0.985795454545455,0.96792189679219,0.976776917663617
2000,1000,80,0.3,0.05,"a",FALSE,0.5,0,109,"71, 49, 5, 8","IRT",445,996,39,20,0.960666666666667,0.96231884057971,0.956989247311828,0.980314960629921,0.96231884057971,0.971233544612384,"IRT",151,335,14,9,0.954813359528487,0.959885386819484,0.94375,0.973837209302326,0.959885386819484,0.966810966810967,"IRT",294,661,25,11,0.963673057517659,0.963556851311953,0.963934426229508,0.983630952380952,0.963556851311953,0.973490427098675
2000,1000,80,0.3,0.05,"a",FALSE,0.5,0,109,"71, 49, 5, 8","rf_probs",0,390,645,465,0.26,0.376811594202899,0,0.456140350877193,0.376811594202899,0.412698412698413,"rf_probs",0,130,219,160,0.255402750491159,0.372492836676218,0,0.448275862068966,0.372492836676218,0.406885758998435,"rf_probs",0,260,426,305,0.262361251261352,0.379008746355685,0,0.460176991150442,0.379008746355685,0.415667466027178
2000,1000,80,0.3,0.05,"a",FALSE,0.5,0,109,"71, 49, 5, 8","rf_class",440,998,37,25,0.958666666666667,0.964251207729469,0.946236559139785,0.975562072336266,0.964251207729469,0.969873663751215,"rf_class",151,339,10,9,0.962671905697446,0.97134670487106,0.94375,0.974137931034483,0.97134670487106,0.972740315638451,"rf_class",289,659,27,16,0.956609485368315,0.96064139941691,0.947540983606557,0.976296296296296,0.96064139941691,0.968405584129317
2000,1000,80,0.3,0.05,"a",FALSE,0.5,0,110,"9, 57, 67, 70","IRT",436,1018,36,10,0.969333333333333,0.96584440227704,0.977578475336323,0.990272373540856,0.96584440227704,0.97790585975024,"IRT",153,331,12,3,0.969939879759519,0.965014577259475,0.980769230769231,0.991017964071856,0.965014577259475,0.977843426883309,"IRT",283,687,24,7,0.969030969030969,0.966244725738397,0.975862068965517,0.989913544668588,0.966244725738397,0.977935943060498
2000,1000,80,0.3,0.05,"a",FALSE,0.5,0,110,"9, 57, 67, 70","rf_probs",0,361,693,446,0.240666666666667,0.342504743833017,0,0.447335811648079,0.342504743833017,0.387963460505105,"rf_probs",0,111,232,156,0.222444889779559,0.323615160349854,0,0.415730337078652,0.323615160349854,0.363934426229508,"rf_probs",0,250,461,290,0.24975024975025,0.351617440225035,0,0.462962962962963,0.351617440225035,0.399680255795364
2000,1000,80,0.3,0.05,"a",FALSE,0.5,0,110,"9, 57, 67, 70","rf_class",430,1017,37,16,0.964666666666667,0.964895635673624,0.964125560538117,0.984511132623427,0.964895635673624,0.974604695735506,"rf_class",151,333,10,5,0.969939879759519,0.970845481049563,0.967948717948718,0.985207100591716,0.970845481049563,0.977973568281938,"rf_class",279,684,27,11,0.962037962037962,0.962025316455696,0.962068965517241,0.984172661870504,0.962025316455696,0.972972972972973
2000,1000,80,0.3,0.05,"a",FALSE,0.5,0,111,"79, 57, 51, 70","IRT",464,967,57,12,0.954,0.9443359375,0.974789915966387,0.987742594484168,0.9443359375,0.965551672491263,"IRT",155,321,17,3,0.959677419354839,0.949704142011834,0.981012658227848,0.990740740740741,0.949704142011834,0.969788519637462,"IRT",309,646,40,9,0.951195219123506,0.941690962099125,0.971698113207547,0.986259541984733,0.941690962099125,0.963460104399702
2000,1000,80,0.3,0.05,"a",FALSE,0.5,0,111,"79, 57, 51, 70","rf_probs",0,365,659,476,0.243333333333333,0.3564453125,0,0.434007134363853,0.3564453125,0.39142091152815,"rf_probs",0,117,221,158,0.235887096774194,0.346153846153846,0,0.425454545454545,0.346153846153846,0.381729200652529,"rf_probs",0,248,438,318,0.247011952191235,0.361516034985423,0,0.438162544169611,0.361516034985423,0.396166134185304
2000,1000,80,0.3,0.05,"a",FALSE,0.5,0,111,"79, 57, 51, 70","rf_class",441,993,31,35,0.956,0.9697265625,0.926470588235294,0.965953307392996,0.9697265625,0.967836257309941,"rf_class",150,330,8,8,0.967741935483871,0.976331360946746,0.949367088607595,0.976331360946746,0.976331360946746,0.976331360946746,"rf_class",291,663,23,27,0.950199203187251,0.966472303206997,0.915094339622642,0.960869565217391,0.966472303206997,0.963662790697674
2000,1000,80,0.3,0.05,"a",FALSE,0.5,0,112,"41, 57, 44, 33","IRT",427,1021,31,21,0.965333333333333,0.970532319391635,0.953125,0.979846449136276,0.970532319391635,0.975167144221585,"IRT",159,326,9,6,0.97,0.973134328358209,0.963636363636364,0.981927710843373,0.973134328358209,0.977511244377811,"IRT",268,695,22,15,0.963,0.96931659693166,0.946996466431095,0.97887323943662,0.96931659693166,0.974071478626489
2000,1000,80,0.3,0.05,"a",FALSE,0.5,0,112,"41, 57, 44, 33","rf_probs",0,363,689,448,0.242,0.345057034220532,0,0.447595561035758,0.345057034220532,0.389694041867955,"rf_probs",0,99,236,165,0.198,0.295522388059701,0,0.375,0.295522388059701,0.330550918196995,"rf_probs",0,264,453,283,0.264,0.368200836820084,0,0.482632541133455,0.368200836820084,0.417721518987342
2000,1000,80,0.3,0.05,"a",FALSE,0.5,0,112,"41, 57, 44, 33","rf_class",417,1024,28,31,0.960666666666667,0.973384030418251,0.930803571428571,0.970616113744076,0.973384030418251,0.971998101566208,"rf_class",156,327,8,9,0.966,0.976119402985075,0.945454545454545,0.973214285714286,0.976119402985075,0.974664679582712,"rf_class",261,697,20,22,0.958,0.9721059972106,0.92226148409894,0.969401947148818,0.9721059972106,0.97075208913649
2000,1000,80,0.3,0.05,"a",FALSE,0.5,0,113,"42, 16, 13, 22","IRT",442,987,66,5,0.952666666666667,0.937321937321937,0.988814317673378,0.994959677419355,0.937321937321937,0.965281173594132,"IRT",158,305,21,2,0.952674897119342,0.93558282208589,0.9875,0.993485342019544,0.93558282208589,0.963665086887836,"IRT",284,682,45,3,0.952662721893491,0.938101788170564,0.989547038327526,0.995620437956204,0.938101788170564,0.96600566572238
2000,1000,80,0.3,0.05,"a",FALSE,0.5,0,113,"42, 16, 13, 22","rf_probs",0,355,698,447,0.236666666666667,0.33713200379867,0,0.442643391521197,0.33713200379867,0.382749326145553,"rf_probs",0,111,215,160,0.228395061728395,0.340490797546012,0,0.409594095940959,0.340490797546012,0.371859296482412,"rf_probs",0,244,483,287,0.240631163708087,0.335625859697387,0,0.459510357815443,0.335625859697387,0.3879173290938
2000,1000,80,0.3,0.05,"a",FALSE,0.5,0,113,"42, 16, 13, 22","rf_class",425,1006,47,22,0.954,0.955365622032289,0.950782997762864,0.978599221789883,0.955365622032289,0.966842864007689,"rf_class",157,312,14,3,0.965020576131687,0.957055214723926,0.98125,0.990476190476191,0.957055214723926,0.973478939157566,"rf_class",268,694,33,19,0.948717948717949,0.954607977991747,0.933797909407665,0.973352033660589,0.954607977991747,0.963888888888889
2000,1000,80,0.3,0.05,"a",FALSE,0.5,0,114,"17, 69, 18, 30","IRT",425,990,72,13,0.943333333333333,0.932203389830508,0.970319634703196,0.98703888334995,0.932203389830508,0.958837772397094,"IRT",158,337,26,6,0.939278937381404,0.928374655647383,0.963414634146341,0.982507288629738,0.928374655647383,0.954674220963173,"IRT",267,653,46,7,0.945529290853032,0.934191702432046,0.974452554744526,0.989393939393939,0.934191702432046,0.961000735835173
2000,1000,80,0.3,0.05,"a",FALSE,0.5,0,114,"17, 69, 18, 30","rf_probs",0,388,674,438,0.258666666666667,0.365348399246704,0,0.469733656174334,0.365348399246704,0.411016949152542,"rf_probs",0,132,231,164,0.250474383301708,0.363636363636364,0,0.445945945945946,0.363636363636364,0.400606980273141,"rf_probs",0,256,443,274,0.263103802672148,0.36623748211731,0,0.483018867924528,0.36623748211731,0.41659886086249
2000,1000,80,0.3,0.05,"a",FALSE,0.5,0,114,"17, 69, 18, 30","rf_class",413,1011,51,25,0.949333333333333,0.951977401129944,0.942922374429224,0.975868725868726,0.951977401129944,0.963775023832221,"rf_class",153,345,18,11,0.944971537001898,0.950413223140496,0.932926829268293,0.969101123595506,0.950413223140496,0.959666203059805,"rf_class",260,666,33,14,0.95169578622816,0.952789699570815,0.948905109489051,0.979411764705882,0.952789699570815,0.965917331399565
2000,1000,80,0.3,0.05,"a",FALSE,0.5,0,115,"18, 60, 79, 68","IRT",413,1029,49,9,0.961333333333333,0.954545454545455,0.97867298578199,0.991329479768786,0.954545454545455,0.972589792060492,"IRT",115,347,13,4,0.964509394572025,0.963888888888889,0.966386554621849,0.988603988603989,0.963888888888889,0.976090014064698,"IRT",298,682,36,5,0.959843290891283,0.949860724233983,0.983498349834984,0.992721979621543,0.949860724233983,0.970818505338078
2000,1000,80,0.3,0.05,"a",FALSE,0.5,0,115,"18, 60, 79, 68","rf_probs",0,391,687,422,0.260666666666667,0.362708719851577,0,0.480934809348093,0.362708719851577,0.413537810682179,"rf_probs",0,128,232,119,0.267223382045929,0.355555555555556,0,0.518218623481781,0.355555555555556,0.421746293245469,"rf_probs",0,263,455,303,0.257590597453477,0.366295264623955,0,0.464664310954064,0.366295264623955,0.409657320872274
2000,1000,80,0.3,0.05,"a",FALSE,0.5,0,115,"18, 60, 79, 68","rf_class",404,1024,54,18,0.952,0.949907235621521,0.957345971563981,0.982725527831094,0.949907235621521,0.966037735849057,"rf_class",113,343,17,6,0.951983298538622,0.952777777777778,0.949579831932773,0.982808022922636,0.952777777777778,0.967559943582511,"rf_class",291,681,37,12,0.952007835455436,0.948467966573816,0.96039603960396,0.982683982683983,0.948467966573816,0.965272856130404
2000,1000,80,0.3,0.05,"a",FALSE,0.5,0,116,"21, 10, 59, 74","IRT",442,995,39,24,0.958,0.962282398452611,0.948497854077253,0.976447497546614,0.962282398452611,0.969313200194837,"IRT",144,341,11,7,0.964214711729622,0.96875,0.95364238410596,0.979885057471264,0.96875,0.974285714285714,"IRT",298,654,28,17,0.954864593781344,0.958944281524927,0.946031746031746,0.974664679582712,0.958944281524927,0.966740576496674
2000,1000,80,0.3,0.05,"a",FALSE,0.5,0,116,"21, 10, 59, 74","rf_probs",0,386,648,466,0.257333333333333,0.373307543520309,0,0.453051643192488,0.373307543520309,0.409331919406151,"rf_probs",0,123,229,151,0.244532803180915,0.349431818181818,0,0.448905109489051,0.349431818181818,0.39297124600639,"rf_probs",0,263,419,315,0.263791374122367,0.385630498533724,0,0.455017301038062,0.385630498533724,0.417460317460317
2000,1000,80,0.3,0.05,"a",FALSE,0.5,0,116,"21, 10, 59, 74","rf_class",440,994,40,26,0.956,0.961315280464217,0.944206008583691,0.974509803921569,0.961315280464217,0.967867575462512,"rf_class",141,340,12,10,0.956262425447316,0.965909090909091,0.933774834437086,0.971428571428571,0.965909090909091,0.968660968660969,"rf_class",299,654,28,16,0.955867602808425,0.958944281524927,0.949206349206349,0.976119402985075,0.958944281524927,0.967455621301775
2000,1000,80,0.3,0.05,"a",FALSE,0.5,0,117,"40, 76, 77, 30","IRT",425,1029,23,23,0.969333333333333,0.978136882129278,0.948660714285714,0.978136882129278,0.978136882129278,0.978136882129278,"IRT",149,341,4,9,0.974155069582505,0.988405797101449,0.943037974683544,0.974285714285714,0.988405797101449,0.981294964028777,"IRT",276,688,19,14,0.966900702106319,0.973125884016973,0.951724137931034,0.98005698005698,0.973125884016973,0.976579134137686
2000,1000,80,0.3,0.05,"a",FALSE,0.5,0,117,"40, 76, 77, 30","rf_probs",0,335,717,448,0.223333333333333,0.318441064638783,0,0.427841634738186,0.318441064638783,0.365122615803815,"rf_probs",0,94,251,158,0.186878727634195,0.272463768115942,0,0.373015873015873,0.272463768115942,0.314907872696817,"rf_probs",0,241,466,290,0.24172517552658,0.340876944837341,0,0.453860640301318,0.340876944837341,0.389337641357027
2000,1000,80,0.3,0.05,"a",FALSE,0.5,0,117,"40, 76, 77, 30","rf_class",424,1014,38,24,0.958666666666667,0.963878326996198,0.946428571428571,0.976878612716763,0.963878326996198,0.970334928229665,"rf_class",149,337,8,9,0.966202783300199,0.976811594202899,0.943037974683544,0.973988439306358,0.976811594202899,0.975397973950796,"rf_class",275,677,30,15,0.954864593781344,0.957567185289958,0.948275862068966,0.978323699421965,0.957567185289958,0.96783416726233
2000,1000,80,0.3,0.05,"a",FALSE,0.5,0,118,"63, 27, 59, 46","IRT",425,1015,39,21,0.96,0.962998102466793,0.952914798206278,0.97972972972973,0.962998102466793,0.971291866028708,"IRT",133,338,17,8,0.949596774193548,0.952112676056338,0.943262411347518,0.976878612716763,0.952112676056338,0.964336661911555,"IRT",292,677,22,13,0.965139442231076,0.968526466380544,0.957377049180328,0.981159420289855,0.968526466380544,0.974802015838733
2000,1000,80,0.3,0.05,"a",FALSE,0.5,0,118,"63, 27, 59, 46","rf_probs",0,336,718,446,0.224,0.318785578747628,0,0.429667519181586,0.318785578747628,0.366013071895425,"rf_probs",0,115,240,141,0.231854838709677,0.323943661971831,0,0.44921875,0.323943661971831,0.376432078559738,"rf_probs",0,221,478,305,0.220119521912351,0.316165951359084,0,0.420152091254753,0.316165951359084,0.360816326530612
2000,1000,80,0.3,0.05,"a",FALSE,0.5,0,118,"63, 27, 59, 46","rf_class",416,1021,33,30,0.958,0.968690702087287,0.932735426008969,0.971455756422455,0.968690702087287,0.970071258907363,"rf_class",132,339,16,9,0.949596774193548,0.954929577464789,0.936170212765957,0.974137931034483,0.954929577464789,0.964438122332859,"rf_class",284,682,17,21,0.962151394422311,0.975679542203147,0.931147540983607,0.970128022759602,0.975679542203147,0.972895863052782
2000,1000,80,0.3,0.05,"a",FALSE,0.5,0,119,"13, 11, 24, 26","IRT",448,1001,45,6,0.966,0.95697896749522,0.986784140969163,0.994041708043694,0.95697896749522,0.97515830491963,"IRT",148,318,15,4,0.960824742268041,0.954954954954955,0.973684210526316,0.987577639751553,0.954954954954955,0.970992366412214,"IRT",300,683,30,2,0.968472906403941,0.957924263674614,0.993377483443709,0.997080291970803,0.957924263674614,0.977110157367668
2000,1000,80,0.3,0.05,"a",FALSE,0.5,0,119,"13, 11, 24, 26","rf_probs",0,369,677,454,0.246,0.352772466539197,0,0.448359659781288,0.352772466539197,0.394863563402889,"rf_probs",0,117,216,152,0.241237113402062,0.351351351351351,0,0.434944237918216,0.351351351351351,0.388704318936877,"rf_probs",0,252,461,302,0.248275862068966,0.35343618513324,0,0.454873646209386,0.35343618513324,0.397790055248619
2000,1000,80,0.3,0.05,"a",FALSE,0.5,0,119,"13, 11, 24, 26","rf_class",438,1008,38,16,0.964,0.963671128107075,0.964757709251101,0.984375,0.963671128107075,0.973913043478261,"rf_class",146,319,14,6,0.958762886597938,0.957957957957958,0.960526315789474,0.981538461538462,0.957957957957958,0.969604863221885,"rf_class",292,689,24,10,0.966502463054187,0.966339410939691,0.966887417218543,0.985693848354793,0.966339410939691,0.975920679886686
2000,1000,80,0.3,0.05,"a",FALSE,0.5,0,120,"59, 53, 42, 61","IRT",424,1025,45,6,0.966,0.957943925233645,0.986046511627907,0.994180407371484,0.957943925233645,0.975725844835792,"IRT",144,356,14,4,0.965250965250965,0.962162162162162,0.972972972972973,0.988888888888889,0.962162162162162,0.975342465753425,"IRT",280,669,31,2,0.966395112016293,0.955714285714286,0.99290780141844,0.997019374068554,0.955714285714286,0.975929978118162
2000,1000,80,0.3,0.05,"a",FALSE,0.5,0,120,"59, 53, 42, 61","rf_probs",0,393,677,430,0.262,0.367289719626168,0,0.477521263669502,0.367289719626168,0.415213946117274,"rf_probs",0,127,243,148,0.245173745173745,0.343243243243243,0,0.461818181818182,0.343243243243243,0.393798449612403,"rf_probs",0,266,434,282,0.270875763747454,0.38,0,0.485401459854015,0.38,0.426282051282051
2000,1000,80,0.3,0.05,"a",FALSE,0.5,0,120,"59, 53, 42, 61","rf_class",417,1023,47,13,0.96,0.95607476635514,0.969767441860465,0.987451737451737,0.95607476635514,0.971509971509972,"rf_class",143,353,17,5,0.957528957528958,0.954054054054054,0.966216216216216,0.986033519553073,0.954054054054054,0.96978021978022,"rf_class",274,670,30,8,0.961303462321792,0.957142857142857,0.971631205673759,0.988200589970501,0.957142857142857,0.972423802612482
2000,1000,80,0.3,0.05,"a",FALSE,0.5,0,121,"50, 21, 31, 48","IRT",452,998,28,22,0.966666666666667,0.97270955165692,0.953586497890295,0.97843137254902,0.97270955165692,0.975562072336266,"IRT",151,355,4,9,0.97495183044316,0.988857938718663,0.94375,0.975274725274725,0.988857938718663,0.982019363762102,"IRT",301,643,24,13,0.962283384301733,0.964017991004498,0.95859872611465,0.980182926829268,0.964017991004498,0.972033257747543
2000,1000,80,0.3,0.05,"a",FALSE,0.5,0,121,"50, 21, 31, 48","rf_probs",0,365,661,474,0.243333333333333,0.355750487329435,0,0.435041716328963,0.355750487329435,0.39142091152815,"rf_probs",0,123,236,160,0.236994219653179,0.342618384401114,0,0.434628975265018,0.342618384401114,0.383177570093458,"rf_probs",0,242,425,314,0.246687054026504,0.362818590704648,0,0.435251798561151,0.362818590704648,0.395748160261652
2000,1000,80,0.3,0.05,"a",FALSE,0.5,0,121,"50, 21, 31, 48","rf_class",448,1000,26,26,0.965333333333333,0.974658869395711,0.945147679324895,0.974658869395711,0.974658869395711,0.974658869395711,"rf_class",154,354,5,6,0.978805394990366,0.986072423398329,0.9625,0.983333333333333,0.986072423398329,0.984700973574409,"rf_class",294,646,21,20,0.958205912334353,0.968515742128936,0.936305732484076,0.96996996996997,0.968515742128936,0.969242310577644
2000,1000,80,0.3,0.05,"a",FALSE,0.5,0,122,"20, 4, 39, 11","IRT",431,1018,44,7,0.966,0.958568738229755,0.984018264840183,0.993170731707317,0.958568738229755,0.975563009103977,"IRT",149,342,18,0,0.964636542239686,0.95,1,1,0.95,0.974358974358974,"IRT",282,676,26,7,0.966700302724521,0.962962962962963,0.975778546712803,0.989751098096633,0.962962962962963,0.976173285198556
2000,1000,80,0.3,0.05,"a",FALSE,0.5,0,122,"20, 4, 39, 11","rf_probs",0,385,677,438,0.256666666666667,0.362523540489642,0,0.467800729040097,0.362523540489642,0.408488063660477,"rf_probs",0,135,225,149,0.265225933202358,0.375,0,0.475352112676056,0.375,0.419254658385093,"rf_probs",0,250,452,289,0.252270433905146,0.356125356125356,0,0.463821892393321,0.356125356125356,0.40290088638195
2000,1000,80,0.3,0.05,"a",FALSE,0.5,0,122,"20, 4, 39, 11","rf_class",420,1026,36,18,0.964,0.966101694915254,0.958904109589041,0.982758620689655,0.966101694915254,0.974358974358974,"rf_class",147,346,14,2,0.968565815324165,0.961111111111111,0.986577181208054,0.994252873563218,0.961111111111111,0.977401129943503,"rf_class",273,680,22,16,0.961654894046418,0.968660968660969,0.944636678200692,0.977011494252874,0.968660968660969,0.972818311874106
2000,1000,80,0.3,0.05,"a",FALSE,0.5,0,123,"30, 29, 57, 55","IRT",435,1008,43,14,0.962,0.959086584205519,0.968819599109131,0.986301369863014,0.959086584205519,0.972503617945007,"IRT",142,332,10,4,0.971311475409836,0.970760233918129,0.972602739726027,0.988095238095238,0.970760233918129,0.979351032448378,"IRT",293,676,33,10,0.957509881422925,0.95345557122708,0.966996699669967,0.985422740524781,0.95345557122708,0.969175627240143
2000,1000,80,0.3,0.05,"a",FALSE,0.5,0,123,"30, 29, 57, 55","rf_probs",0,347,704,449,0.231333333333333,0.330161750713606,0,0.435929648241206,0.330161750713606,0.375744450460206,"rf_probs",0,105,237,146,0.215163934426229,0.307017543859649,0,0.418326693227092,0.307017543859649,0.354131534569983,"rf_probs",0,242,467,303,0.239130434782609,0.34132581100141,0,0.444036697247706,0.34132581100141,0.385964912280702
2000,1000,80,0.3,0.05,"a",FALSE,0.5,0,123,"30, 29, 57, 55","rf_class",422,1013,38,27,0.956666666666667,0.963843958135109,0.939866369710468,0.974038461538462,0.963843958135109,0.968914395026303,"rf_class",134,335,7,12,0.961065573770492,0.97953216374269,0.917808219178082,0.965417867435158,0.97953216374269,0.972423802612482,"rf_class",288,678,31,15,0.954545454545455,0.956276445698166,0.95049504950495,0.978354978354978,0.956276445698166,0.967189728958631
2000,1000,80,0.3,0.05,"a",FALSE,0.5,0,124,"4, 24, 52, 30","IRT",424,1017,48,11,0.960666666666667,0.954929577464789,0.974712643678161,0.989299610894942,0.954929577464789,0.971810797897754,"IRT",136,316,15,1,0.965811965811966,0.954682779456193,0.992700729927007,0.996845425867508,0.954682779456193,0.975308641975309,"IRT",288,701,33,10,0.958333333333333,0.955040871934605,0.966442953020134,0.985935302390999,0.955040871934605,0.970242214532872
2000,1000,80,0.3,0.05,"a",FALSE,0.5,0,124,"4, 24, 52, 30","rf_probs",0,363,702,435,0.242,0.340845070422535,0,0.454887218045113,0.340845070422535,0.389694041867955,"rf_probs",0,102,229,137,0.217948717948718,0.308157099697885,0,0.426778242677824,0.308157099697885,0.357894736842105,"rf_probs",0,261,473,298,0.252906976744186,0.35558583106267,0,0.46690518783542,0.35558583106267,0.403712296983759
2000,1000,80,0.3,0.05,"a",FALSE,0.5,0,124,"4, 24, 52, 30","rf_class",420,1021,44,15,0.960666666666667,0.95868544600939,0.96551724137931,0.985521235521235,0.95868544600939,0.971918134221799,"rf_class",133,320,11,4,0.967948717948718,0.966767371601209,0.970802919708029,0.987654320987654,0.966767371601209,0.977099236641221,"rf_class",287,701,33,11,0.957364341085271,0.955040871934605,0.963087248322148,0.984550561797753,0.955040871934605,0.969571230982019
2000,1000,80,0.3,0.05,"a",FALSE,0.5,0,125,"79, 63, 75, 39","IRT",439,1016,36,9,0.97,0.965779467680608,0.979910714285714,0.991219512195122,0.965779467680608,0.978334135772749,"IRT",153,339,14,1,0.970414201183432,0.960339943342776,0.993506493506494,0.997058823529412,0.960339943342776,0.978354978354978,"IRT",286,677,22,8,0.969788519637462,0.968526466380544,0.972789115646258,0.988321167883212,0.968526466380544,0.978323699421965
2000,1000,80,0.3,0.05,"a",FALSE,0.5,0,125,"79, 63, 75, 39","rf_probs",0,369,683,448,0.246,0.350760456273764,0,0.451652386780906,0.350760456273764,0.394863563402889,"rf_probs",0,116,237,154,0.22879684418146,0.328611898016997,0,0.42962962962963,0.328611898016997,0.37239165329053,"rf_probs",0,253,446,294,0.254783484390735,0.361945636623748,0,0.462522851919561,0.361945636623748,0.406099518459069
2000,1000,80,0.3,0.05,"a",FALSE,0.5,0,125,"79, 63, 75, 39","rf_class",432,1018,34,16,0.966666666666667,0.967680608365019,0.964285714285714,0.984526112185687,0.967680608365019,0.976030680728667,"rf_class",151,338,15,3,0.964497041420118,0.957507082152975,0.980519480519481,0.991202346041056,0.957507082152975,0.974063400576369,"rf_class",281,680,19,13,0.967774420946626,0.972818311874106,0.95578231292517,0.981240981240981,0.972818311874106,0.977011494252874
2000,1000,80,0.3,0.05,"a",FALSE,0.5,0,126,"74, 15, 27, 4","IRT",465,987,38,10,0.968,0.962926829268293,0.978947368421053,0.989969909729188,0.962926829268293,0.976261127596439,"IRT",168,317,12,4,0.968063872255489,0.963525835866261,0.976744186046512,0.987538940809969,0.963525835866261,0.975384615384616,"IRT",297,670,26,6,0.967967967967968,0.96264367816092,0.98019801980198,0.99112426035503,0.96264367816092,0.97667638483965
2000,1000,80,0.3,0.05,"a",FALSE,0.5,0,126,"74, 15, 27, 4","rf_probs",0,311,714,475,0.207333333333333,0.303414634146341,0,0.395674300254453,0.303414634146341,0.343456653782441,"rf_probs",0,100,229,172,0.199600798403194,0.303951367781155,0,0.367647058823529,0.303951367781155,0.332778702163062,"rf_probs",0,211,485,303,0.211211211211211,0.30316091954023,0,0.410505836575875,0.30316091954023,0.348760330578512
2000,1000,80,0.3,0.05,"a",FALSE,0.5,0,126,"74, 15, 27, 4","rf_class",437,1004,21,38,0.960666666666667,0.979512195121951,0.92,0.963531669865643,0.979512195121951,0.971456216739236,"rf_class",157,321,8,15,0.954091816367265,0.975683890577508,0.912790697674419,0.955357142857143,0.975683890577508,0.965413533834586,"rf_class",280,683,13,23,0.963963963963964,0.98132183908046,0.924092409240924,0.96742209631728,0.98132183908046,0.97432239657632
2000,1000,80,0.3,0.05,"a",FALSE,0.5,0,127,"61, 69, 36, 67","IRT",457,976,64,3,0.955333333333333,0.938461538461538,0.993478260869565,0.996935648621042,0.938461538461538,0.966815255076771,"IRT",158,335,22,1,0.955426356589147,0.938375350140056,0.993710691823899,0.99702380952381,0.938375350140056,0.966810966810967,"IRT",299,641,42,2,0.955284552845528,0.938506588579795,0.993355481727575,0.996889580093313,0.938506588579795,0.966817496229261
2000,1000,80,0.3,0.05,"a",FALSE,0.5,0,127,"61, 69, 36, 67","rf_probs",0,339,701,460,0.226,0.325961538461538,0,0.424280350438048,0.325961538461538,0.368678629690049,"rf_probs",0,127,230,159,0.246124031007752,0.355742296918768,0,0.444055944055944,0.355742296918768,0.3950233281493,"rf_probs",0,212,471,301,0.215447154471545,0.310395314787701,0,0.413255360623782,0.310395314787701,0.354515050167224
2000,1000,80,0.3,0.05,"a",FALSE,0.5,0,127,"61, 69, 36, 67","rf_class",441,1003,37,19,0.962666666666667,0.964423076923077,0.958695652173913,0.981409001956947,0.964423076923077,0.972841901066925,"rf_class",153,343,14,6,0.961240310077519,0.96078431372549,0.962264150943396,0.982808022922636,0.96078431372549,0.971671388101983,"rf_class",288,660,23,13,0.963414634146341,0.966325036603221,0.956810631229236,0.980683506686478,0.966325036603221,0.973451327433628
2000,1000,80,0.3,0.05,"a",FALSE,0.5,0,128,"71, 26, 42, 58","IRT",445,998,46,11,0.962,0.955938697318008,0.975877192982456,0.989098116947473,0.955938697318008,0.972235752557233,"IRT",151,332,16,2,0.964071856287425,0.954022988505747,0.986928104575163,0.994011976047904,0.954022988505747,0.973607038123167,"IRT",294,666,30,9,0.960960960960961,0.956896551724138,0.97029702970297,0.986666666666667,0.956896551724138,0.971553610503282
2000,1000,80,0.3,0.05,"a",FALSE,0.5,0,128,"71, 26, 42, 58","rf_probs",0,372,672,456,0.248,0.35632183908046,0,0.449275362318841,0.35632183908046,0.397435897435897,"rf_probs",0,126,222,153,0.251497005988024,0.362068965517241,0,0.451612903225806,0.362068965517241,0.401913875598086,"rf_probs",0,246,450,303,0.246246246246246,0.353448275862069,0,0.448087431693989,0.353448275862069,0.395180722891566
2000,1000,80,0.3,0.05,"a",FALSE,0.5,0,128,"71, 26, 42, 58","rf_class",430,1005,39,26,0.956666666666667,0.96264367816092,0.942982456140351,0.974781765276431,0.96264367816092,0.968674698795181,"rf_class",144,333,15,9,0.952095808383233,0.956896551724138,0.941176470588235,0.973684210526316,0.956896551724138,0.965217391304348,"rf_class",286,672,24,17,0.958958958958959,0.96551724137931,0.943894389438944,0.975326560232221,0.96551724137931,0.970397111913357
2000,1000,80,0.3,0.05,"a",FALSE,0.5,0,129,"48, 72, 11, 20","IRT",457,972,66,5,0.952666666666667,0.936416184971098,0.989177489177489,0.994882292732856,0.936416184971098,0.964764267990074,"IRT",158,315,21,0,0.95748987854251,0.9375,1,1,0.9375,0.967741935483871,"IRT",299,657,45,5,0.950298210735587,0.935897435897436,0.983552631578947,0.992447129909366,0.935897435897436,0.963343108504399
2000,1000,80,0.3,0.05,"a",FALSE,0.5,0,129,"48, 72, 11, 20","rf_probs",0,377,661,462,0.251333333333333,0.363198458574181,0,0.449344457687723,0.363198458574181,0.401704848161961,"rf_probs",0,116,220,158,0.234817813765182,0.345238095238095,0,0.423357664233577,0.345238095238095,0.380327868852459,"rf_probs",0,261,441,304,0.259443339960239,0.371794871794872,0,0.461946902654867,0.371794871794872,0.411996842936069
2000,1000,80,0.3,0.05,"a",FALSE,0.5,0,129,"48, 72, 11, 20","rf_class",434,1005,33,28,0.959333333333333,0.968208092485549,0.939393939393939,0.972894482090997,0.968208092485549,0.970545630130372,"rf_class",153,324,12,5,0.965587044534413,0.964285714285714,0.968354430379747,0.984802431610942,0.964285714285714,0.974436090225564,"rf_class",281,681,21,23,0.956262425447316,0.97008547008547,0.924342105263158,0.967329545454545,0.97008547008547,0.968705547652916
2000,1000,80,0.3,0.05,"a",FALSE,0.5,0,130,"59, 37, 45, 68","IRT",425,1013,49,13,0.958666666666667,0.953860640301318,0.970319634703196,0.987329434697856,0.953860640301318,0.970306513409962,"IRT",147,340,12,3,0.970119521912351,0.965909090909091,0.98,0.991253644314869,0.965909090909091,0.97841726618705,"IRT",278,673,37,10,0.952905811623247,0.947887323943662,0.965277777777778,0.985358711566618,0.947887323943662,0.966259870782484
2000,1000,80,0.3,0.05,"a",FALSE,0.5,0,130,"59, 37, 45, 68","rf_probs",0,368,694,438,0.245333333333333,0.346516007532957,0,0.456575682382134,0.346516007532957,0.394004282655246,"rf_probs",0,108,244,150,0.215139442231076,0.306818181818182,0,0.418604651162791,0.306818181818182,0.354098360655738,"rf_probs",0,260,450,288,0.260521042084168,0.366197183098592,0,0.474452554744526,0.366197183098592,0.41335453100159
2000,1000,80,0.3,0.05,"a",FALSE,0.5,0,130,"59, 37, 45, 68","rf_class",421,1012,50,17,0.955333333333333,0.952919020715631,0.961187214611872,0.983479105928086,0.952919020715631,0.967957914873266,"rf_class",147,342,10,3,0.974103585657371,0.971590909090909,0.98,0.991304347826087,0.971590909090909,0.981348637015782,"rf_class",274,670,40,14,0.945891783567134,0.943661971830986,0.951388888888889,0.97953216374269,0.943661971830986,0.961262553802009
2000,1000,80,0.3,0.05,"a",FALSE,0.5,0,131,"40, 63, 46, 6","IRT",444,998,40,18,0.961333333333333,0.961464354527938,0.961038961038961,0.982283464566929,0.961464354527938,0.971762414800389,"IRT",135,335,10,6,0.967078189300412,0.971014492753623,0.957446808510638,0.982404692082111,0.971014492753623,0.97667638483965,"IRT",309,663,30,12,0.958579881656805,0.956709956709957,0.962616822429907,0.982222222222222,0.956709956709957,0.969298245614035
2000,1000,80,0.3,0.05,"a",FALSE,0.5,0,131,"40, 63, 46, 6","rf_probs",0,357,681,462,0.238,0.34393063583815,0,0.435897435897436,0.34393063583815,0.384491114701131,"rf_probs",0,122,223,141,0.251028806584362,0.353623188405797,0,0.463878326996198,0.353623188405797,0.401315789473684,"rf_probs",0,235,458,321,0.231755424063116,0.339105339105339,0,0.422661870503597,0.339105339105339,0.376301040832666
2000,1000,80,0.3,0.05,"a",FALSE,0.5,0,131,"40, 63, 46, 6","rf_class",433,1008,30,29,0.960666666666667,0.971098265895954,0.937229437229437,0.972034715525555,0.971098265895954,0.971566265060241,"rf_class",128,332,13,13,0.946502057613169,0.96231884057971,0.907801418439716,0.96231884057971,0.96231884057971,0.96231884057971,"rf_class",305,676,17,16,0.967455621301775,0.975468975468975,0.950155763239875,0.976878612716763,0.975468975468975,0.976173285198556
2000,1000,80,0.3,0.05,"a",FALSE,0.5,0,132,"67, 20, 40, 36","IRT",399,1036,34,31,0.956666666666667,0.968224299065421,0.927906976744186,0.970946579194002,0.968224299065421,0.969583528310716,"IRT",148,343,15,13,0.946050096339114,0.958100558659218,0.919254658385093,0.963483146067416,0.958100558659218,0.96078431372549,"IRT",251,693,19,18,0.962283384301733,0.973314606741573,0.933085501858736,0.974683544303797,0.973314606741573,0.973998594518623
2000,1000,80,0.3,0.05,"a",FALSE,0.5,0,132,"67, 20, 40, 36","rf_probs",0,340,730,430,0.226666666666667,0.317757009345794,0,0.441558441558442,0.317757009345794,0.369565217391304,"rf_probs",0,116,242,161,0.223506743737958,0.324022346368715,0,0.418772563176895,0.324022346368715,0.365354330708661,"rf_probs",0,224,488,269,0.228338430173293,0.314606741573034,0,0.454361054766734,0.314606741573034,0.371784232365145
2000,1000,80,0.3,0.05,"a",FALSE,0.5,0,132,"67, 20, 40, 36","rf_class",402,1029,41,28,0.954,0.961682242990654,0.934883720930233,0.973509933774834,0.961682242990654,0.967559943582511,"rf_class",148,339,19,13,0.938342967244701,0.946927374301676,0.919254658385093,0.963068181818182,0.946927374301676,0.954929577464789,"rf_class",254,690,22,15,0.962283384301733,0.969101123595506,0.944237918215613,0.978723404255319,0.969101123595506,0.973888496824277
2000,1000,80,0.3,0.05,"a",FALSE,0.5,0,133,"56, 49, 61, 12","IRT",439,1005,42,14,0.962666666666667,0.959885386819484,0.969094922737307,0.986261040235525,0.959885386819484,0.972894482090997,"IRT",134,345,12,4,0.967676767676768,0.966386554621849,0.971014492753623,0.988538681948424,0.966386554621849,0.977337110481586,"IRT",305,660,30,10,0.960199004975124,0.956521739130435,0.968253968253968,0.985074626865672,0.956521739130435,0.970588235294118
2000,1000,80,0.3,0.05,"a",FALSE,0.5,0,133,"56, 49, 61, 12","rf_probs",0,367,680,453,0.244666666666667,0.350525310410697,0,0.447560975609756,0.350525310410697,0.393144081414033,"rf_probs",0,117,240,138,0.236363636363636,0.327731092436975,0,0.458823529411765,0.327731092436975,0.382352941176471,"rf_probs",0,250,440,315,0.248756218905473,0.36231884057971,0,0.442477876106195,0.36231884057971,0.398406374501992
2000,1000,80,0.3,0.05,"a",FALSE,0.5,0,133,"56, 49, 61, 12","rf_class",425,1002,45,28,0.951333333333333,0.95702005730659,0.938189845474614,0.972815533980583,0.95702005730659,0.964853153586904,"rf_class",131,343,14,7,0.957575757575758,0.96078431372549,0.949275362318841,0.98,0.96078431372549,0.97029702970297,"rf_class",294,659,31,21,0.948258706467662,0.955072463768116,0.933333333333333,0.969117647058824,0.955072463768116,0.962043795620438
2000,1000,80,0.3,0.05,"a",FALSE,0.5,0,134,"28, 30, 7, 38","IRT",450,983,61,6,0.955333333333333,0.941570881226054,0.986842105263158,0.993933265925177,0.941570881226054,0.96704377766847,"IRT",148,315,26,2,0.942973523421589,0.92375366568915,0.986666666666667,0.993690851735016,0.92375366568915,0.957446808510638,"IRT",302,668,35,4,0.961347869177403,0.950213371266003,0.986928104575163,0.994047619047619,0.950213371266003,0.971636363636364
2000,1000,80,0.3,0.05,"a",FALSE,0.5,0,134,"28, 30, 7, 38","rf_probs",0,394,650,456,0.262666666666667,0.377394636015326,0,0.463529411764706,0.377394636015326,0.416050686378036,"rf_probs",0,130,211,150,0.264765784114053,0.381231671554252,0,0.464285714285714,0.381231671554252,0.418679549114332,"rf_probs",0,264,439,306,0.261645193260654,0.375533428165007,0,0.463157894736842,0.375533428165007,0.414768263943441
2000,1000,80,0.3,0.05,"a",FALSE,0.5,0,134,"28, 30, 7, 38","rf_class",441,997,47,15,0.958666666666667,0.954980842911877,0.967105263157895,0.985177865612648,0.954980842911877,0.969844357976654,"rf_class",143,318,23,7,0.938900203665988,0.932551319648094,0.953333333333333,0.978461538461538,0.932551319648094,0.954954954954955,"rf_class",298,679,24,8,0.968285431119921,0.965860597439545,0.973856209150327,0.988355167394469,0.965860597439545,0.976978417266187
2000,1000,80,0.3,0.05,"a",FALSE,0.5,0,135,"20, 22, 75, 80","IRT",423,1032,40,5,0.97,0.962686567164179,0.988317757009346,0.995178399228544,0.962686567164179,0.978662873399715,"IRT",128,355,16,2,0.964071856287425,0.956873315363881,0.984615384615385,0.994397759103641,0.956873315363881,0.975274725274725,"IRT",295,677,24,3,0.972972972972973,0.965763195435093,0.98993288590604,0.995588235294118,0.965763195435093,0.980448950036206
2000,1000,80,0.3,0.05,"a",FALSE,0.5,0,135,"20, 22, 75, 80","rf_probs",0,384,688,428,0.256,0.358208955223881,0,0.472906403940887,0.358208955223881,0.407643312101911,"rf_probs",0,127,244,130,0.253493013972056,0.342318059299191,0,0.494163424124514,0.342318059299191,0.404458598726115,"rf_probs",0,257,444,298,0.257257257257257,0.366619115549215,0,0.463063063063063,0.366619115549215,0.409235668789809
2000,1000,80,0.3,0.05,"a",FALSE,0.5,0,135,"20, 22, 75, 80","rf_class",415,1039,33,13,0.969333333333333,0.969216417910448,0.969626168224299,0.987642585551331,0.969216417910448,0.97834274952919,"rf_class",126,357,14,4,0.964071856287425,0.962264150943396,0.969230769230769,0.988919667590028,0.962264150943396,0.975409836065574,"rf_class",289,682,19,9,0.971971971971972,0.972895863052782,0.969798657718121,0.986975397973951,0.972895863052782,0.979885057471264
2000,1000,80,0.3,0.05,"a",FALSE,0.5,0,136,"42, 50, 67, 33","IRT",450,992,47,11,0.961333333333333,0.954764196342637,0.976138828633406,0.989032901296112,0.954764196342637,0.971596474045054,"IRT",163,320,15,5,0.960238568588469,0.955223880597015,0.970238095238095,0.984615384615385,0.955223880597015,0.96969696969697,"IRT",287,672,32,6,0.961885656970913,0.954545454545455,0.979522184300341,0.991150442477876,0.954545454545455,0.972503617945007
2000,1000,80,0.3,0.05,"a",FALSE,0.5,0,136,"42, 50, 67, 33","rf_probs",0,387,652,461,0.258,0.372473532242541,0,0.456367924528302,0.372473532242541,0.410174880763116,"rf_probs",0,122,213,168,0.242544731610338,0.364179104477612,0,0.420689655172414,0.364179104477612,0.3904,"rf_probs",0,265,439,293,0.26579739217653,0.376420454545455,0,0.474910394265233,0.376420454545455,0.419968304278922
2000,1000,80,0.3,0.05,"a",FALSE,0.5,0,136,"42, 50, 67, 33","rf_class",438,993,46,23,0.954,0.955726660250241,0.950108459869848,0.977362204724409,0.955726660250241,0.966423357664233,"rf_class",162,319,16,6,0.956262425447316,0.952238805970149,0.964285714285714,0.981538461538462,0.952238805970149,0.966666666666667,"rf_class",276,674,30,17,0.952858575727182,0.957386363636364,0.9419795221843,0.975397973950796,0.957386363636364,0.966308243727599
2000,1000,80,0.3,0.05,"a",FALSE,0.5,0,137,"78, 13, 9, 63","IRT",436,998,57,9,0.956,0.945971563981043,0.979775280898876,0.991062562065541,0.945971563981043,0.967992240543162,"IRT",160,339,19,4,0.955938697318008,0.946927374301676,0.975609756097561,0.988338192419825,0.946927374301676,0.967189728958631,"IRT",276,659,38,5,0.956032719836401,0.945480631276901,0.98220640569395,0.992469879518072,0.945480631276901,0.968405584129317
2000,1000,80,0.3,0.05,"a",FALSE,0.5,0,137,"78, 13, 9, 63","rf_probs",0,402,653,445,0.268,0.381042654028436,0,0.474616292798111,0.381042654028436,0.422712933753943,"rf_probs",0,133,225,164,0.254789272030651,0.371508379888268,0,0.447811447811448,0.371508379888268,0.406106870229008,"rf_probs",0,269,428,281,0.275051124744376,0.385939741750359,0,0.489090909090909,0.385939741750359,0.431435445068164
2000,1000,80,0.3,0.05,"a",FALSE,0.5,0,137,"78, 13, 9, 63","rf_class",430,1012,43,15,0.961333333333333,0.959241706161137,0.966292134831461,0.98539435248296,0.959241706161137,0.972142170989433,"rf_class",158,344,14,6,0.961685823754789,0.960893854748603,0.963414634146341,0.982857142857143,0.960893854748603,0.971751412429379,"rf_class",272,668,29,9,0.961145194274029,0.958393113342898,0.96797153024911,0.986706056129985,0.958393113342898,0.972343522561863
2000,1000,80,0.3,0.05,"a",FALSE,0.5,0,138,"17, 44, 18, 52","IRT",421,1050,9,20,0.980666666666667,0.991501416430595,0.954648526077097,0.981308411214953,0.991501416430595,0.986378581493659,"IRT",140,351,4,6,0.980039920159681,0.988732394366197,0.958904109589041,0.983193277310924,0.988732394366197,0.985955056179775,"IRT",281,699,5,14,0.980980980980981,0.992897727272727,0.952542372881356,0.980364656381487,0.992897727272727,0.986591390261115
2000,1000,80,0.3,0.05,"a",FALSE,0.5,0,138,"17, 44, 18, 52","rf_probs",0,304,755,441,0.202666666666667,0.287063267233239,0,0.408053691275168,0.287063267233239,0.337028824833703,"rf_probs",0,102,253,146,0.203592814371257,0.287323943661972,0,0.411290322580645,0.287323943661972,0.338308457711443,"rf_probs",0,202,502,295,0.202202202202202,0.286931818181818,0,0.406438631790744,0.286931818181818,0.336386344712739
2000,1000,80,0.3,0.05,"a",FALSE,0.5,0,138,"17, 44, 18, 52","rf_class",422,1034,25,19,0.970666666666667,0.976392823418319,0.956916099773243,0.981956315289649,0.976392823418319,0.979166666666667,"rf_class",142,343,12,4,0.968063872255489,0.966197183098592,0.972602739726027,0.988472622478386,0.966197183098592,0.977207977207977,"rf_class",280,691,13,15,0.971971971971972,0.981534090909091,0.949152542372881,0.978753541076487,0.981534090909091,0.980141843971631
2000,1000,80,0.3,0.05,"a",FALSE,0.5,0,139,"25, 62, 47, 59","IRT",433,1022,30,15,0.97,0.97148288973384,0.966517857142857,0.985535197685632,0.97148288973384,0.978458592628052,"IRT",162,324,10,5,0.970059880239521,0.970059880239521,0.970059880239521,0.984802431610942,0.970059880239521,0.97737556561086,"IRT",271,698,20,10,0.96996996996997,0.972144846796657,0.9644128113879,0.985875706214689,0.972144846796657,0.978962131837307
2000,1000,80,0.3,0.05,"a",FALSE,0.5,0,139,"25, 62, 47, 59","rf_probs",0,387,665,448,0.258,0.36787072243346,0,0.463473053892216,0.36787072243346,0.410174880763116,"rf_probs",0,117,217,167,0.233532934131737,0.350299401197605,0,0.411971830985915,0.350299401197605,0.378640776699029,"rf_probs",0,270,448,281,0.27027027027027,0.376044568245125,0,0.490018148820327,0.376044568245125,0.425531914893617
2000,1000,80,0.3,0.05,"a",FALSE,0.5,0,139,"25, 62, 47, 59","rf_class",427,1018,34,21,0.963333333333333,0.967680608365019,0.953125,0.979788257940327,0.967680608365019,0.973696795791487,"rf_class",158,323,11,9,0.960079840319361,0.967065868263473,0.946107784431138,0.97289156626506,0.967065868263473,0.96996996996997,"rf_class",269,695,23,12,0.964964964964965,0.967966573816156,0.95729537366548,0.983026874115983,0.967966573816156,0.975438596491228
2000,1000,80,0.3,0.05,"a",FALSE,0.5,0,140,"32, 74, 46, 33","IRT",438,1007,40,15,0.963333333333333,0.961795606494747,0.966887417218543,0.9853228962818,0.961795606494747,0.973417109714838,"IRT",137,343,14,5,0.961923847695391,0.96078431372549,0.964788732394366,0.985632183908046,0.96078431372549,0.973049645390071,"IRT",301,664,26,10,0.964035964035964,0.96231884057971,0.967845659163987,0.985163204747775,0.96231884057971,0.973607038123167
2000,1000,80,0.3,0.05,"a",FALSE,0.5,0,140,"32, 74, 46, 33","rf_probs",0,361,686,453,0.240666666666667,0.344794651384909,0,0.443488943488943,0.344794651384909,0.387963460505105,"rf_probs",0,132,225,142,0.264529058116232,0.369747899159664,0,0.481751824817518,0.369747899159664,0.41838351822504,"rf_probs",0,229,461,311,0.228771228771229,0.331884057971015,0,0.424074074074074,0.331884057971015,0.372357723577236
2000,1000,80,0.3,0.05,"a",FALSE,0.5,0,140,"32, 74, 46, 33","rf_class",432,1003,44,21,0.956666666666667,0.957975167144222,0.95364238410596,0.9794921875,0.957975167144222,0.96861419604056,"rf_class",133,343,14,9,0.953907815631262,0.96078431372549,0.936619718309859,0.974431818181818,0.96078431372549,0.967559943582511,"rf_class",299,660,30,12,0.958041958041958,0.956521739130435,0.961414790996785,0.982142857142857,0.956521739130435,0.969162995594714
2000,1000,80,0.3,0.05,"a",FALSE,0.5,0,141,"77, 2, 10, 4","IRT",419,1036,33,12,0.97,0.969130028063611,0.97215777262181,0.988549618320611,0.969130028063611,0.978743504959849,"IRT",148,341,6,1,0.985887096774194,0.982708933717579,0.993288590604027,0.997076023391813,0.982708933717579,0.989840348330914,"IRT",271,695,27,11,0.962151394422311,0.962603878116344,0.960992907801418,0.984419263456091,0.962603878116344,0.973389355742297
2000,1000,80,0.3,0.05,"a",FALSE,0.5,0,141,"77, 2, 10, 4","rf_probs",0,414,655,431,0.276,0.387277829747428,0,0.489940828402367,0.387277829747428,0.432601880877743,"rf_probs",0,127,220,149,0.256048387096774,0.365994236311239,0,0.460144927536232,0.365994236311239,0.407704654895666,"rf_probs",0,287,435,282,0.285856573705179,0.397506925207756,0,0.504393673110721,0.397506925207756,0.444616576297444
2000,1000,80,0.3,0.05,"a",FALSE,0.5,0,141,"77, 2, 10, 4","rf_class",415,1029,40,16,0.962666666666667,0.962581852198316,0.962877030162413,0.984688995215311,0.962581852198316,0.973509933774834,"rf_class",146,337,10,3,0.973790322580645,0.971181556195965,0.979865771812081,0.991176470588235,0.971181556195965,0.981077147016012,"rf_class",269,692,30,13,0.957171314741036,0.958448753462604,0.953900709219858,0.981560283687943,0.958448753462604,0.969866853538893
2000,1000,80,0.3,0.05,"a",FALSE,0.5,0,142,"26, 9, 65, 66","IRT",436,989,54,21,0.95,0.948226270373921,0.954048140043764,0.979207920792079,0.948226270373921,0.963468095470044,"IRT",144,323,18,7,0.949186991869919,0.947214076246334,0.95364238410596,0.978787878787879,0.947214076246334,0.96274217585693,"IRT",292,666,36,14,0.950396825396825,0.948717948717949,0.954248366013072,0.979411764705882,0.948717948717949,0.963820549927641
2000,1000,80,0.3,0.05,"a",FALSE,0.5,0,142,"26, 9, 65, 66","rf_probs",0,346,697,457,0.230666666666667,0.331735378715244,0,0.430884184308842,0.331735378715244,0.374864572047671,"rf_probs",0,102,239,151,0.207317073170732,0.299120234604106,0,0.403162055335968,0.299120234604106,0.343434343434343,"rf_probs",0,244,458,306,0.242063492063492,0.347578347578348,0,0.443636363636364,0.347578347578348,0.389776357827476
2000,1000,80,0.3,0.05,"a",FALSE,0.5,0,142,"26, 9, 65, 66","rf_class",424,1007,36,33,0.954,0.965484180249281,0.927789934354486,0.968269230769231,0.965484180249281,0.966874699951992,"rf_class",138,329,12,13,0.949186991869919,0.964809384164223,0.913907284768212,0.961988304093567,0.964809384164223,0.963396778916545,"rf_class",286,678,24,20,0.956349206349206,0.965811965811966,0.934640522875817,0.97134670487106,0.965811965811966,0.968571428571429
2000,1000,80,0.3,0.05,"a",FALSE,0.5,0,143,"61, 22, 63, 60","IRT",451,998,44,7,0.966,0.957773512476008,0.98471615720524,0.993034825870647,0.957773512476008,0.975085490962384,"IRT",160,333,18,1,0.962890625,0.948717948717949,0.993788819875776,0.997005988023952,0.948717948717949,0.972262773722628,"IRT",291,665,26,6,0.967611336032389,0.962373371924747,0.97979797979798,0.991058122205663,0.962373371924747,0.976505139500734
2000,1000,80,0.3,0.05,"a",FALSE,0.5,0,143,"61, 22, 63, 60","rf_probs",0,357,685,458,0.238,0.342610364683301,0,0.438036809815951,0.342610364683301,0.384491114701131,"rf_probs",0,117,234,161,0.228515625,0.333333333333333,0,0.420863309352518,0.333333333333333,0.372019077901431,"rf_probs",0,240,451,297,0.242914979757085,0.347322720694645,0,0.446927374301676,0.347322720694645,0.390879478827362
2000,1000,80,0.3,0.05,"a",FALSE,0.5,0,143,"61, 22, 63, 60","rf_class",435,1017,25,23,0.968,0.976007677543186,0.949781659388646,0.977884615384615,0.976007677543186,0.976945244956772,"rf_class",154,341,10,7,0.966796875,0.971509971509972,0.956521739130435,0.979885057471264,0.971509971509972,0.975679542203147,"rf_class",281,676,15,16,0.968623481781376,0.978292329956585,0.946127946127946,0.976878612716763,0.978292329956585,0.977584960231381
2000,1000,80,0.3,0.05,"a",FALSE,0.5,0,144,"55, 4, 79, 63","IRT",434,1018,33,15,0.968,0.9686013320647,0.966592427616927,0.985479186834463,0.9686013320647,0.976967370441459,"IRT",142,317,13,8,0.95625,0.960606060606061,0.946666666666667,0.975384615384615,0.960606060606061,0.96793893129771,"IRT",292,701,20,7,0.973529411764706,0.972260748959778,0.976588628762542,0.990112994350282,0.972260748959778,0.98110566829951
2000,1000,80,0.3,0.05,"a",FALSE,0.5,0,144,"55, 4, 79, 63","rf_probs",0,358,693,449,0.238666666666667,0.340627973358706,0,0.44361833952912,0.340627973358706,0.385360602798708,"rf_probs",0,117,213,150,0.24375,0.354545454545455,0,0.438202247191011,0.354545454545455,0.391959798994975,"rf_probs",0,241,480,299,0.236274509803922,0.334257975034674,0,0.446296296296296,0.334257975034674,0.38223632038065
2000,1000,80,0.3,0.05,"a",FALSE,0.5,0,144,"55, 4, 79, 63","rf_class",424,1016,35,25,0.96,0.966698382492864,0.944320712694877,0.975984630163305,0.966698382492864,0.97131931166348,"rf_class",137,320,10,13,0.952083333333333,0.96969696969697,0.913333333333333,0.960960960960961,0.96969696969697,0.965309200603318,"rf_class",287,696,25,12,0.963725490196078,0.965325936199723,0.959866220735786,0.983050847457627,0.965325936199723,0.974107767669699
2000,1000,80,0.3,0.05,"a",FALSE,0.5,0,145,"3, 23, 35, 75","IRT",460,985,46,9,0.963333333333333,0.955383123181377,0.980810234541578,0.990945674044266,0.955383123181377,0.972839506172839,"IRT",135,360,10,7,0.966796875,0.972972972972973,0.950704225352113,0.980926430517711,0.972972972972973,0.976933514246947,"IRT",325,625,36,2,0.961538461538462,0.94553706505295,0.99388379204893,0.996810207336523,0.94553706505295,0.970496894409938
2000,1000,80,0.3,0.05,"a",FALSE,0.5,0,145,"3, 23, 35, 75","rf_probs",0,330,701,469,0.22,0.32007759456838,0,0.413016270337922,0.32007759456838,0.360655737704918,"rf_probs",0,118,252,142,0.23046875,0.318918918918919,0,0.453846153846154,0.318918918918919,0.374603174603175,"rf_probs",0,212,449,327,0.214574898785425,0.320726172465961,0,0.393320964749536,0.320726172465961,0.353333333333333
2000,1000,80,0.3,0.05,"a",FALSE,0.5,0,145,"3, 23, 35, 75","rf_class",450,1003,28,19,0.968666666666667,0.972841901066925,0.959488272921109,0.981409001956947,0.972841901066925,0.977106673161227,"rf_class",133,365,5,9,0.97265625,0.986486486486487,0.936619718309859,0.975935828877005,0.986486486486487,0.981182795698925,"rf_class",317,638,23,10,0.966599190283401,0.965204236006051,0.969418960244648,0.984567901234568,0.965204236006051,0.974789915966387
2000,1000,80,0.3,0.05,"a",FALSE,0.5,0,146,"44, 60, 63, 65","IRT",425,1019,45,11,0.962666666666667,0.957706766917293,0.974770642201835,0.989320388349515,0.957706766917293,0.973256924546323,"IRT",143,339,14,6,0.960159362549801,0.960339943342776,0.959731543624161,0.982608695652174,0.960339943342776,0.97134670487106,"IRT",282,680,31,5,0.963927855711423,0.956399437412096,0.982578397212544,0.992700729927007,0.956399437412096,0.974212034383954
2000,1000,80,0.3,0.05,"a",FALSE,0.5,0,146,"44, 60, 63, 65","rf_probs",0,351,713,436,0.234,0.329887218045113,0,0.445997458703939,0.329887218045113,0.379254457050243,"rf_probs",0,125,228,149,0.249003984063745,0.354107648725212,0,0.456204379562044,0.354107648725212,0.398724082934609,"rf_probs",0,226,485,287,0.226452905811623,0.317862165963432,0,0.440545808966862,0.317862165963432,0.369281045751634
2000,1000,80,0.3,0.05,"a",FALSE,0.5,0,146,"44, 60, 63, 65","rf_class",417,1026,38,19,0.962,0.964285714285714,0.956422018348624,0.981818181818182,0.964285714285714,0.972972972972973,"rf_class",141,338,15,8,0.954183266932271,0.957507082152975,0.946308724832215,0.976878612716763,0.957507082152975,0.967095851216023,"rf_class",276,688,23,11,0.965931863727455,0.967651195499297,0.961672473867596,0.984263233190272,0.967651195499297,0.975886524822695
2000,1000,80,0.3,0.05,"a",FALSE,0.5,0,147,"30, 64, 45, 41","IRT",425,1018,42,15,0.962,0.960377358490566,0.965909090909091,0.985479186834463,0.960377358490566,0.972766364070712,"IRT",150,346,14,5,0.963106796116505,0.961111111111111,0.967741935483871,0.985754985754986,0.961111111111111,0.973277074542897,"IRT",275,672,28,10,0.961421319796954,0.96,0.964912280701754,0.98533724340176,0.96,0.972503617945007
2000,1000,80,0.3,0.05,"a",FALSE,0.5,0,147,"30, 64, 45, 41","rf_probs",0,378,682,440,0.252,0.356603773584906,0,0.462102689486553,0.356603773584906,0.402555910543131,"rf_probs",0,130,230,155,0.252427184466019,0.361111111111111,0,0.456140350877193,0.361111111111111,0.403100775193798,"rf_probs",0,248,452,285,0.251776649746193,0.354285714285714,0,0.465290806754221,0.354285714285714,0.402270884022709
2000,1000,80,0.3,0.05,"a",FALSE,0.5,0,147,"30, 64, 45, 41","rf_class",420,1013,47,20,0.955333333333333,0.955660377358491,0.954545454545455,0.980638915779284,0.955660377358491,0.967988533205925,"rf_class",146,346,14,9,0.955339805825243,0.961111111111111,0.941935483870968,0.974647887323944,0.961111111111111,0.967832167832168,"rf_class",274,667,33,11,0.955329949238579,0.952857142857143,0.96140350877193,0.98377581120944,0.952857142857143,0.968069666182874
2000,1000,80,0.3,0.05,"a",FALSE,0.5,0,148,"29, 68, 61, 73","IRT",441,1015,23,21,0.970666666666667,0.977842003853565,0.954545454545455,0.97972972972973,0.977842003853565,0.978784956605593,"IRT",149,348,7,4,0.978346456692913,0.980281690140845,0.973856209150327,0.988636363636364,0.980281690140845,0.984441301272984,"IRT",292,667,16,17,0.966733870967742,0.976573938506589,0.944983818770227,0.975146198830409,0.976573938506589,0.975859546452085
2000,1000,80,0.3,0.05,"a",FALSE,0.5,0,148,"29, 68, 61, 73","rf_probs",0,352,686,462,0.234666666666667,0.339113680154143,0,0.432432432432432,0.339113680154143,0.380129589632829,"rf_probs",0,126,229,153,0.248031496062992,0.354929577464789,0,0.451612903225806,0.354929577464789,0.397476340694006,"rf_probs",0,226,457,309,0.227822580645161,0.330893118594436,0,0.422429906542056,0.330893118594436,0.371100164203612
2000,1000,80,0.3,0.05,"a",FALSE,0.5,0,148,"29, 68, 61, 73","rf_class",444,1011,27,18,0.97,0.973988439306358,0.961038961038961,0.982507288629738,0.973988439306358,0.978229317851959,"rf_class",150,346,9,3,0.976377952755906,0.974647887323944,0.980392156862745,0.991404011461318,0.974647887323944,0.982954545454546,"rf_class",294,665,18,15,0.966733870967742,0.973645680819912,0.951456310679612,0.977941176470588,0.973645680819912,0.975788701393984
2000,1000,80,0.3,0.05,"a",FALSE,0.5,0,149,"72, 40, 1, 24","IRT",446,987,66,1,0.955333333333333,0.937321937321937,0.997762863534676,0.998987854251012,0.937321937321937,0.967172954434101,"IRT",154,300,23,0,0.951781970649895,0.928792569659443,1,1,0.928792569659443,0.963081861958266,"IRT",292,687,43,1,0.956989247311828,0.941095890410959,0.996587030716723,0.998546511627907,0.941095890410959,0.968970380818054
2000,1000,80,0.3,0.05,"a",FALSE,0.5,0,149,"72, 40, 1, 24","rf_probs",0,361,692,447,0.240666666666667,0.342830009496676,0,0.446782178217822,0.342830009496676,0.387963460505105,"rf_probs",0,115,208,154,0.241090146750524,0.356037151702786,0,0.427509293680297,0.356037151702786,0.388513513513513,"rf_probs",0,246,484,293,0.240469208211144,0.336986301369863,0,0.456400742115028,0.336986301369863,0.387706855791962
2000,1000,80,0.3,0.05,"a",FALSE,0.5,0,149,"72, 40, 1, 24","rf_class",436,1009,44,11,0.963333333333333,0.958214624881291,0.975391498881432,0.98921568627451,0.958214624881291,0.97346840328027,"rf_class",150,303,20,4,0.949685534591195,0.938080495356037,0.974025974025974,0.986970684039088,0.938080495356037,0.961904761904762,"rf_class",286,706,24,7,0.96969696969697,0.967123287671233,0.976109215017065,0.990182328190743,0.967123287671233,0.978516978516978
2000,1000,80,0.3,0.05,"a",FALSE,0.5,0,150,"62, 53, 72, 39","IRT",420,1014,52,14,0.956,0.951219512195122,0.967741935483871,0.986381322957198,0.951219512195122,0.968481375358166,"IRT",137,343,23,4,0.946745562130177,0.937158469945355,0.971631205673759,0.988472622478386,0.937158469945355,0.962131837307153,"IRT",283,671,29,10,0.960725075528701,0.958571428571429,0.965870307167236,0.985315712187959,0.958571428571429,0.971759594496742
2000,1000,80,0.3,0.05,"a",FALSE,0.5,0,150,"62, 53, 72, 39","rf_probs",0,410,656,434,0.273333333333333,0.384615384615385,0,0.485781990521327,0.384615384615385,0.429319371727749,"rf_probs",0,144,222,141,0.284023668639053,0.39344262295082,0,0.505263157894737,0.39344262295082,0.442396313364055,"rf_probs",0,266,434,293,0.267875125881168,0.38,0,0.475849731663685,0.38,0.422557585385226
2000,1000,80,0.3,0.05,"a",FALSE,0.5,0,150,"62, 53, 72, 39","rf_class",415,1008,58,19,0.948666666666667,0.945590994371482,0.956221198156682,0.981499513145083,0.945590994371482,0.963210702341137,"rf_class",134,340,26,7,0.93491124260355,0.92896174863388,0.950354609929078,0.979827089337176,0.92896174863388,0.953716690042076,"rf_class",281,668,32,12,0.955689828801611,0.954285714285714,0.959044368600683,0.982352941176471,0.954285714285714,0.968115942028986
2000,1000,80,0.3,0.05,"a",FALSE,0.5,0,151,"12, 8, 56, 24","IRT",449,989,55,7,0.958666666666667,0.947318007662835,0.984649122807018,0.992971887550201,0.947318007662835,0.969607843137255,"IRT",130,333,17,1,0.962577962577963,0.951428571428571,0.99236641221374,0.997005988023952,0.951428571428571,0.973684210526316,"IRT",319,656,38,6,0.956820412168793,0.945244956772334,0.981538461538462,0.990936555891239,0.945244956772334,0.967551622418879
2000,1000,80,0.3,0.05,"a",FALSE,0.5,0,151,"12, 8, 56, 24","rf_probs",0,384,660,456,0.256,0.367816091954023,0,0.457142857142857,0.367816091954023,0.407643312101911,"rf_probs",0,127,223,131,0.264033264033264,0.362857142857143,0,0.492248062015504,0.362857142857143,0.417763157894737,"rf_probs",0,257,437,325,0.252208047105005,0.370317002881844,0,0.441580756013746,0.370317002881844,0.40282131661442
2000,1000,80,0.3,0.05,"a",FALSE,0.5,0,151,"12, 8, 56, 24","rf_class",440,994,50,16,0.956,0.952107279693487,0.964912280701754,0.984158415841584,0.952107279693487,0.967867575462512,"rf_class",128,336,14,3,0.964656964656965,0.96,0.977099236641221,0.991150442477876,0.96,0.975326560232221,"rf_class",312,658,36,13,0.951913640824338,0.948126801152738,0.96,0.980625931445604,0.948126801152738,0.964102564102564
2000,1000,80,0.3,0.05,"a",FALSE,0.5,0,152,"49, 32, 17, 59","IRT",422,1002,58,18,0.949333333333333,0.945283018867925,0.959090909090909,0.982352941176471,0.945283018867925,0.963461538461538,"IRT",141,340,17,7,0.952475247524752,0.952380952380952,0.952702702702703,0.979827089337176,0.952380952380952,0.965909090909091,"IRT",281,662,41,11,0.947738693467337,0.941678520625889,0.962328767123288,0.983655274888559,0.941678520625889,0.962209302325581
2000,1000,80,0.3,0.05,"a",FALSE,0.5,0,152,"49, 32, 17, 59","rf_probs",0,371,689,440,0.247333333333333,0.35,0,0.457459926017263,0.35,0.396579369321219,"rf_probs",0,109,248,148,0.215841584158416,0.305322128851541,0,0.424124513618677,0.305322128851541,0.355048859934853,"rf_probs",0,262,441,292,0.263316582914573,0.372688477951636,0,0.472924187725632,0.372688477951636,0.416865552903739
2000,1000,80,0.3,0.05,"a",FALSE,0.5,0,152,"49, 32, 17, 59","rf_class",421,1007,53,19,0.952,0.95,0.956818181818182,0.981481481481482,0.95,0.965484180249281,"rf_class",142,340,17,6,0.954455445544554,0.952380952380952,0.959459459459459,0.982658959537572,0.952380952380952,0.96728307254623,"rf_class",279,667,36,13,0.950753768844221,0.948790896159317,0.955479452054795,0.980882352941176,0.948790896159317,0.964569775849602
2000,1000,80,0.3,0.05,"a",FALSE,0.5,0,153,"15, 53, 31, 36","IRT",430,1009,50,11,0.959333333333333,0.952785646836638,0.975056689342404,0.98921568627451,0.952785646836638,0.970658970658971,"IRT",149,333,18,3,0.958250497017893,0.948717948717949,0.980263157894737,0.991071428571429,0.948717948717949,0.96943231441048,"IRT",281,676,32,8,0.95987963891675,0.954802259887006,0.972318339100346,0.988304093567251,0.954802259887006,0.971264367816092
2000,1000,80,0.3,0.05,"a",FALSE,0.5,0,153,"15, 53, 31, 36","rf_probs",0,331,728,441,0.220666666666667,0.312559017941454,0,0.428756476683938,0.312559017941454,0.361551064991808,"rf_probs",0,112,239,152,0.222664015904573,0.319088319088319,0,0.424242424242424,0.319088319088319,0.364227642276423,"rf_probs",0,219,489,289,0.219658976930792,0.309322033898305,0,0.431102362204724,0.309322033898305,0.360197368421053
2000,1000,80,0.3,0.05,"a",FALSE,0.5,0,153,"15, 53, 31, 36","rf_class",413,1022,37,28,0.956666666666667,0.965061378659112,0.936507936507937,0.973333333333333,0.965061378659112,0.969179706021811,"rf_class",143,336,15,9,0.952286282306163,0.957264957264957,0.940789473684211,0.973913043478261,0.957264957264957,0.96551724137931,"rf_class",270,686,22,19,0.958876629889669,0.968926553672316,0.934256055363322,0.973049645390071,0.968926553672316,0.970983722576079
2000,1000,80,0.3,0.05,"a",FALSE,0.5,0,154,"4, 76, 20, 25","IRT",431,1008,50,11,0.959333333333333,0.952741020793951,0.975113122171946,0.989205103042198,0.952741020793951,0.970630717380838,"IRT",138,327,16,6,0.95482546201232,0.9533527696793,0.958333333333333,0.981981981981982,0.9533527696793,0.967455621301775,"IRT",293,681,34,5,0.961500493583416,0.952447552447552,0.983221476510067,0.992711370262391,0.952447552447552,0.972162740899358
2000,1000,80,0.3,0.05,"a",FALSE,0.5,0,154,"4, 76, 20, 25","rf_probs",0,359,699,442,0.239333333333333,0.339319470699433,0,0.448189762796504,0.339319470699433,0.386229155459925,"rf_probs",0,115,228,144,0.236139630390144,0.335276967930029,0,0.444015444015444,0.335276967930029,0.382059800664452,"rf_probs",0,244,471,298,0.240868706811451,0.341258741258741,0,0.450184501845018,0.341258741258741,0.388225934765314
2000,1000,80,0.3,0.05,"a",FALSE,0.5,0,154,"4, 76, 20, 25","rf_class",417,1026,32,25,0.962,0.969754253308129,0.943438914027149,0.976213130352046,0.969754253308129,0.972972972972973,"rf_class",137,335,8,7,0.969199178644764,0.97667638483965,0.951388888888889,0.97953216374269,0.97667638483965,0.978102189781022,"rf_class",280,691,24,18,0.958538993089832,0.966433566433566,0.939597315436242,0.974612129760226,0.966433566433566,0.970505617977528
2000,1000,80,0.3,0.05,"a",FALSE,0.5,0,155,"38, 54, 16, 1","IRT",473,964,58,5,0.958,0.943248532289628,0.989539748953975,0.99484004127967,0.943248532289628,0.968357609241587,"IRT",161,296,22,1,0.952083333333333,0.930817610062893,0.993827160493827,0.996632996632997,0.930817610062893,0.96260162601626,"IRT",312,668,36,4,0.96078431372549,0.948863636363636,0.987341772151899,0.994047619047619,0.948863636363636,0.97093023255814
2000,1000,80,0.3,0.05,"a",FALSE,0.5,0,155,"38, 54, 16, 1","rf_probs",0,350,672,478,0.233333333333333,0.342465753424658,0,0.422705314009662,0.342465753424658,0.378378378378378,"rf_probs",0,111,207,162,0.23125,0.349056603773585,0,0.406593406593407,0.349056603773585,0.375634517766497,"rf_probs",0,239,465,316,0.234313725490196,0.339488636363636,0,0.430630630630631,0.339488636363636,0.379666401906275
2000,1000,80,0.3,0.05,"a",FALSE,0.5,0,155,"38, 54, 16, 1","rf_class",446,1007,15,32,0.968666666666667,0.9853228962818,0.933054393305439,0.969201154956689,0.9853228962818,0.977195536147501,"rf_class",153,315,3,9,0.975,0.990566037735849,0.944444444444444,0.972222222222222,0.990566037735849,0.981308411214953,"rf_class",293,692,12,23,0.965686274509804,0.982954545454545,0.927215189873418,0.967832167832168,0.982954545454545,0.975334742776603
2000,1000,80,0.3,0.05,"a",FALSE,0.5,0,156,"24, 51, 76, 26","IRT",443,1010,20,27,0.968666666666667,0.980582524271845,0.942553191489362,0.973963355834137,0.980582524271845,0.977261731978713,"IRT",140,340,4,8,0.975609756097561,0.988372093023256,0.945945945945946,0.977011494252874,0.988372093023256,0.982658959537572,"IRT",303,670,16,19,0.965277777777778,0.97667638483965,0.940993788819876,0.972423802612482,0.97667638483965,0.974545454545454
2000,1000,80,0.3,0.05,"a",FALSE,0.5,0,156,"24, 51, 76, 26","rf_probs",0,345,685,470,0.23,0.33495145631068,0,0.423312883435583,0.33495145631068,0.373983739837398,"rf_probs",0,115,229,148,0.233739837398374,0.334302325581395,0,0.437262357414449,0.334302325581395,0.378912685337727,"rf_probs",0,230,456,322,0.228174603174603,0.335276967930029,0,0.416666666666667,0.335276967930029,0.37156704361874
2000,1000,80,0.3,0.05,"a",FALSE,0.5,0,156,"24, 51, 76, 26","rf_class",439,999,31,31,0.958666666666667,0.969902912621359,0.934042553191489,0.969902912621359,0.969902912621359,0.969902912621359,"rf_class",143,337,7,5,0.975609756097561,0.979651162790698,0.966216216216216,0.985380116959064,0.979651162790698,0.982507288629738,"rf_class",296,662,24,26,0.950396825396825,0.965014577259475,0.919254658385093,0.962209302325581,0.965014577259475,0.963609898107715
2000,1000,80,0.3,0.05,"a",FALSE,0.5,0,157,"77, 34, 71, 47","IRT",434,1001,56,9,0.956666666666667,0.947019867549669,0.979683972911964,0.991089108910891,0.947019867549669,0.968553459119497,"IRT",170,330,12,3,0.970873786407767,0.964912280701754,0.982658959537572,0.990990990990991,0.964912280701754,0.977777777777778,"IRT",264,671,44,6,0.949238578680203,0.938461538461538,0.977777777777778,0.991137370753324,0.938461538461538,0.964080459770115
2000,1000,80,0.3,0.05,"a",FALSE,0.5,0,157,"77, 34, 71, 47","rf_probs",0,348,709,443,0.232,0.329233680227058,0,0.439949431099874,0.329233680227058,0.376623376623377,"rf_probs",0,115,227,173,0.223300970873786,0.33625730994152,0,0.399305555555556,0.33625730994152,0.365079365079365,"rf_probs",0,233,482,270,0.236548223350254,0.325874125874126,0,0.463220675944334,0.325874125874126,0.382594417077176
2000,1000,80,0.3,0.05,"a",FALSE,0.5,0,157,"77, 34, 71, 47","rf_class",418,1015,42,25,0.955333333333333,0.960264900662252,0.943566591422122,0.975961538461538,0.960264900662252,0.968049594659037,"rf_class",165,330,12,8,0.961165048543689,0.964912280701754,0.953757225433526,0.976331360946746,0.964912280701754,0.970588235294118,"rf_class",253,685,30,17,0.952284263959391,0.958041958041958,0.937037037037037,0.975783475783476,0.958041958041958,0.966831333803811
2000,1000,80,0.3,0.05,"a",FALSE,0.5,0,158,"63, 59, 29, 19","IRT",442,982,67,9,0.949333333333333,0.936129647283127,0.980044345898004,0.990918264379415,0.936129647283127,0.962745098039216,"IRT",159,318,20,3,0.954,0.940828402366864,0.981481481481482,0.990654205607477,0.940828402366864,0.965098634294385,"IRT",283,664,47,6,0.947,0.933895921237693,0.97923875432526,0.991044776119403,0.933895921237693,0.961622013034033
2000,1000,80,0.3,0.05,"a",FALSE,0.5,0,158,"63, 59, 29, 19","rf_probs",0,331,718,451,0.220666666666667,0.315538608198284,0,0.423273657289003,0.315538608198284,0.361551064991808,"rf_probs",0,96,242,162,0.192,0.284023668639053,0,0.372093023255814,0.284023668639053,0.322147651006711,"rf_probs",0,235,476,289,0.235,0.330520393811533,0,0.448473282442748,0.330520393811533,0.380566801619433
2000,1000,80,0.3,0.05,"a",FALSE,0.5,0,158,"63, 59, 29, 19","rf_class",421,1024,25,30,0.963333333333333,0.976167778836988,0.933481152993348,0.971537001897533,0.976167778836988,0.973846885401807,"rf_class",154,330,8,8,0.968,0.976331360946746,0.950617283950617,0.976331360946746,0.976331360946746,0.976331360946746,"rf_class",267,694,17,22,0.961,0.976090014064698,0.923875432525952,0.96927374301676,0.976090014064698,0.972669936930624
2000,1000,80,0.3,0.05,"a",FALSE,0.5,0,159,"42, 79, 36, 37","IRT",431,1014,37,18,0.963333333333333,0.964795432921028,0.959910913140312,0.982558139534884,0.964795432921028,0.973595775324052,"IRT",144,325,14,4,0.963039014373717,0.958702064896755,0.972972972972973,0.987841945288754,0.958702064896755,0.973053892215569,"IRT",287,689,23,14,0.963474827245805,0.967696629213483,0.953488372093023,0.980085348506401,0.967696629213483,0.973851590106007
2000,1000,80,0.3,0.05,"a",FALSE,0.5,0,159,"42, 79, 36, 37","rf_probs",0,346,705,449,0.230666666666667,0.329210275927688,0,0.435220125786164,0.329210275927688,0.374864572047671,"rf_probs",0,107,232,148,0.219712525667351,0.315634218289086,0,0.419607843137255,0.315634218289086,0.36026936026936,"rf_probs",0,239,473,301,0.235932872655479,0.335674157303371,0,0.442592592592593,0.335674157303371,0.381789137380192
2000,1000,80,0.3,0.05,"a",FALSE,0.5,0,159,"42, 79, 36, 37","rf_class",423,1019,32,26,0.961333333333333,0.969552806850619,0.942093541202673,0.97511961722488,0.969552806850619,0.972328244274809,"rf_class",140,329,10,8,0.963039014373717,0.970501474926254,0.945945945945946,0.976261127596439,0.970501474926254,0.973372781065089,"rf_class",283,690,22,18,0.960513326752221,0.969101123595506,0.940199335548173,0.974576271186441,0.969101123595506,0.971830985915493
2000,1000,80,0.3,0.05,"a",FALSE,0.5,0,160,"70, 46, 80, 20","IRT",422,1023,24,31,0.963333333333333,0.977077363896848,0.931567328918322,0.970588235294118,0.977077363896848,0.973821989528796,"IRT",145,346,5,17,0.957115009746589,0.985754985754986,0.895061728395062,0.953168044077135,0.985754985754986,0.969187675070028,"IRT",277,677,19,14,0.966565349544073,0.972701149425287,0.951890034364261,0.979739507959479,0.972701149425287,0.976207642393656
2000,1000,80,0.3,0.05,"a",FALSE,0.5,0,160,"70, 46, 80, 20","rf_probs",0,358,689,453,0.238666666666667,0.341929321872015,0,0.441430332922318,0.341929321872015,0.385360602798708,"rf_probs",0,126,225,162,0.245614035087719,0.358974358974359,0,0.4375,0.358974358974359,0.394366197183099,"rf_probs",0,232,464,291,0.235055724417427,0.333333333333333,0,0.443594646271511,0.333333333333333,0.380639868744873
2000,1000,80,0.3,0.05,"a",FALSE,0.5,0,160,"70, 46, 80, 20","rf_class",424,1015,32,29,0.959333333333333,0.969436485195798,0.93598233995585,0.972222222222222,0.969436485195798,0.970827355332377,"rf_class",150,344,7,12,0.962962962962963,0.98005698005698,0.925925925925926,0.966292134831461,0.98005698005698,0.973125884016973,"rf_class",274,671,25,17,0.957446808510638,0.964080459770115,0.941580756013746,0.975290697674419,0.964080459770115,0.969653179190751
2000,1000,80,0.3,0.05,"a",FALSE,0.5,0,161,"20, 59, 76, 69","IRT",421,1020,51,8,0.960666666666667,0.952380952380952,0.981351981351981,0.992217898832685,0.952380952380952,0.971891376846117,"IRT",134,358,13,1,0.972332015810277,0.964959568733154,0.992592592592593,0.997214484679666,0.964959568733154,0.980821917808219,"IRT",287,662,38,7,0.954728370221328,0.945714285714286,0.976190476190476,0.989536621823617,0.945714285714286,0.967129291453616
2000,1000,80,0.3,0.05,"a",FALSE,0.5,0,161,"20, 59, 76, 69","rf_probs",0,387,684,429,0.258,0.361344537815126,0,0.474264705882353,0.361344537815126,0.410174880763116,"rf_probs",0,137,234,135,0.270750988142292,0.369272237196765,0,0.503676470588235,0.369272237196765,0.426127527216174,"rf_probs",0,250,450,294,0.251509054325956,0.357142857142857,0,0.459558823529412,0.357142857142857,0.401929260450161
2000,1000,80,0.3,0.05,"a",FALSE,0.5,0,161,"20, 59, 76, 69","rf_class",417,1025,46,12,0.961333333333333,0.957049486461251,0.972027972027972,0.988428158148505,0.957049486461251,0.972485768500949,"rf_class",133,359,12,2,0.972332015810277,0.967654986522911,0.985185185185185,0.994459833795014,0.967654986522911,0.980874316939891,"rf_class",284,666,34,10,0.955734406438632,0.951428571428571,0.965986394557823,0.985207100591716,0.951428571428571,0.968023255813954
2000,1000,80,0.3,0.05,"a",FALSE,0.5,0,162,"27, 23, 58, 64","IRT",436,1006,46,12,0.961333333333333,0.956273764258555,0.973214285714286,0.988212180746562,0.956273764258555,0.971980676328502,"IRT",142,335,13,7,0.959758551307847,0.96264367816092,0.953020134228188,0.97953216374269,0.96264367816092,0.971014492753623,"IRT",294,671,33,5,0.962113659022931,0.953125,0.983277591973244,0.992603550295858,0.953125,0.972463768115942
2000,1000,80,0.3,0.05,"a",FALSE,0.5,0,162,"27, 23, 58, 64","rf_probs",0,383,669,448,0.255333333333333,0.364068441064639,0,0.460890493381468,0.364068441064639,0.40679766330324,"rf_probs",0,127,221,149,0.255533199195171,0.364942528735632,0,0.460144927536232,0.364942528735632,0.407051282051282,"rf_probs",0,256,448,299,0.255234297108674,0.363636363636364,0,0.461261261261261,0.363636363636364,0.406671961874504
2000,1000,80,0.3,0.05,"a",FALSE,0.5,0,162,"27, 23, 58, 64","rf_class",418,1018,34,30,0.957333333333333,0.967680608365019,0.933035714285714,0.971374045801527,0.967680608365019,0.969523809523809,"rf_class",139,339,9,10,0.961770623742455,0.974137931034483,0.932885906040268,0.97134670487106,0.974137931034483,0.972740315638451,"rf_class",279,679,25,20,0.955134596211366,0.964488636363636,0.933110367892977,0.971387696709585,0.964488636363636,0.967925873129009
2000,1000,80,0.3,0.05,"a",FALSE,0.5,0,163,"74, 52, 70, 73","IRT",448,992,41,19,0.96,0.960309777347531,0.9593147751606,0.981206726013848,0.960309777347531,0.970645792563601,"IRT",121,331,15,5,0.957627118644068,0.956647398843931,0.96031746031746,0.985119047619048,0.956647398843931,0.970674486803519,"IRT",327,661,26,14,0.961089494163424,0.962154294032023,0.958944281524927,0.979259259259259,0.962154294032023,0.970631424375918
2000,1000,80,0.3,0.05,"a",FALSE,0.5,0,163,"74, 52, 70, 73","rf_probs",0,371,662,467,0.247333333333333,0.359148112294289,0,0.44272076372315,0.359148112294289,0.396579369321219,"rf_probs",0,125,221,126,0.264830508474576,0.361271676300578,0,0.49800796812749,0.361271676300578,0.418760469011725,"rf_probs",0,246,441,341,0.239299610894942,0.358078602620087,0,0.419080068143101,0.358078602620087,0.3861852433281
2000,1000,80,0.3,0.05,"a",FALSE,0.5,0,163,"74, 52, 70, 73","rf_class",436,1004,29,31,0.96,0.971926427879961,0.933618843683084,0.970048309178744,0.971926427879961,0.970986460348162,"rf_class",120,333,13,6,0.959745762711864,0.96242774566474,0.952380952380952,0.982300884955752,0.96242774566474,0.972262773722628,"rf_class",316,671,16,25,0.96011673151751,0.976710334788937,0.926686217008798,0.964080459770115,0.976710334788937,0.970354302241504
2000,1000,80,0.3,0.05,"a",FALSE,0.5,0,164,"38, 74, 5, 52","IRT",444,996,45,15,0.96,0.956772334293948,0.967320261437909,0.985163204747775,0.956772334293948,0.970760233918129,"IRT",157,331,20,5,0.951267056530214,0.943019943019943,0.969135802469136,0.985119047619048,0.943019943019943,0.963609898107715,"IRT",287,665,25,10,0.964539007092199,0.963768115942029,0.966329966329966,0.985185185185185,0.963768115942029,0.974358974358974
2000,1000,80,0.3,0.05,"a",FALSE,0.5,0,164,"38, 74, 5, 52","rf_probs",0,355,686,459,0.236666666666667,0.341018251681076,0,0.436117936117936,0.341018251681076,0.382749326145553,"rf_probs",0,121,230,162,0.235867446393762,0.344729344729345,0,0.42756183745583,0.344729344729345,0.381703470031546,"rf_probs",0,234,456,297,0.237082066869301,0.339130434782609,0,0.440677966101695,0.339130434782609,0.383292383292383
2000,1000,80,0.3,0.05,"a",FALSE,0.5,0,164,"38, 74, 5, 52","rf_class",423,1009,32,36,0.954666666666667,0.96926032660903,0.92156862745098,0.96555023923445,0.96926032660903,0.967401725790988,"rf_class",149,335,16,13,0.943469785575049,0.954415954415954,0.919753086419753,0.96264367816092,0.954415954415954,0.958512160228898,"rf_class",274,674,16,23,0.96048632218845,0.976811594202899,0.922558922558923,0.96700143472023,0.976811594202899,0.971881759192502
2000,1000,80,0.3,0.05,"a",FALSE,0.5,0,165,"16, 18, 13, 45","IRT",458,983,49,10,0.960666666666667,0.952519379844961,0.978632478632479,0.989929506545821,0.952519379844961,0.970864197530864,"IRT",136,339,16,3,0.961538461538462,0.954929577464789,0.97841726618705,0.991228070175439,0.954929577464789,0.972740315638451,"IRT",322,644,33,7,0.960238568588469,0.951255539143279,0.978723404255319,0.989247311827957,0.951255539143279,0.969879518072289
2000,1000,80,0.3,0.05,"a",FALSE,0.5,0,165,"16, 18, 13, 45","rf_probs",0,377,655,468,0.251333333333333,0.36531007751938,0,0.446153846153846,0.36531007751938,0.401704848161961,"rf_probs",0,123,232,139,0.248987854251012,0.346478873239437,0,0.469465648854962,0.346478873239437,0.39870340356564,"rf_probs",0,254,423,329,0.252485089463221,0.375184638109306,0,0.435677530017153,0.375184638109306,0.403174603174603
2000,1000,80,0.3,0.05,"a",FALSE,0.5,0,165,"16, 18, 13, 45","rf_class",442,994,38,26,0.957333333333333,0.963178294573643,0.944444444444444,0.974509803921569,0.963178294573643,0.968810916179337,"rf_class",129,342,13,10,0.953441295546559,0.963380281690141,0.928057553956835,0.971590909090909,0.963380281690141,0.967468175388967,"rf_class",313,652,25,16,0.959244532803181,0.963072378138848,0.951367781155015,0.976047904191617,0.963072378138848,0.969516728624535
2000,1000,80,0.3,0.05,"a",FALSE,0.5,0,166,"55, 48, 14, 70","IRT",431,1009,47,13,0.96,0.955492424242424,0.970720720720721,0.987279843444227,0.955492424242424,0.971126082771896,"IRT",144,359,15,4,0.96360153256705,0.959893048128342,0.972972972972973,0.988980716253444,0.959893048128342,0.974219810040706,"IRT",287,650,32,9,0.958077709611452,0.953079178885631,0.969594594594595,0.986342943854325,0.953079178885631,0.969425801640567
2000,1000,80,0.3,0.05,"a",FALSE,0.5,0,166,"55, 48, 14, 70","rf_probs",0,337,719,444,0.224666666666667,0.319128787878788,0,0.431498079385403,0.319128787878788,0.366902558519325,"rf_probs",0,101,273,148,0.193486590038314,0.270053475935829,0,0.405622489959839,0.270053475935829,0.324237560192616,"rf_probs",0,236,446,296,0.241308793456033,0.346041055718475,0,0.443609022556391,0.346041055718475,0.388797364085667
2000,1000,80,0.3,0.05,"a",FALSE,0.5,0,166,"55, 48, 14, 70","rf_class",420,1026,30,24,0.964,0.971590909090909,0.945945945945946,0.977142857142857,0.971590909090909,0.974358974358974,"rf_class",142,362,12,6,0.96551724137931,0.967914438502674,0.959459459459459,0.983695652173913,0.967914438502674,0.975741239892183,"rf_class",278,664,18,18,0.96319018404908,0.973607038123167,0.939189189189189,0.973607038123167,0.973607038123167,0.973607038123167
2000,1000,80,0.3,0.05,"a",FALSE,0.5,0,167,"12, 79, 24, 54","IRT",437,1008,50,5,0.963333333333333,0.952741020793951,0.98868778280543,0.995064165844028,0.952741020793951,0.973442781265089,"IRT",159,327,19,3,0.956692913385827,0.945086705202312,0.981481481481482,0.990909090909091,0.945086705202312,0.967455621301775,"IRT",278,681,31,2,0.966733870967742,0.956460674157303,0.992857142857143,0.997071742313324,0.956460674157303,0.976344086021505
2000,1000,80,0.3,0.05,"a",FALSE,0.5,0,167,"12, 79, 24, 54","rf_probs",0,408,650,442,0.272,0.385633270321361,0,0.48,0.385633270321361,0.427672955974843,"rf_probs",0,134,212,162,0.263779527559055,0.38728323699422,0,0.452702702702703,0.38728323699422,0.417445482866044,"rf_probs",0,274,438,280,0.276209677419355,0.384831460674157,0,0.494584837545126,0.384831460674157,0.432859399684044
2000,1000,80,0.3,0.05,"a",FALSE,0.5,0,167,"12, 79, 24, 54","rf_class",425,1002,56,17,0.951333333333333,0.947069943289225,0.961538461538462,0.983316977428852,0.947069943289225,0.964853153586904,"rf_class",154,325,21,8,0.942913385826772,0.939306358381503,0.950617283950617,0.975975975975976,0.939306358381503,0.957290132547865,"rf_class",271,677,35,9,0.955645161290323,0.950842696629214,0.967857142857143,0.986880466472303,0.950842696629214,0.968526466380544
2000,1000,80,0.3,0.05,"a",FALSE,0.5,0,168,"1, 51, 5, 22","IRT",441,991,59,9,0.954666666666667,0.943809523809524,0.98,0.991,0.943809523809524,0.966829268292683,"IRT",140,329,16,1,0.965020576131687,0.953623188405797,0.99290780141844,0.996969696969697,0.953623188405797,0.974814814814815,"IRT",301,662,43,8,0.949704142011834,0.939007092198582,0.97411003236246,0.988059701492537,0.939007092198582,0.962909090909091
2000,1000,80,0.3,0.05,"a",FALSE,0.5,0,168,"1, 51, 5, 22","rf_probs",0,401,649,450,0.267333333333333,0.381904761904762,0,0.471210340775558,0.381904761904762,0.421883219358233,"rf_probs",0,120,225,141,0.246913580246914,0.347826086956522,0,0.459770114942529,0.347826086956522,0.396039603960396,"rf_probs",0,281,424,309,0.277120315581854,0.398581560283688,0,0.476271186440678,0.398581560283688,0.433976833976834
2000,1000,80,0.3,0.05,"a",FALSE,0.5,0,168,"1, 51, 5, 22","rf_class",431,1011,39,19,0.961333333333333,0.962857142857143,0.957777777777778,0.981553398058252,0.962857142857143,0.972115384615385,"rf_class",138,336,9,3,0.975308641975309,0.973913043478261,0.978723404255319,0.991150442477876,0.973913043478261,0.982456140350877,"rf_class",293,675,30,16,0.954635108481262,0.957446808510638,0.948220064724919,0.97684515195369,0.957446808510638,0.967048710601719
2000,1000,80,0.3,0.05,"a",FALSE,0.5,0,169,"36, 62, 31, 68","IRT",450,986,56,8,0.957333333333333,0.946257197696737,0.982532751091703,0.991951710261569,0.946257197696737,0.968565815324165,"IRT",146,323,16,3,0.961065573770492,0.952802359882006,0.979865771812081,0.99079754601227,0.952802359882006,0.971428571428571,"IRT",304,663,40,5,0.955533596837945,0.943100995732575,0.983818770226537,0.99251497005988,0.943100995732575,0.967177242888403
2000,1000,80,0.3,0.05,"a",FALSE,0.5,0,169,"36, 62, 31, 68","rf_probs",0,321,721,458,0.214,0.308061420345489,0,0.41206675224647,0.308061420345489,0.352553542009885,"rf_probs",0,99,240,149,0.202868852459016,0.292035398230089,0,0.399193548387097,0.292035398230089,0.337308347529813,"rf_probs",0,222,481,309,0.219367588932806,0.315789473684211,0,0.418079096045198,0.315789473684211,0.359805510534846
2000,1000,80,0.3,0.05,"a",FALSE,0.5,0,169,"36, 62, 31, 68","rf_class",435,1018,24,23,0.968666666666667,0.976967370441459,0.949781659388646,0.97790585975024,0.976967370441459,0.977436389822372,"rf_class",143,332,7,6,0.973360655737705,0.979351032448378,0.959731543624161,0.982248520710059,0.979351032448378,0.980797636632201,"rf_class",292,686,17,17,0.966403162055336,0.975817923186344,0.944983818770227,0.975817923186344,0.975817923186344,0.975817923186344
2000,1000,80,0.3,0.05,"a",FALSE,0.5,0,170,"7, 3, 77, 40","IRT",433,999,60,8,0.954666666666667,0.943342776203966,0.981859410430839,0.992055610724926,0.943342776203966,0.967086156824782,"IRT",137,355,19,3,0.957198443579767,0.949197860962567,0.978571428571429,0.991620111731844,0.949197860962567,0.969945355191257,"IRT",296,644,41,5,0.953346855983773,0.94014598540146,0.983388704318937,0.992295839753467,0.94014598540146,0.96551724137931
2000,1000,80,0.3,0.05,"a",FALSE,0.5,0,170,"7, 3, 77, 40","rf_probs",0,380,679,441,0.253333333333333,0.358829084041549,0,0.46285018270402,0.358829084041549,0.404255319148936,"rf_probs",0,129,245,140,0.250972762645914,0.344919786096257,0,0.479553903345725,0.344919786096257,0.401244167962675,"rf_probs",0,251,434,301,0.254563894523327,0.366423357664234,0,0.454710144927536,0.366423357664234,0.405820533548909
2000,1000,80,0.3,0.05,"a",FALSE,0.5,0,170,"7, 3, 77, 40","rf_class",424,1015,44,17,0.959333333333333,0.958451369216242,0.961451247165533,0.983527131782946,0.958451369216242,0.970827355332377,"rf_class",135,363,11,5,0.968871595330739,0.970588235294118,0.964285714285714,0.986413043478261,0.970588235294118,0.978436657681941,"rf_class",289,652,33,12,0.954361054766734,0.951824817518248,0.960132890365448,0.981927710843373,0.951824817518248,0.966641957005189
2000,1000,80,0.3,0.05,"a",FALSE,0.5,0,171,"14, 79, 70, 38","IRT",423,1032,30,15,0.97,0.971751412429379,0.965753424657534,0.98567335243553,0.971751412429379,0.978662873399715,"IRT",121,330,15,6,0.955508474576271,0.956521739130435,0.952755905511811,0.982142857142857,0.956521739130435,0.969162995594714,"IRT",302,702,15,9,0.976653696498054,0.97907949790795,0.971061093247588,0.987341772151899,0.97907949790795,0.983193277310924
2000,1000,80,0.3,0.05,"a",FALSE,0.5,0,171,"14, 79, 70, 38","rf_probs",0,379,683,438,0.252666666666667,0.356873822975518,0,0.463892288861689,0.356873822975518,0.403406067056945,"rf_probs",0,116,229,127,0.245762711864407,0.336231884057971,0,0.477366255144033,0.336231884057971,0.394557823129252,"rf_probs",0,263,454,311,0.255836575875486,0.366806136680614,0,0.458188153310105,0.366806136680614,0.407436096049574
2000,1000,80,0.3,0.05,"a",FALSE,0.5,0,171,"14, 79, 70, 38","rf_class",417,1029,33,21,0.964,0.968926553672316,0.952054794520548,0.98,0.968926553672316,0.974431818181818,"rf_class",120,324,21,7,0.940677966101695,0.939130434782609,0.94488188976378,0.978851963746224,0.939130434782609,0.958579881656805,"rf_class",297,705,12,14,0.974708171206226,0.98326359832636,0.954983922829582,0.980528511821975,0.98326359832636,0.981894150417827
2000,1000,80,0.3,0.05,"a",FALSE,0.5,0,172,"10, 56, 38, 3","IRT",434,1016,33,17,0.966666666666667,0.968541468064824,0.962305986696231,0.983543078412391,0.968541468064824,0.975984630163305,"IRT",134,357,12,3,0.970355731225296,0.967479674796748,0.978102189781022,0.991666666666667,0.967479674796748,0.979423868312757,"IRT",300,659,21,14,0.964788732394366,0.969117647058824,0.955414012738854,0.979197622585438,0.969117647058824,0.974131559497413
2000,1000,80,0.3,0.05,"a",FALSE,0.5,0,172,"10, 56, 38, 3","rf_probs",0,366,683,451,0.244,0.348903717826501,0,0.447980416156671,0.348903717826501,0.392282958199357,"rf_probs",0,118,251,137,0.233201581027668,0.319783197831978,0,0.462745098039216,0.319783197831978,0.378205128205128,"rf_probs",0,248,432,314,0.249496981891348,0.364705882352941,0,0.441281138790036,0.364705882352941,0.399355877616747
2000,1000,80,0.3,0.05,"a",FALSE,0.5,0,172,"10, 56, 38, 3","rf_class",420,1028,21,31,0.965333333333333,0.97998093422307,0.931263858093126,0.970727101038716,0.97998093422307,0.975332068311195,"rf_class",127,360,9,10,0.962450592885375,0.975609756097561,0.927007299270073,0.972972972972973,0.975609756097561,0.974289580514208,"rf_class",293,668,12,21,0.966800804828974,0.982352941176471,0.93312101910828,0.969521044992743,0.982352941176471,0.975894813732652
2000,1000,80,0.3,0.05,"a",FALSE,0.5,0,173,"60, 26, 23, 80","IRT",447,995,43,15,0.961333333333333,0.958574181117534,0.967532467532468,0.985148514851485,0.958574181117534,0.9716796875,"IRT",141,335,17,7,0.952,0.951704545454545,0.952702702702703,0.97953216374269,0.951704545454545,0.965417867435159,"IRT",306,660,26,8,0.966,0.962099125364432,0.974522292993631,0.988023952095808,0.962099125364432,0.974889217134417
2000,1000,80,0.3,0.05,"a",FALSE,0.5,0,173,"60, 26, 23, 80","rf_probs",0,326,712,462,0.217333333333333,0.314065510597302,0,0.413705583756345,0.314065510597302,0.357064622124863,"rf_probs",0,115,237,148,0.23,0.326704545454545,0,0.437262357414449,0.326704545454545,0.373983739837398,"rf_probs",0,211,475,314,0.211,0.307580174927114,0,0.401904761904762,0.307580174927114,0.348472336911643
2000,1000,80,0.3,0.05,"a",FALSE,0.5,0,173,"60, 26, 23, 80","rf_class",443,992,46,19,0.956666666666667,0.955684007707129,0.958874458874459,0.981206726013848,0.955684007707129,0.968277208394339,"rf_class",142,331,21,6,0.946,0.940340909090909,0.959459459459459,0.982195845697329,0.940340909090909,0.960812772133527,"rf_class",301,661,25,13,0.962,0.963556851311953,0.95859872611465,0.980712166172107,0.963556851311953,0.972058823529412
2000,1000,80,0.3,0.05,"a",FALSE,0.5,0,174,"1, 62, 65, 63","IRT",407,1042,22,29,0.966,0.979323308270677,0.93348623853211,0.972922502334267,0.979323308270677,0.976112412177986,"IRT",150,340,4,13,0.96646942800789,0.988372093023256,0.920245398773006,0.963172804532578,0.988372093023256,0.975609756097561,"IRT",257,702,18,16,0.965760322255791,0.975,0.941391941391941,0.977715877437326,0.975,0.976356050069541
2000,1000,80,0.3,0.05,"a",FALSE,0.5,0,174,"1, 62, 65, 63","rf_probs",0,369,695,436,0.246,0.346804511278196,0,0.458385093167702,0.346804511278196,0.394863563402889,"rf_probs",0,133,211,163,0.26232741617357,0.386627906976744,0,0.449324324324324,0.386627906976744,0.415625,"rf_probs",0,236,484,273,0.23766364551863,0.327777777777778,0,0.463654223968566,0.327777777777778,0.384052074857608
2000,1000,80,0.3,0.05,"a",FALSE,0.5,0,174,"1, 62, 65, 63","rf_class",408,1020,44,28,0.952,0.958646616541353,0.935779816513762,0.973282442748092,0.958646616541353,0.965909090909091,"rf_class",148,337,7,15,0.956607495069034,0.979651162790698,0.907975460122699,0.957386363636364,0.979651162790698,0.968390804597701,"rf_class",260,683,37,13,0.949647532729104,0.948611111111111,0.952380952380952,0.98132183908046,0.948611111111111,0.964689265536723
2000,1000,80,0.3,0.05,"a",FALSE,0.5,0,175,"3, 69, 54, 72","IRT",449,1014,29,8,0.975333333333333,0.972195589645254,0.982494529540481,0.992172211350294,0.972195589645254,0.982082324455206,"IRT",157,348,8,2,0.980582524271845,0.97752808988764,0.987421383647799,0.994285714285714,0.97752808988764,0.985835694050992,"IRT",292,666,21,6,0.97258883248731,0.96943231441048,0.979865771812081,0.991071428571429,0.96943231441048,0.980132450331126
2000,1000,80,0.3,0.05,"a",FALSE,0.5,0,175,"3, 69, 54, 72","rf_probs",0,361,682,457,0.240666666666667,0.346116970278044,0,0.441320293398533,0.346116970278044,0.387963460505105,"rf_probs",0,112,244,159,0.21747572815534,0.314606741573034,0,0.413284132841328,0.314606741573034,0.35725677830941,"rf_probs",0,249,438,298,0.252791878172589,0.362445414847162,0,0.455210237659963,0.362445414847162,0.403565640194489
2000,1000,80,0.3,0.05,"a",FALSE,0.5,0,175,"3, 69, 54, 72","rf_class",439,1007,36,18,0.964,0.965484180249281,0.960612691466083,0.982439024390244,0.965484180249281,0.973887814313346,"rf_class",154,344,12,5,0.966990291262136,0.966292134831461,0.968553459119497,0.98567335243553,0.966292134831461,0.975886524822695,"rf_class",285,663,24,13,0.96243654822335,0.965065502183406,0.956375838926175,0.980769230769231,0.965065502183406,0.972853998532649
2000,1000,80,0.3,0.05,"a",FALSE,0.5,0,176,"37, 20, 60, 69","IRT",425,1017,44,14,0.961333333333333,0.958529688972667,0.968109339407745,0.986420950533463,0.958529688972667,0.972275334608031,"IRT",143,336,13,3,0.967676767676768,0.962750716332378,0.979452054794521,0.991150442477876,0.962750716332378,0.976744186046512,"IRT",282,681,31,11,0.958208955223881,0.956460674157303,0.962457337883959,0.984104046242775,0.956460674157303,0.97008547008547
2000,1000,80,0.3,0.05,"a",FALSE,0.5,0,176,"37, 20, 60, 69","rf_probs",0,334,727,439,0.222666666666667,0.314797360980207,0,0.432082794307891,0.314797360980207,0.36423118865867,"rf_probs",0,115,234,146,0.232323232323232,0.329512893982808,0,0.440613026819923,0.329512893982808,0.377049180327869,"rf_probs",0,219,493,293,0.217910447761194,0.307584269662921,0,0.427734375,0.307584269662921,0.357843137254902
2000,1000,80,0.3,0.05,"a",FALSE,0.5,0,176,"37, 20, 60, 69","rf_class",416,1022,39,23,0.958666666666667,0.963242224316682,0.947608200455581,0.97799043062201,0.963242224316682,0.970560303893637,"rf_class",141,338,11,5,0.967676767676768,0.968481375358166,0.965753424657534,0.985422740524781,0.968481375358166,0.976878612716763,"rf_class",275,684,28,18,0.954228855721393,0.960674157303371,0.938566552901024,0.974358974358974,0.960674157303371,0.967468175388967
2000,1000,80,0.3,0.05,"a",FALSE,0.5,0,177,"49, 40, 79, 61","IRT",442,1010,37,11,0.968,0.964660936007641,0.975717439293598,0.98922624877571,0.964660936007641,0.97678916827853,"IRT",149,316,14,5,0.960743801652893,0.957575757575758,0.967532467532468,0.984423676012461,0.957575757575758,0.970814132104455,"IRT",293,694,23,6,0.971456692913386,0.96792189679219,0.979933110367893,0.991428571428571,0.96792189679219,0.979534227240649
2000,1000,80,0.3,0.05,"a",FALSE,0.5,0,177,"49, 40, 79, 61","rf_probs",0,317,730,453,0.211333333333333,0.302769818529131,0,0.411688311688312,0.302769818529131,0.348926802421574,"rf_probs",0,95,235,154,0.196280991735537,0.287878787878788,0,0.381526104417671,0.287878787878788,0.328151986183074,"rf_probs",0,222,495,299,0.218503937007874,0.309623430962343,0,0.426103646833013,0.309623430962343,0.358642972536349
2000,1000,80,0.3,0.05,"a",FALSE,0.5,0,177,"49, 40, 79, 61","rf_class",425,1017,30,28,0.961333333333333,0.97134670487106,0.938189845474614,0.973205741626794,0.97134670487106,0.972275334608031,"rf_class",144,318,12,10,0.954545454545455,0.963636363636364,0.935064935064935,0.969512195121951,0.963636363636364,0.966565349544073,"rf_class",281,699,18,18,0.964566929133858,0.97489539748954,0.939799331103679,0.97489539748954,0.97489539748954,0.97489539748954
2000,1000,80,0.3,0.05,"a",FALSE,0.5,0,178,"58, 65, 44, 21","IRT",429,1029,30,12,0.972,0.971671388101983,0.972789115646258,0.988472622478386,0.971671388101983,0.98,"IRT",145,347,8,2,0.9800796812749,0.977464788732394,0.986394557823129,0.994269340974212,0.977464788732394,0.985795454545455,"IRT",284,682,22,10,0.967935871743487,0.96875,0.965986394557823,0.985549132947977,0.96875,0.977077363896848
2000,1000,80,0.3,0.05,"a",FALSE,0.5,0,178,"58, 65, 44, 21","rf_probs",0,371,688,441,0.247333333333333,0.350330500472144,0,0.456896551724138,0.350330500472144,0.396579369321219,"rf_probs",0,126,229,147,0.250996015936255,0.354929577464789,0,0.461538461538462,0.354929577464789,0.401273885350318,"rf_probs",0,245,459,294,0.245490981963928,0.348011363636364,0,0.454545454545455,0.348011363636364,0.394207562349155
2000,1000,80,0.3,0.05,"a",FALSE,0.5,0,178,"58, 65, 44, 21","rf_class",422,1024,35,19,0.964,0.966949952785647,0.956916099773243,0.981783317353787,0.966949952785647,0.974310180780209,"rf_class",143,345,10,4,0.972111553784861,0.971830985915493,0.972789115646258,0.988538681948424,0.971830985915493,0.980113636363636,"rf_class",279,679,25,15,0.959919839679359,0.964488636363636,0.948979591836735,0.978386167146974,0.964488636363636,0.971387696709585
2000,1000,80,0.3,0.05,"a",FALSE,0.5,0,179,"66, 52, 74, 24","IRT",432,1015,45,8,0.964666666666667,0.957547169811321,0.981818181818182,0.992179863147605,0.957547169811321,0.974555928948632,"IRT",153,332,11,3,0.971943887775551,0.967930029154519,0.980769230769231,0.991044776119403,0.967930029154519,0.979351032448378,"IRT",279,683,34,5,0.961038961038961,0.95258019525802,0.982394366197183,0.992732558139535,0.95258019525802,0.972241992882562
2000,1000,80,0.3,0.05,"a",FALSE,0.5,0,179,"66, 52, 74, 24","rf_probs",0,341,719,440,0.227333333333333,0.321698113207547,0,0.436619718309859,0.321698113207547,0.370450841933732,"rf_probs",0,109,234,156,0.218436873747495,0.317784256559767,0,0.411320754716981,0.317784256559767,0.358552631578947,"rf_probs",0,232,485,284,0.231768231768232,0.323570432357043,0,0.449612403100775,0.323570432357043,0.376317923763179
2000,1000,80,0.3,0.05,"a",FALSE,0.5,0,179,"66, 52, 74, 24","rf_class",418,1026,34,22,0.962666666666667,0.967924528301887,0.95,0.979007633587786,0.967924528301887,0.973434535104364,"rf_class",150,333,10,6,0.967935871743487,0.970845481049563,0.961538461538462,0.982300884955752,0.970845481049563,0.976539589442815,"rf_class",268,693,24,16,0.96003996003996,0.96652719665272,0.943661971830986,0.977433004231312,0.96652719665272,0.97194950911641
2000,1000,80,0.3,0.05,"a",FALSE,0.5,0,180,"61, 75, 14, 22","IRT",455,1009,24,12,0.976,0.97676669893514,0.974304068522484,0.988246816846229,0.97676669893514,0.982473222979552,"IRT",144,351,5,2,0.98605577689243,0.985955056179775,0.986301369863014,0.994334277620397,0.985955056179775,0.990126939351199,"IRT",311,658,19,10,0.970941883767535,0.971935007385524,0.968847352024922,0.985029940119761,0.971935007385524,0.978438661710037
2000,1000,80,0.3,0.05,"a",FALSE,0.5,0,180,"61, 75, 14, 22","rf_probs",0,360,673,467,0.24,0.348499515972894,0,0.435308343409915,0.348499515972894,0.387096774193548,"rf_probs",0,123,233,146,0.245019920318725,0.345505617977528,0,0.45724907063197,0.345505617977528,0.3936,"rf_probs",0,237,440,321,0.2374749498998,0.350073855243722,0,0.424731182795699,0.350073855243722,0.383805668016194
2000,1000,80,0.3,0.05,"a",FALSE,0.5,0,180,"61, 75, 14, 22","rf_class",446,999,34,21,0.963333333333333,0.967086156824782,0.955032119914347,0.979411764705882,0.967086156824782,0.973209936678032,"rf_class",138,348,8,8,0.968127490039841,0.97752808988764,0.945205479452055,0.97752808988764,0.97752808988764,0.97752808988764,"rf_class",308,651,26,13,0.960921843687375,0.961595273264402,0.959501557632399,0.980421686746988,0.961595273264402,0.970917225950783
2000,1000,80,0.3,0.05,"a",FALSE,0.5,0,181,"1, 48, 9, 70","IRT",423,1037,31,9,0.973333333333333,0.970973782771536,0.979166666666667,0.991395793499044,0.970973782771536,0.981078524124882,"IRT",148,321,13,2,0.96900826446281,0.961077844311377,0.986666666666667,0.993808049535604,0.961077844311377,0.97716894977169,"IRT",275,716,18,7,0.975393700787402,0.975476839237057,0.975177304964539,0.990318118948824,0.975476839237057,0.982841455044612
2000,1000,80,0.3,0.05,"a",FALSE,0.5,0,181,"1, 48, 9, 70","rf_probs",0,314,754,432,0.209333333333333,0.294007490636704,0,0.420911528150134,0.294007490636704,0.34619625137817,"rf_probs",0,104,230,150,0.214876033057851,0.311377245508982,0,0.409448818897638,0.311377245508982,0.35374149659864,"rf_probs",0,210,524,282,0.206692913385827,0.286103542234332,0,0.426829268292683,0.286103542234332,0.34257748776509
2000,1000,80,0.3,0.05,"a",FALSE,0.5,0,181,"1, 48, 9, 70","rf_class",410,1035,33,22,0.963333333333333,0.969101123595506,0.949074074074074,0.97918637653737,0.969101123595506,0.974117647058823,"rf_class",144,322,12,6,0.962809917355372,0.964071856287425,0.96,0.981707317073171,0.964071856287425,0.972809667673716,"rf_class",266,713,21,16,0.963582677165354,0.971389645776567,0.943262411347518,0.978052126200274,0.971389645776567,0.974709501025291
2000,1000,80,0.3,0.05,"a",FALSE,0.5,0,182,"7, 38, 26, 20","IRT",418,1035,35,12,0.968666666666667,0.967289719626168,0.972093023255814,0.988538681948424,0.967289719626168,0.977798771846953,"IRT",140,345,10,6,0.968063872255489,0.971830985915493,0.958904109589041,0.982905982905983,0.971830985915493,0.977337110481586,"IRT",278,690,25,6,0.968968968968969,0.965034965034965,0.97887323943662,0.991379310344828,0.965034965034965,0.978029766123317
2000,1000,80,0.3,0.05,"a",FALSE,0.5,0,182,"7, 38, 26, 20","rf_probs",0,327,743,430,0.218,0.305607476635514,0,0.431968295904888,0.305607476635514,0.357963875205255,"rf_probs",0,103,252,146,0.205588822355289,0.290140845070423,0,0.413654618473896,0.290140845070423,0.341059602649007,"rf_probs",0,224,491,284,0.224224224224224,0.313286713286713,0,0.440944881889764,0.313286713286713,0.366312346688471
2000,1000,80,0.3,0.05,"a",FALSE,0.5,0,182,"7, 38, 26, 20","rf_class",410,1038,32,20,0.965333333333333,0.970093457943925,0.953488372093023,0.98109640831758,0.970093457943925,0.975563909774436,"rf_class",140,345,10,6,0.968063872255489,0.971830985915493,0.958904109589041,0.982905982905983,0.971830985915493,0.977337110481586,"rf_class",270,693,22,14,0.963963963963964,0.969230769230769,0.950704225352113,0.98019801980198,0.969230769230769,0.974683544303797
2000,1000,80,0.3,0.05,"a",FALSE,0.5,0,183,"43, 72, 59, 20","IRT",443,985,67,5,0.952,0.936311787072243,0.988839285714286,0.994949494949495,0.936311787072243,0.964740450538688,"IRT",151,307,21,0,0.95615866388309,0.935975609756098,1,1,0.935975609756098,0.966929133858268,"IRT",292,678,46,5,0.950048971596474,0.93646408839779,0.983164983164983,0.992679355783309,0.93646408839779,0.963752665245203
2000,1000,80,0.3,0.05,"a",FALSE,0.5,0,183,"43, 72, 59, 20","rf_probs",0,382,670,448,0.254666666666667,0.363117870722433,0,0.460240963855422,0.363117870722433,0.405951115834219,"rf_probs",0,114,214,151,0.237995824634656,0.347560975609756,0,0.430188679245283,0.347560975609756,0.384485666104553,"rf_probs",0,268,456,297,0.262487757100882,0.370165745856354,0,0.474336283185841,0.370165745856354,0.415826221877424
2000,1000,80,0.3,0.05,"a",FALSE,0.5,0,183,"43, 72, 59, 20","rf_class",435,990,62,13,0.95,0.94106463878327,0.970982142857143,0.98703888334995,0.94106463878327,0.963503649635036,"rf_class",148,307,21,3,0.949895615866388,0.935975609756098,0.980132450331126,0.990322580645161,0.935975609756098,0.962382445141066,"rf_class",287,683,41,10,0.950048971596474,0.943370165745856,0.966329966329966,0.985569985569986,0.943370165745856,0.964008468595625
2000,1000,80,0.3,0.05,"a",FALSE,0.5,0,184,"64, 8, 32, 44","IRT",435,1013,31,21,0.965333333333333,0.970306513409962,0.953947368421053,0.979690522243714,0.970306513409962,0.97497593840231,"IRT",148,330,13,8,0.957915831663327,0.962099125364432,0.948717948717949,0.976331360946746,0.962099125364432,0.969162995594714,"IRT",287,683,18,13,0.969030969030969,0.97432239657632,0.956666666666667,0.98132183908046,0.97432239657632,0.97780959198282
2000,1000,80,0.3,0.05,"a",FALSE,0.5,0,184,"64, 8, 32, 44","rf_probs",0,338,706,456,0.225333333333333,0.323754789272031,0,0.425692695214106,0.323754789272031,0.367791077257889,"rf_probs",0,121,222,156,0.24248496993988,0.352769679300292,0,0.436823104693141,0.352769679300292,0.390322580645161,"rf_probs",0,217,484,300,0.216783216783217,0.309557774607703,0,0.41972920696325,0.309557774607703,0.35632183908046
2000,1000,80,0.3,0.05,"a",FALSE,0.5,0,184,"64, 8, 32, 44","rf_class",428,1009,35,28,0.958,0.966475095785441,0.93859649122807,0.972999035679846,0.966475095785441,0.969726093224411,"rf_class",146,327,16,10,0.947895791583166,0.9533527696793,0.935897435897436,0.970326409495549,0.9533527696793,0.961764705882353,"rf_class",282,682,19,18,0.963036963036963,0.972895863052782,0.94,0.974285714285714,0.972895863052782,0.973590292648108
2000,1000,80,0.3,0.05,"a",FALSE,0.5,0,185,"20, 35, 61, 62","IRT",457,971,63,9,0.952,0.939071566731141,0.98068669527897,0.990816326530612,0.939071566731141,0.964250248262165,"IRT",146,321,24,3,0.945344129554656,0.930434782608696,0.979865771812081,0.990740740740741,0.930434782608696,0.959641255605381,"IRT",311,650,39,6,0.955268389662028,0.943396226415094,0.981072555205047,0.990853658536585,0.943396226415094,0.966542750929368
2000,1000,80,0.3,0.05,"a",FALSE,0.5,0,185,"20, 35, 61, 62","rf_probs",0,316,718,466,0.210666666666667,0.305609284332689,0,0.404092071611253,0.305609284332689,0.348017621145374,"rf_probs",0,103,242,149,0.208502024291498,0.298550724637681,0,0.408730158730159,0.298550724637681,0.345058626465662,"rf_probs",0,213,476,317,0.211729622266402,0.309143686502177,0,0.40188679245283,0.309143686502177,0.349466776045939
2000,1000,80,0.3,0.05,"a",FALSE,0.5,0,185,"20, 35, 61, 62","rf_class",436,1003,31,30,0.959333333333333,0.970019342359768,0.935622317596567,0.970958373668925,0.970019342359768,0.970488630865989,"rf_class",138,333,12,11,0.953441295546559,0.965217391304348,0.926174496644295,0.968023255813954,0.965217391304348,0.966618287373004,"rf_class",298,670,19,19,0.962226640159046,0.972423802612482,0.94006309148265,0.972423802612482,0.972423802612482,0.972423802612482
2000,1000,80,0.3,0.05,"a",FALSE,0.5,0,186,"11, 73, 51, 21","IRT",436,1011,42,11,0.964666666666667,0.96011396011396,0.975391498881432,0.989236790606654,0.96011396011396,0.974457831325301,"IRT",157,335,11,6,0.966601178781925,0.968208092485549,0.96319018404908,0.982404692082111,0.968208092485549,0.975254730713246,"IRT",279,676,31,5,0.963673057517659,0.956152758132956,0.982394366197183,0.992657856093979,0.956152758132956,0.974063400576369
2000,1000,80,0.3,0.05,"a",FALSE,0.5,0,186,"11, 73, 51, 21","rf_probs",0,364,689,447,0.242666666666667,0.345679012345679,0,0.448828606658446,0.345679012345679,0.390557939914163,"rf_probs",0,106,240,163,0.208251473477407,0.30635838150289,0,0.394052044609665,0.30635838150289,0.344715447154471,"rf_probs",0,258,449,284,0.260343087790111,0.364922206506365,0,0.476014760147601,0.364922206506365,0.413130504403523
2000,1000,80,0.3,0.05,"a",FALSE,0.5,0,186,"11, 73, 51, 21","rf_class",433,1010,43,14,0.962,0.959164292497626,0.968680089485459,0.986328125,0.959164292497626,0.972556571978816,"rf_class",156,333,13,7,0.960707269155206,0.96242774566474,0.957055214723926,0.979411764705882,0.96242774566474,0.970845481049563,"rf_class",277,677,30,7,0.962663975782038,0.957567185289958,0.975352112676056,0.989766081871345,0.957567185289958,0.973400431344357
2000,1000,80,0.3,0.05,"a",FALSE,0.5,0,187,"59, 32, 29, 70","IRT",440,1020,34,6,0.973333333333333,0.967741935483871,0.986547085201794,0.994152046783626,0.967741935483871,0.980769230769231,"IRT",141,337,14,2,0.967611336032389,0.96011396011396,0.986013986013986,0.994100294985251,0.96011396011396,0.976811594202899,"IRT",299,683,20,4,0.976143141153082,0.971550497866287,0.986798679867987,0.994177583697234,0.971550497866287,0.98273381294964
2000,1000,80,0.3,0.05,"a",FALSE,0.5,0,187,"59, 32, 29, 70","rf_probs",0,348,706,446,0.232,0.330170777988615,0,0.438287153652393,0.330170777988615,0.376623376623377,"rf_probs",0,107,244,143,0.216599190283401,0.304843304843305,0,0.428,0.304843304843305,0.356073211314476,"rf_probs",0,241,462,303,0.239562624254473,0.342816500711238,0,0.443014705882353,0.342816500711238,0.386527666399358
2000,1000,80,0.3,0.05,"a",FALSE,0.5,0,187,"59, 32, 29, 70","rf_class",432,1017,37,14,0.966,0.964895635673624,0.968609865470852,0.986420950533463,0.964895635673624,0.975539568345324,"rf_class",138,337,14,5,0.961538461538462,0.96011396011396,0.965034965034965,0.985380116959064,0.96011396011396,0.972582972582973,"rf_class",294,680,23,9,0.968190854870775,0.96728307254623,0.97029702970297,0.986937590711176,0.96728307254623,0.977011494252873
2000,1000,80,0.3,0.05,"a",FALSE,0.5,0,188,"16, 52, 37, 56","IRT",435,1007,45,13,0.961333333333333,0.957224334600761,0.970982142857143,0.987254901960784,0.957224334600761,0.972007722007722,"IRT",138,334,16,4,0.959349593495935,0.954285714285714,0.971830985915493,0.988165680473373,0.954285714285714,0.97093023255814,"IRT",297,673,29,9,0.962301587301587,0.958689458689459,0.970588235294118,0.986803519061584,0.958689458689459,0.972543352601156
2000,1000,80,0.3,0.05,"a",FALSE,0.5,0,188,"16, 52, 37, 56","rf_probs",0,357,695,448,0.238,0.3393536121673,0,0.443478260869565,0.3393536121673,0.384491114701131,"rf_probs",0,110,240,142,0.223577235772358,0.314285714285714,0,0.436507936507937,0.314285714285714,0.365448504983389,"rf_probs",0,247,455,306,0.245039682539683,0.351851851851852,0,0.446654611211573,0.351851851851852,0.393625498007968
2000,1000,80,0.3,0.05,"a",FALSE,0.5,0,188,"16, 52, 37, 56","rf_class",423,1012,40,25,0.956666666666667,0.961977186311787,0.944196428571429,0.975891996142719,0.961977186311787,0.968884633796075,"rf_class",133,334,16,9,0.949186991869919,0.954285714285714,0.936619718309859,0.973760932944606,0.954285714285714,0.963924963924964,"rf_class",290,678,24,16,0.96031746031746,0.965811965811966,0.947712418300654,0.976945244956772,0.965811965811966,0.97134670487106
2000,1000,80,0.3,0.05,"a",FALSE,0.5,0,189,"9, 61, 76, 44","IRT",439,987,59,15,0.950666666666667,0.94359464627151,0.966960352422907,0.985029940119761,0.94359464627151,0.9638671875,"IRT",155,328,19,3,0.956435643564356,0.945244956772334,0.981012658227848,0.990936555891239,0.945244956772334,0.967551622418879,"IRT",284,659,40,12,0.947738693467337,0.94277539341917,0.959459459459459,0.982116244411326,0.94277539341917,0.962043795620438
2000,1000,80,0.3,0.05,"a",FALSE,0.5,0,189,"9, 61, 76, 44","rf_probs",0,320,726,454,0.213333333333333,0.305927342256214,0,0.41343669250646,0.305927342256214,0.351648351648352,"rf_probs",0,111,236,158,0.21980198019802,0.319884726224784,0,0.412639405204461,0.319884726224784,0.36038961038961,"rf_probs",0,209,490,296,0.210050251256281,0.298998569384835,0,0.413861386138614,0.298998569384835,0.347176079734219
2000,1000,80,0.3,0.05,"a",FALSE,0.5,0,189,"9, 61, 76, 44","rf_class",420,1010,36,34,0.953333333333333,0.965583173996176,0.92511013215859,0.967432950191571,0.965583173996176,0.966507177033493,"rf_class",152,334,13,6,0.962376237623762,0.962536023054755,0.962025316455696,0.982352941176471,0.962536023054755,0.972343522561863,"rf_class",268,676,23,28,0.948743718592965,0.967095851216023,0.905405405405405,0.960227272727273,0.967095851216023,0.963649322879544
2000,1000,80,0.3,0.05,"a",FALSE,0.5,0,190,"33, 62, 68, 40","IRT",434,1003,55,8,0.958,0.948015122873346,0.981900452488688,0.992087042532146,0.948015122873346,0.969550507491542,"IRT",140,337,17,3,0.959758551307847,0.951977401129944,0.979020979020979,0.991176470588235,0.951977401129944,0.971181556195965,"IRT",294,666,38,5,0.957128614157527,0.946022727272727,0.983277591973244,0.992548435171386,0.946022727272727,0.968727272727273
2000,1000,80,0.3,0.05,"a",FALSE,0.5,0,190,"33, 62, 68, 40","rf_probs",0,357,701,442,0.238,0.337429111531191,0,0.446808510638298,0.337429111531191,0.384491114701131,"rf_probs",0,107,247,143,0.215291750503018,0.30225988700565,0,0.428,0.30225988700565,0.354304635761589,"rf_probs",0,250,454,299,0.249252243270189,0.355113636363636,0,0.455373406193078,0.355113636363636,0.399042298483639
2000,1000,80,0.3,0.05,"a",FALSE,0.5,0,190,"33, 62, 68, 40","rf_class",416,1020,38,26,0.957333333333333,0.964083175803403,0.941176470588235,0.975143403441683,0.964083175803403,0.96958174904943,"rf_class",134,339,15,9,0.951710261569417,0.957627118644068,0.937062937062937,0.974137931034483,0.957627118644068,0.965811965811966,"rf_class",282,681,23,17,0.96011964107677,0.967329545454545,0.94314381270903,0.975644699140401,0.967329545454545,0.971469329529244
2000,1000,80,0.3,0.05,"a",FALSE,0.5,0,191,"38, 59, 51, 58","IRT",416,1018,44,22,0.956,0.958568738229755,0.949771689497717,0.978846153846154,0.958568738229755,0.9686013320647,"IRT",140,342,14,7,0.958250497017893,0.960674157303371,0.952380952380952,0.979942693409742,0.960674157303371,0.970212765957447,"IRT",276,676,30,15,0.954864593781344,0.957507082152975,0.948453608247423,0.978292329956585,0.957507082152975,0.967788117394417
2000,1000,80,0.3,0.05,"a",FALSE,0.5,0,191,"38, 59, 51, 58","rf_probs",0,373,689,438,0.248666666666667,0.351224105461394,0,0.459926017262639,0.351224105461394,0.398291510945008,"rf_probs",0,115,241,147,0.228628230616302,0.323033707865169,0,0.438931297709924,0.323033707865169,0.372168284789644,"rf_probs",0,258,448,291,0.258776328986961,0.365439093484419,0,0.469945355191257,0.365439093484419,0.411155378486056
2000,1000,80,0.3,0.05,"a",FALSE,0.5,0,191,"38, 59, 51, 58","rf_class",414,1014,48,24,0.952,0.954802259887006,0.945205479452055,0.976878612716763,0.954802259887006,0.965714285714286,"rf_class",138,340,16,9,0.950298210735587,0.955056179775281,0.938775510204082,0.974212034383954,0.955056179775281,0.964539007092199,"rf_class",276,674,32,15,0.952858575727182,0.954674220963173,0.948453608247423,0.978229317851959,0.954674220963173,0.966308243727599
2000,1000,80,0.3,0.05,"a",FALSE,0.5,0,192,"46, 43, 73, 39","IRT",445,989,55,11,0.956,0.947318007662835,0.975877192982456,0.989,0.947318007662835,0.967710371819961,"IRT",145,334,14,7,0.958,0.959770114942529,0.953947368421053,0.979472140762463,0.959770114942529,0.969521044992743,"IRT",300,655,41,4,0.955,0.941091954022989,0.986842105263158,0.993930197268589,0.941091954022989,0.966789667896679
2000,1000,80,0.3,0.05,"a",FALSE,0.5,0,192,"46, 43, 73, 39","rf_probs",0,355,689,456,0.236666666666667,0.340038314176245,0,0.437731196054254,0.340038314176245,0.382749326145553,"rf_probs",0,111,237,152,0.222,0.318965517241379,0,0.422053231939163,0.318965517241379,0.363338788870704,"rf_probs",0,244,452,304,0.244,0.350574712643678,0,0.445255474452555,0.350574712643678,0.392282958199357
2000,1000,80,0.3,0.05,"a",FALSE,0.5,0,192,"46, 43, 73, 39","rf_class",420,1017,27,36,0.958,0.974137931034483,0.921052631578947,0.965811965811966,0.974137931034483,0.969957081545064,"rf_class",135,340,8,17,0.95,0.977011494252874,0.888157894736842,0.952380952380952,0.977011494252874,0.964539007092199,"rf_class",285,677,19,19,0.962,0.972701149425287,0.9375,0.972701149425287,0.972701149425287,0.972701149425288
2000,1000,80,0.3,0.05,"a",FALSE,0.5,0,193,"36, 11, 76, 34","IRT",447,989,50,14,0.957333333333333,0.951876804619827,0.969631236442516,0.986041874376869,0.951876804619827,0.968658178256611,"IRT",136,334,13,5,0.963114754098361,0.962536023054755,0.964539007092199,0.985250737463127,0.962536023054755,0.973760932944607,"IRT",311,655,37,9,0.954545454545455,0.946531791907514,0.971875,0.98644578313253,0.946531791907514,0.966076696165192
2000,1000,80,0.3,0.05,"a",FALSE,0.5,0,193,"36, 11, 76, 34","rf_probs",0,334,705,461,0.222666666666667,0.321462945139557,0,0.420125786163522,0.321462945139557,0.36423118865867,"rf_probs",0,110,237,141,0.225409836065574,0.31700288184438,0,0.438247011952191,0.31700288184438,0.367892976588629,"rf_probs",0,224,468,320,0.221343873517787,0.323699421965318,0,0.411764705882353,0.323699421965318,0.362459546925566
2000,1000,80,0.3,0.05,"a",FALSE,0.5,0,193,"36, 11, 76, 34","rf_class",429,1008,31,32,0.958,0.970163618864293,0.93058568329718,0.969230769230769,0.970163618864293,0.96969696969697,"rf_class",129,340,7,12,0.961065573770492,0.979827089337176,0.914893617021277,0.965909090909091,0.979827089337176,0.972818311874106,"rf_class",300,668,24,20,0.956521739130435,0.965317919075145,0.9375,0.970930232558139,0.965317919075145,0.968115942028985
2000,1000,80,0.3,0.05,"a",FALSE,0.5,0,194,"16, 56, 32, 59","IRT",426,1014,43,17,0.96,0.959318826868496,0.961625282167043,0.983511154219205,0.959318826868496,0.971264367816092,"IRT",149,339,13,9,0.956862745098039,0.963068181818182,0.943037974683544,0.974137931034483,0.963068181818182,0.968571428571429,"IRT",277,675,30,8,0.961616161616162,0.957446808510638,0.971929824561404,0.988286969253294,0.957446808510638,0.972622478386167
2000,1000,80,0.3,0.05,"a",FALSE,0.5,0,194,"16, 56, 32, 59","rf_probs",0,389,668,443,0.259333333333333,0.36802270577105,0,0.467548076923077,0.36802270577105,0.411858125992589,"rf_probs",0,133,219,158,0.26078431372549,0.377840909090909,0,0.457044673539519,0.377840909090909,0.413685847589425,"rf_probs",0,256,449,285,0.258585858585859,0.363120567375887,0,0.473197781885397,0.363120567375887,0.41091492776886
2000,1000,80,0.3,0.05,"a",FALSE,0.5,0,194,"16, 56, 32, 59","rf_class",409,1016,41,34,0.95,0.961210974456008,0.923250564334086,0.967619047619048,0.961210974456008,0.964404366397722,"rf_class",149,338,14,9,0.954901960784314,0.960227272727273,0.943037974683544,0.974063400576369,0.960227272727273,0.967095851216023,"rf_class",260,678,27,25,0.947474747474747,0.961702127659574,0.912280701754386,0.964438122332859,0.961702127659574,0.963068181818182
2000,1000,80,0.3,0.05,"a",FALSE,0.5,0,195,"73, 15, 63, 48","IRT",424,1018,46,12,0.961333333333333,0.956766917293233,0.972477064220184,0.988349514563107,0.956766917293233,0.972301814708691,"IRT",131,347,11,4,0.969574036511156,0.96927374301676,0.97037037037037,0.988603988603989,0.96927374301676,0.978843441466855,"IRT",293,671,35,8,0.957298907646475,0.95042492917847,0.973421926910299,0.988217967599411,0.95042492917847,0.968953068592058
2000,1000,80,0.3,0.05,"a",FALSE,0.5,0,195,"73, 15, 63, 48","rf_probs",0,350,714,436,0.233333333333333,0.328947368421053,0,0.44529262086514,0.328947368421053,0.378378378378378,"rf_probs",0,105,253,135,0.212981744421907,0.293296089385475,0,0.4375,0.293296089385475,0.351170568561873,"rf_probs",0,245,461,301,0.243296921549156,0.347025495750708,0,0.448717948717949,0.347025495750708,0.391373801916933
2000,1000,80,0.3,0.05,"a",FALSE,0.5,0,195,"73, 15, 63, 48","rf_class",413,1031,33,23,0.962666666666667,0.968984962406015,0.947247706422018,0.978178368121442,0.968984962406015,0.973559962228517,"rf_class",128,348,10,7,0.96551724137931,0.972067039106145,0.948148148148148,0.980281690140845,0.972067039106145,0.976157082748948,"rf_class",285,683,23,16,0.961271102284012,0.96742209631728,0.946843853820598,0.977110157367668,0.96742209631728,0.972241992882562
2000,1000,80,0.3,0.05,"a",FALSE,0.5,0,196,"33, 1, 25, 31","IRT",437,1009,41,13,0.964,0.960952380952381,0.971111111111111,0.987279843444227,0.960952380952381,0.973938223938224,"IRT",148,333,16,4,0.960079840319361,0.954154727793696,0.973684210526316,0.98813056379822,0.954154727793696,0.970845481049563,"IRT",289,676,25,9,0.965965965965966,0.964336661911555,0.969798657718121,0.986861313868613,0.964336661911555,0.975468975468975
2000,1000,80,0.3,0.05,"a",FALSE,0.5,0,196,"33, 1, 25, 31","rf_probs",0,309,741,450,0.206,0.294285714285714,0,0.407114624505929,0.294285714285714,0.341625207296849,"rf_probs",0,95,254,152,0.189620758483034,0.272206303724928,0,0.384615384615385,0.272206303724928,0.318791946308725,"rf_probs",0,214,487,298,0.214214214214214,0.30527817403709,0,0.41796875,0.30527817403709,0.352844187963726
2000,1000,80,0.3,0.05,"a",FALSE,0.5,0,196,"33, 1, 25, 31","rf_class",424,1013,37,26,0.958,0.964761904761905,0.942222222222222,0.97497593840231,0.964761904761905,0.969842029679272,"rf_class",143,337,12,9,0.958083832335329,0.965616045845272,0.940789473684211,0.973988439306358,0.965616045845272,0.969784172661871,"rf_class",281,676,25,17,0.957957957957958,0.964336661911555,0.942953020134228,0.975468975468975,0.964336661911555,0.96987087517934
2000,1000,80,0.3,0.05,"a",FALSE,0.5,0,197,"43, 61, 54, 69","IRT",415,1038,27,20,0.968666666666667,0.974647887323944,0.954022988505747,0.98109640831758,0.974647887323944,0.97786151672162,"IRT",161,337,6,10,0.968871595330739,0.982507288629738,0.941520467836257,0.971181556195965,0.982507288629738,0.976811594202899,"IRT",254,701,21,10,0.968559837728195,0.970914127423823,0.962121212121212,0.985935302390999,0.970914127423823,0.978367062107467
2000,1000,80,0.3,0.05,"a",FALSE,0.5,0,197,"43, 61, 54, 69","rf_probs",0,361,704,435,0.240666666666667,0.338967136150235,0,0.453517587939698,0.338967136150235,0.387963460505105,"rf_probs",0,106,237,171,0.206225680933852,0.309037900874636,0,0.382671480144404,0.309037900874636,0.341935483870968,"rf_probs",0,255,467,264,0.258620689655172,0.353185595567867,0,0.491329479768786,0.353185595567867,0.410958904109589
2000,1000,80,0.3,0.05,"a",FALSE,0.5,0,197,"43, 61, 54, 69","rf_class",405,1033,32,30,0.958666666666667,0.969953051643192,0.931034482758621,0.971777986829727,0.969953051643192,0.970864661654135,"rf_class",157,336,7,14,0.959143968871595,0.979591836734694,0.91812865497076,0.96,0.979591836734694,0.96969696969697,"rf_class",248,697,25,16,0.95841784989858,0.965373961218837,0.939393939393939,0.977559607293128,0.965373961218837,0.971428571428571
2000,1000,80,0.3,0.05,"a",FALSE,0.5,0,198,"17, 70, 19, 62","IRT",419,1050,15,16,0.979333333333333,0.985915492957746,0.963218390804598,0.984990619136961,0.985915492957746,0.985452839042703,"IRT",132,368,4,7,0.978473581213307,0.989247311827957,0.949640287769784,0.981333333333333,0.989247311827957,0.985274431057564,"IRT",287,682,11,9,0.979777553083923,0.984126984126984,0.969594594594595,0.986975397973951,0.984126984126984,0.985549132947977
2000,1000,80,0.3,0.05,"a",FALSE,0.5,0,198,"17, 70, 19, 62","rf_probs",0,374,691,435,0.249333333333333,0.351173708920188,0,0.46229913473424,0.351173708920188,0.3991462113127,"rf_probs",0,120,252,139,0.234833659491194,0.32258064516129,0,0.463320463320463,0.32258064516129,0.380348652931854,"rf_probs",0,254,439,296,0.256825075834176,0.366522366522367,0,0.461818181818182,0.366522366522367,0.408688656476267
2000,1000,80,0.3,0.05,"a",FALSE,0.5,0,198,"17, 70, 19, 62","rf_class",418,1038,27,17,0.970666666666667,0.974647887323944,0.960919540229885,0.983886255924171,0.974647887323944,0.979245283018868,"rf_class",132,362,10,7,0.966731898238748,0.973118279569892,0.949640287769784,0.981029810298103,0.973118279569892,0.977058029689609,"rf_class",286,676,17,10,0.972699696663296,0.975468975468975,0.966216216216216,0.985422740524781,0.975468975468975,0.980420594633793
2000,1000,80,0.3,0.05,"a",FALSE,0.5,0,199,"14, 78, 76, 64","IRT",443,995,46,16,0.958666666666667,0.95581171950048,0.965141612200436,0.984174085064293,0.95581171950048,0.969785575048733,"IRT",143,344,18,5,0.954901960784314,0.950276243093923,0.966216216216216,0.98567335243553,0.950276243093923,0.967651195499297,"IRT",300,651,28,11,0.960606060606061,0.958762886597938,0.964630225080386,0.983383685800604,0.958762886597938,0.970917225950783
2000,1000,80,0.3,0.05,"a",FALSE,0.5,0,199,"14, 78, 76, 64","rf_probs",0,348,693,459,0.232,0.334293948126801,0,0.431226765799257,0.334293948126801,0.376623376623377,"rf_probs",0,119,243,148,0.233333333333333,0.328729281767956,0,0.445692883895131,0.328729281767956,0.378378378378378,"rf_probs",0,229,450,311,0.231313131313131,0.337260677466863,0,0.424074074074074,0.337260677466863,0.37571780147662
2000,1000,80,0.3,0.05,"a",FALSE,0.5,0,199,"14, 78, 76, 64","rf_class",435,1009,32,24,0.962666666666667,0.96926032660903,0.947712418300654,0.97676669893514,0.96926032660903,0.972999035679846,"rf_class",144,349,13,4,0.966666666666667,0.964088397790055,0.972972972972973,0.988668555240793,0.964088397790055,0.976223776223776,"rf_class",291,660,19,20,0.960606060606061,0.972017673048601,0.935691318327974,0.970588235294118,0.972017673048601,0.971302428256071
2000,1000,80,0.3,0.05,"a",FALSE,0.5,0,200,"76, 30, 51, 62","IRT",422,1038,24,16,0.973333333333333,0.977401129943503,0.963470319634703,0.984819734345351,0.977401129943503,0.98109640831758,"IRT",143,345,7,3,0.979919678714859,0.980113636363636,0.979452054794521,0.991379310344828,0.980113636363636,0.985714285714286,"IRT",279,693,17,13,0.970059880239521,0.976056338028169,0.955479452054795,0.981586402266289,0.976056338028169,0.978813559322034
2000,1000,80,0.3,0.05,"a",FALSE,0.5,0,200,"76, 30, 51, 62","rf_probs",0,336,726,438,0.224,0.31638418079096,0,0.434108527131783,0.31638418079096,0.366013071895425,"rf_probs",0,107,245,146,0.214859437751004,0.303977272727273,0,0.422924901185771,0.303977272727273,0.353719008264463,"rf_probs",0,229,481,292,0.228542914171657,0.322535211267606,0,0.439539347408829,0.322535211267606,0.372055239642567
2000,1000,80,0.3,0.05,"a",FALSE,0.5,0,200,"76, 30, 51, 62","rf_class",418,1028,34,20,0.964,0.967984934086629,0.954337899543379,0.980916030534351,0.967984934086629,0.974407582938389,"rf_class",142,341,11,4,0.969879518072289,0.96875,0.972602739726027,0.988405797101449,0.96875,0.978479196556671,"rf_class",276,687,23,16,0.961077844311377,0.967605633802817,0.945205479452055,0.97724039829303,0.967605633802817,0.9723991507431
2000,1000,80,0.3,0.05,"a",FALSE,0.5,0,201,"78, 51, 71, 19","IRT",435,1009,43,13,0.962666666666667,0.959125475285171,0.970982142857143,0.987279843444227,0.959125475285171,0.972999035679846,"IRT",124,344,16,3,0.960985626283368,0.955555555555556,0.976377952755906,0.99135446685879,0.955555555555556,0.973125884016973,"IRT",311,665,27,10,0.963474827245805,0.960982658959538,0.968847352024922,0.985185185185185,0.960982658959538,0.972933430870519
2000,1000,80,0.3,0.05,"a",FALSE,0.5,0,201,"78, 51, 71, 19","rf_probs",0,348,704,448,0.232,0.330798479087452,0,0.437185929648241,0.330798479087452,0.376623376623377,"rf_probs",0,126,234,127,0.258726899383984,0.35,0,0.49802371541502,0.35,0.411092985318108,"rf_probs",0,222,470,321,0.219151036525173,0.320809248554913,0,0.408839779005525,0.320809248554913,0.359514170040486
2000,1000,80,0.3,0.05,"a",FALSE,0.5,0,201,"78, 51, 71, 19","rf_class",424,1007,45,24,0.954,0.957224334600761,0.946428571428571,0.976721629485936,0.957224334600761,0.966874699951992,"rf_class",121,345,15,6,0.956878850102669,0.958333333333333,0.952755905511811,0.982905982905983,0.958333333333333,0.970464135021097,"rf_class",303,662,30,18,0.952615992102665,0.956647398843931,0.94392523364486,0.973529411764706,0.956647398843931,0.965014577259475
2000,1000,80,0.3,0.05,"a",FALSE,0.5,0,202,"12, 73, 20, 69","IRT",420,1029,44,7,0.966,0.958993476234856,0.983606557377049,0.993243243243243,0.958993476234856,0.975817923186344,"IRT",139,347,11,2,0.973947895791583,0.96927374301676,0.985815602836879,0.994269340974212,0.96927374301676,0.981612446958982,"IRT",281,682,33,5,0.962037962037962,0.953846153846154,0.982517482517482,0.992721979621543,0.953846153846154,0.972895863052782
2000,1000,80,0.3,0.05,"a",FALSE,0.5,0,202,"12, 73, 20, 69","rf_probs",0,361,712,427,0.240666666666667,0.336439888164026,0,0.458121827411168,0.336439888164026,0.387963460505105,"rf_probs",0,113,245,141,0.226452905811623,0.315642458100559,0,0.44488188976378,0.315642458100559,0.369281045751634,"rf_probs",0,248,467,286,0.247752247752248,0.346853146853147,0,0.464419475655431,0.346853146853147,0.397117694155324
2000,1000,80,0.3,0.05,"a",FALSE,0.5,0,202,"12, 73, 20, 69","rf_class",409,1041,32,18,0.966666666666667,0.970177073625349,0.957845433255269,0.98300283286119,0.970177073625349,0.976547842401501,"rf_class",135,352,6,6,0.975951903807615,0.983240223463687,0.957446808510638,0.983240223463687,0.983240223463687,0.983240223463687,"rf_class",274,689,26,12,0.962037962037962,0.963636363636364,0.958041958041958,0.982881597717546,0.963636363636364,0.97316384180791
2000,1000,80,0.3,0.05,"a",FALSE,0.5,0,203,"41, 80, 59, 7","IRT",440,1008,41,11,0.965333333333333,0.96091515729266,0.975609756097561,0.989205103042198,0.96091515729266,0.974854932301741,"IRT",163,325,15,6,0.958742632612967,0.955882352941177,0.964497041420118,0.981873111782477,0.955882352941177,0.968703427719821,"IRT",277,683,26,5,0.968718466195762,0.963328631875881,0.982269503546099,0.992732558139535,0.963328631875881,0.97780959198282
2000,1000,80,0.3,0.05,"a",FALSE,0.5,0,203,"41, 80, 59, 7","rf_probs",0,345,704,451,0.23,0.328884652049571,0,0.433417085427136,0.328884652049571,0.373983739837398,"rf_probs",0,120,220,169,0.235756385068762,0.352941176470588,0,0.41522491349481,0.352941176470588,0.381558028616852,"rf_probs",0,225,484,282,0.227043390514632,0.317348377997179,0,0.443786982248521,0.317348377997179,0.370065789473684
2000,1000,80,0.3,0.05,"a",FALSE,0.5,0,203,"41, 80, 59, 7","rf_class",431,1009,40,20,0.96,0.96186844613918,0.955654101995565,0.980563654033042,0.96186844613918,0.971126082771896,"rf_class",161,322,18,8,0.948919449901768,0.947058823529412,0.952662721893491,0.975757575757576,0.947058823529412,0.961194029850746,"rf_class",270,687,22,12,0.9656912209889,0.968970380818054,0.957446808510638,0.982832618025751,0.968970380818054,0.975852272727273
2000,1000,80,0.3,0.05,"a",FALSE,0.5,0,204,"7, 35, 39, 29","IRT",416,1033,37,14,0.966,0.965420560747664,0.967441860465116,0.986628462273161,0.965420560747664,0.975909305621162,"IRT",128,344,11,3,0.97119341563786,0.969014084507042,0.977099236641221,0.99135446685879,0.969014084507042,0.98005698005698,"IRT",288,689,26,11,0.963510848126233,0.963636363636364,0.963210702341137,0.984285714285714,0.963636363636364,0.973851590106007
2000,1000,80,0.3,0.05,"a",FALSE,0.5,0,204,"7, 35, 39, 29","rf_probs",0,347,723,430,0.231333333333333,0.324299065420561,0,0.446589446589447,0.324299065420561,0.375744450460206,"rf_probs",0,114,241,131,0.234567901234568,0.32112676056338,0,0.46530612244898,0.32112676056338,0.38,"rf_probs",0,233,482,299,0.229783037475345,0.325874125874126,0,0.43796992481203,0.325874125874126,0.373696872493986
2000,1000,80,0.3,0.05,"a",FALSE,0.5,0,204,"7, 35, 39, 29","rf_class",408,1031,39,22,0.959333333333333,0.963551401869159,0.948837209302326,0.979107312440646,0.963551401869159,0.971267074894018,"rf_class",125,345,10,6,0.967078189300412,0.971830985915493,0.954198473282443,0.982905982905983,0.971830985915493,0.977337110481586,"rf_class",283,686,29,16,0.955621301775148,0.959440559440559,0.946488294314381,0.977207977207977,0.959440559440559,0.968242766407904
2000,1000,80,0.3,0.05,"a",FALSE,0.5,0,205,"35, 75, 28, 51","IRT",448,996,43,13,0.962666666666667,0.958614051973051,0.971800433839479,0.987115956392468,0.958614051973051,0.97265625,"IRT",138,328,14,4,0.962809917355372,0.95906432748538,0.971830985915493,0.987951807228916,0.95906432748538,0.973293768545994,"IRT",310,668,29,9,0.96259842519685,0.958393113342898,0.971786833855799,0.986706056129985,0.958393113342898,0.972343522561863
2000,1000,80,0.3,0.05,"a",FALSE,0.5,0,205,"35, 75, 28, 51","rf_probs",0,355,684,461,0.236666666666667,0.34167468719923,0,0.435049019607843,0.34167468719923,0.382749326145553,"rf_probs",0,116,226,142,0.239669421487603,0.339181286549708,0,0.449612403100775,0.339181286549708,0.386666666666667,"rf_probs",0,239,458,319,0.235236220472441,0.342898134863702,0,0.42831541218638,0.342898134863702,0.380876494023904
2000,1000,80,0.3,0.05,"a",FALSE,0.5,0,205,"35, 75, 28, 51","rf_class",438,1007,32,23,0.963333333333333,0.969201154956689,0.950108459869848,0.977669902912621,0.969201154956689,0.973417109714838,"rf_class",134,331,11,8,0.960743801652893,0.967836257309941,0.943661971830986,0.976401179941003,0.967836257309941,0.972099853157122,"rf_class",304,676,21,15,0.964566929133858,0.96987087517934,0.952978056426332,0.978292329956585,0.96987087517934,0.974063400576369
2000,1000,80,0.3,0.05,"a",FALSE,0.5,0,206,"51, 7, 29, 79","IRT",424,1030,20,26,0.969333333333333,0.980952380952381,0.942222222222222,0.975378787878788,0.980952380952381,0.978157644824312,"IRT",142,326,8,8,0.966942148760331,0.976047904191617,0.946666666666667,0.976047904191617,0.976047904191617,0.976047904191617,"IRT",282,704,12,18,0.970472440944882,0.983240223463687,0.94,0.975069252077562,0.983240223463687,0.97913769123783
2000,1000,80,0.3,0.05,"a",FALSE,0.5,0,206,"51, 7, 29, 79","rf_probs",0,364,686,450,0.242666666666667,0.346666666666667,0,0.447174447174447,0.346666666666667,0.390557939914163,"rf_probs",0,100,234,150,0.206611570247934,0.29940119760479,0,0.4,0.29940119760479,0.342465753424658,"rf_probs",0,264,452,300,0.259842519685039,0.368715083798883,0,0.468085106382979,0.368715083798883,0.4125
2000,1000,80,0.3,0.05,"a",FALSE,0.5,0,206,"51, 7, 29, 79","rf_class",426,1019,31,24,0.963333333333333,0.97047619047619,0.946666666666667,0.976989453499521,0.97047619047619,0.973721930243669,"rf_class",141,325,9,9,0.962809917355372,0.973053892215569,0.94,0.973053892215569,0.973053892215569,0.973053892215569,"rf_class",285,694,22,15,0.963582677165354,0.96927374301676,0.95,0.978843441466855,0.96927374301676,0.974035087719298
2000,1000,80,0.3,0.05,"a",FALSE,0.5,0,207,"11, 35, 26, 53","IRT",440,1001,50,9,0.960666666666667,0.952426260704091,0.979955456570156,0.991089108910891,0.952426260704091,0.971373119844736,"IRT",138,338,15,2,0.96551724137931,0.957507082152975,0.985714285714286,0.994117647058824,0.957507082152975,0.975468975468975,"IRT",302,663,35,7,0.958291956305859,0.949856733524355,0.977346278317152,0.98955223880597,0.949856733524355,0.969298245614035
2000,1000,80,0.3,0.05,"a",FALSE,0.5,0,207,"11, 35, 26, 53","rf_probs",0,374,677,449,0.249333333333333,0.355851569933397,0,0.454434993924666,0.355851569933397,0.3991462113127,"rf_probs",0,126,227,140,0.255578093306288,0.356940509915014,0,0.473684210526316,0.356940509915014,0.407108239095315,"rf_probs",0,248,450,309,0.246276067527309,0.355300859598854,0,0.44524236983842,0.355300859598854,0.395219123505976
2000,1000,80,0.3,0.05,"a",FALSE,0.5,0,207,"11, 35, 26, 53","rf_class",425,1018,33,24,0.962,0.9686013320647,0.946547884187082,0.976967370441459,0.9686013320647,0.972766364070712,"rf_class",133,345,8,7,0.969574036511156,0.977337110481586,0.95,0.980113636363636,0.977337110481586,0.978723404255319,"rf_class",292,673,25,17,0.958291956305859,0.964183381088825,0.944983818770227,0.97536231884058,0.964183381088825,0.969740634005764
2000,1000,80,0.3,0.05,"a",FALSE,0.5,0,208,"13, 76, 51, 7","IRT",431,1008,46,15,0.959333333333333,0.956356736242884,0.966367713004484,0.98533724340176,0.956356736242884,0.970630717380838,"IRT",135,330,10,8,0.962732919254658,0.970588235294118,0.944055944055944,0.976331360946746,0.970588235294118,0.973451327433628,"IRT",296,678,36,7,0.95771878072763,0.949579831932773,0.976897689768977,0.98978102189781,0.949579831932773,0.969263759828449
2000,1000,80,0.3,0.05,"a",FALSE,0.5,0,208,"13, 76, 51, 7","rf_probs",0,352,702,446,0.234666666666667,0.333965844402277,0,0.441102756892231,0.333965844402277,0.380129589632829,"rf_probs",0,112,228,143,0.231884057971014,0.329411764705882,0,0.43921568627451,0.329411764705882,0.376470588235294,"rf_probs",0,240,474,303,0.23598820058997,0.336134453781513,0,0.441988950276243,0.336134453781513,0.381861575178998
2000,1000,80,0.3,0.05,"a",FALSE,0.5,0,208,"13, 76, 51, 7","rf_class",427,1009,45,19,0.957333333333333,0.9573055028463,0.957399103139013,0.981517509727626,0.9573055028463,0.96926032660903,"rf_class",132,328,12,11,0.952380952380952,0.964705882352941,0.923076923076923,0.967551622418879,0.964705882352941,0.966126656848306,"rf_class",295,681,33,8,0.95968534906588,0.953781512605042,0.973597359735974,0.988388969521045,0.953781512605042,0.970776906628653
2000,1000,80,0.3,0.05,"a",FALSE,0.5,0,209,"6, 50, 26, 29","IRT",420,1028,35,17,0.965333333333333,0.967074317968015,0.961098398169336,0.983732057416268,0.967074317968015,0.975332068311195,"IRT",143,340,11,4,0.969879518072289,0.968660968660969,0.972789115646258,0.988372093023256,0.968660968660969,0.97841726618705,"IRT",277,688,24,13,0.963073852295409,0.966292134831461,0.955172413793103,0.981455064194009,0.966292134831461,0.97381457891012
2000,1000,80,0.3,0.05,"a",FALSE,0.5,0,209,"6, 50, 26, 29","rf_probs",0,361,702,437,0.240666666666667,0.339604891815616,0,0.452380952380952,0.339604891815616,0.387963460505105,"rf_probs",0,115,236,147,0.230923694779116,0.327635327635328,0,0.438931297709924,0.327635327635328,0.375203915171289,"rf_probs",0,246,466,290,0.245508982035928,0.345505617977528,0,0.458955223880597,0.345505617977528,0.394230769230769
2000,1000,80,0.3,0.05,"a",FALSE,0.5,0,209,"6, 50, 26, 29","rf_class",427,1023,40,10,0.966666666666667,0.962370649106303,0.977116704805492,0.990319457889642,0.962370649106303,0.976145038167939,"rf_class",146,338,13,1,0.971887550200803,0.962962962962963,0.993197278911565,0.997050147492625,0.962962962962963,0.979710144927536,"rf_class",281,685,27,9,0.964071856287425,0.962078651685393,0.968965517241379,0.987031700288184,0.962078651685393,0.974395448079659
2000,1000,80,0.3,0.05,"a",FALSE,0.5,0,210,"56, 42, 47, 6","IRT",428,1012,45,15,0.96,0.957426679280984,0.966139954853273,0.98539435248296,0.957426679280984,0.971209213051823,"IRT",149,358,13,2,0.971264367816092,0.964959568733154,0.986754966887417,0.994444444444444,0.964959568733154,0.979480164158687,"IRT",279,654,32,13,0.95398773006135,0.9533527696793,0.955479452054795,0.980509745127436,0.9533527696793,0.966740576496674
2000,1000,80,0.3,0.05,"a",FALSE,0.5,0,210,"56, 42, 47, 6","rf_probs",0,385,672,443,0.256666666666667,0.364238410596026,0,0.464975845410628,0.364238410596026,0.408488063660477,"rf_probs",0,123,248,151,0.235632183908046,0.331536388140162,0,0.448905109489051,0.331536388140162,0.381395348837209,"rf_probs",0,262,424,292,0.267893660531697,0.381924198250729,0,0.472924187725632,0.381924198250729,0.42258064516129
2000,1000,80,0.3,0.05,"a",FALSE,0.5,0,210,"56, 42, 47, 6","rf_class",425,1019,38,18,0.962666666666667,0.964049195837275,0.959367945823928,0.982642237222758,0.964049195837275,0.973256924546323,"rf_class",149,360,11,2,0.975095785440613,0.970350404312669,0.986754966887417,0.994475138121547,0.970350404312669,0.982264665757162,"rf_class",276,659,27,16,0.956032719836401,0.96064139941691,0.945205479452055,0.976296296296296,0.96064139941691,0.968405584129317
2000,1000,80,0.3,0.05,"a",FALSE,0.5,0,211,"53, 5, 6, 1","IRT",456,993,41,10,0.966,0.960348162475822,0.978540772532189,0.990029910269192,0.960348162475822,0.974963181148748,"IRT",156,308,15,4,0.960662525879917,0.953560371517028,0.975,0.987179487179487,0.953560371517028,0.97007874015748,"IRT",300,685,26,6,0.968534906588004,0.963431786216596,0.980392156862745,0.991316931982634,0.963431786216596,0.977175463623395
2000,1000,80,0.3,0.05,"a",FALSE,0.5,0,211,"53, 5, 6, 1","rf_probs",0,360,674,466,0.24,0.34816247582205,0,0.435835351089588,0.34816247582205,0.387096774193548,"rf_probs",0,119,204,160,0.246376811594203,0.368421052631579,0,0.426523297491039,0.368421052631579,0.395348837209302,"rf_probs",0,241,470,306,0.236971484759095,0.338959212376934,0,0.440585009140768,0.338959212376934,0.383147853736089
2000,1000,80,0.3,0.05,"a",FALSE,0.5,0,211,"53, 5, 6, 1","rf_class",451,995,39,15,0.964,0.962282398452611,0.967811158798283,0.985148514851485,0.962282398452611,0.973581213307241,"rf_class",155,312,11,5,0.966873706004141,0.96594427244582,0.96875,0.984227129337539,0.96594427244582,0.975,"rf_class",296,683,28,10,0.962635201573255,0.960618846694796,0.967320261437909,0.985569985569986,0.960618846694796,0.972934472934473
2000,1000,80,0.3,0.05,"a",FALSE,0.5,0,212,"65, 60, 13, 43","IRT",465,991,24,20,0.970666666666667,0.976354679802956,0.958762886597938,0.980217606330366,0.976354679802956,0.978282329713722,"IRT",145,323,9,6,0.968944099378882,0.97289156626506,0.960264900662252,0.981762917933131,0.97289156626506,0.977307110438729,"IRT",320,668,15,14,0.971484759095379,0.978038067349927,0.958083832335329,0.979472140762463,0.978038067349927,0.978754578754579
2000,1000,80,0.3,0.05,"a",FALSE,0.5,0,212,"65, 60, 13, 43","rf_probs",443,0,1015,42,0.295333333333333,0,0.91340206185567,0,0,NA,"rf_probs",132,0,332,19,0.273291925465839,0,0.874172185430464,0,0,NA,"rf_probs",311,0,683,23,0.305801376597837,0,0.931137724550898,0,0,NA
2000,1000,80,0.3,0.05,"a",FALSE,0.5,0,212,"65, 60, 13, 43","rf_class",449,994,21,36,0.962,0.979310344827586,0.925773195876289,0.96504854368932,0.979310344827586,0.972127139364303,"rf_class",139,325,7,12,0.960662525879917,0.978915662650602,0.920529801324503,0.964391691394659,0.978915662650602,0.971599402092676,"rf_class",310,669,14,24,0.962635201573255,0.979502196193265,0.92814371257485,0.965367965367965,0.979502196193265,0.972383720930233
2000,1000,80,0.3,0.05,"a",FALSE,0.5,0,213,"13, 58, 79, 29","IRT",436,1010,39,15,0.964,0.962821734985701,0.966740576496674,0.985365853658537,0.962821734985701,0.973963355834137,"IRT",151,351,16,4,0.961685823754789,0.956403269754768,0.974193548387097,0.988732394366197,0.956403269754768,0.972299168975069,"IRT",285,659,23,11,0.965235173824131,0.966275659824047,0.962837837837838,0.983582089552239,0.966275659824047,0.974852071005917
2000,1000,80,0.3,0.05,"a",FALSE,0.5,0,213,"13, 58, 79, 29","rf_probs",0,337,712,451,0.224666666666667,0.321258341277407,0,0.427664974619289,0.321258341277407,0.366902558519325,"rf_probs",0,114,253,155,0.218390804597701,0.310626702997275,0,0.423791821561338,0.310626702997275,0.358490566037736,"rf_probs",0,223,459,296,0.2280163599182,0.326979472140762,0,0.429672447013488,0.326979472140762,0.37135720233139
2000,1000,80,0.3,0.05,"a",FALSE,0.5,0,213,"13, 58, 79, 29","rf_class",431,1002,47,20,0.955333333333333,0.955195424213537,0.955654101995565,0.980430528375734,0.955195424213537,0.967648478995654,"rf_class",152,347,20,3,0.955938697318008,0.94550408719346,0.980645161290323,0.991428571428571,0.94550408719346,0.96792189679219,"rf_class",279,655,27,17,0.955010224948875,0.960410557184751,0.942567567567568,0.974702380952381,0.960410557184751,0.967503692762186
2000,1000,80,0.3,0.05,"a",FALSE,0.5,0,214,"59, 51, 78, 71","IRT",414,1031,20,35,0.963333333333333,0.980970504281637,0.922048997772829,0.967166979362101,0.980970504281637,0.974019839395371,"IRT",143,364,7,11,0.965714285714286,0.981132075471698,0.928571428571429,0.970666666666667,0.981132075471698,0.975871313672922,"IRT",271,667,13,24,0.962051282051282,0.980882352941176,0.91864406779661,0.965267727930536,0.980882352941176,0.973012399708242
2000,1000,80,0.3,0.05,"a",FALSE,0.5,0,214,"59, 51, 78, 71","rf_probs",0,355,696,449,0.236666666666667,0.337773549000951,0,0.441542288557214,0.337773549000951,0.382749326145553,"rf_probs",0,122,249,154,0.232380952380952,0.328840970350404,0,0.442028985507246,0.328840970350404,0.377125193199382,"rf_probs",0,233,447,295,0.238974358974359,0.342647058823529,0,0.441287878787879,0.342647058823529,0.385761589403974
2000,1000,80,0.3,0.05,"a",FALSE,0.5,0,214,"59, 51, 78, 71","rf_class",423,1008,43,26,0.954,0.959086584205519,0.942093541202673,0.974854932301741,0.959086584205519,0.966906474820144,"rf_class",146,351,20,8,0.946666666666667,0.946091644204852,0.948051948051948,0.977715877437326,0.946091644204852,0.961643835616438,"rf_class",277,657,23,18,0.957948717948718,0.966176470588235,0.938983050847458,0.973333333333333,0.966176470588235,0.969741697416974
2000,1000,80,0.3,0.05,"a",FALSE,0.5,0,215,"70, 24, 75, 72","IRT",424,1017,34,25,0.960666666666667,0.967649857278782,0.944320712694877,0.976007677543186,0.967649857278782,0.971810797897754,"IRT",137,329,13,11,0.951020408163265,0.961988304093567,0.925675675675676,0.967647058823529,0.961988304093567,0.964809384164223,"IRT",287,688,21,14,0.965346534653465,0.970380818053597,0.953488372093023,0.98005698005698,0.970380818053597,0.975194897236003
2000,1000,80,0.3,0.05,"a",FALSE,0.5,0,215,"70, 24, 75, 72","rf_probs",0,327,724,449,0.218,0.311132254995243,0,0.42139175257732,0.311132254995243,0.357963875205255,"rf_probs",0,105,237,148,0.214285714285714,0.307017543859649,0,0.41501976284585,0.307017543859649,0.352941176470588,"rf_probs",0,222,487,301,0.21980198019802,0.31311706629055,0,0.424474187380497,0.31311706629055,0.36038961038961
2000,1000,80,0.3,0.05,"a",FALSE,0.5,0,215,"70, 24, 75, 72","rf_class",423,1010,41,26,0.955333333333333,0.960989533777355,0.942093541202673,0.974903474903475,0.960989533777355,0.967896502156205,"rf_class",137,324,18,11,0.940816326530612,0.947368421052632,0.925675675675676,0.967164179104478,0.947368421052632,0.957163958641063,"rf_class",286,686,23,15,0.962376237623762,0.967559943582511,0.950166112956811,0.978601997146933,0.967559943582511,0.973049645390071
2000,1000,80,0.3,0.05,"a",FALSE,0.5,0,216,"57, 11, 10, 72","IRT",439,1000,47,14,0.959333333333333,0.955109837631328,0.969094922737307,0.986193293885602,0.955109837631328,0.970402717127608,"IRT",136,341,15,5,0.959758551307847,0.957865168539326,0.964539007092199,0.985549132947977,0.957865168539326,0.971509971509971,"IRT",303,659,32,9,0.959122632103689,0.953690303907381,0.971153846153846,0.986526946107784,0.953690303907381,0.969830757910228
2000,1000,80,0.3,0.05,"a",FALSE,0.5,0,216,"57, 11, 10, 72","rf_probs",0,343,704,453,0.228666666666667,0.327602674307545,0,0.430904522613065,0.327602674307545,0.372219207813348,"rf_probs",0,125,231,141,0.251509054325956,0.351123595505618,0,0.469924812030075,0.351123595505618,0.401929260450161,"rf_probs",0,218,473,312,0.217347956131605,0.31548480463097,0,0.411320754716981,0.31548480463097,0.357084357084357
2000,1000,80,0.3,0.05,"a",FALSE,0.5,0,216,"57, 11, 10, 72","rf_class",433,1003,44,20,0.957333333333333,0.957975167144222,0.955849889624724,0.980449657869013,0.957975167144222,0.969082125603865,"rf_class",136,343,13,5,0.963782696177062,0.963483146067416,0.964539007092199,0.985632183908046,0.963483146067416,0.974431818181818,"rf_class",297,660,31,15,0.954137587238285,0.955137481910275,0.951923076923077,0.977777777777778,0.955137481910275,0.966325036603221
2000,1000,80,0.3,0.05,"a",FALSE,0.5,0,217,"3, 29, 27, 44","IRT",427,1021,41,11,0.965333333333333,0.961393596986817,0.974885844748858,0.989341085271318,0.961393596986817,0.975167144221585,"IRT",152,331,12,3,0.969879518072289,0.965014577259475,0.980645161290323,0.991017964071856,0.965014577259475,0.977843426883309,"IRT",275,690,29,8,0.963073852295409,0.959666203059805,0.971731448763251,0.988538681948424,0.959666203059805,0.973888496824277
2000,1000,80,0.3,0.05,"a",FALSE,0.5,0,217,"3, 29, 27, 44","rf_probs",0,375,687,438,0.25,0.353107344632768,0,0.461254612546125,0.353107344632768,0.4,"rf_probs",0,116,227,155,0.232931726907631,0.338192419825073,0,0.428044280442804,0.338192419825073,0.37785016286645,"rf_probs",0,259,460,283,0.258483033932136,0.360222531293463,0,0.477859778597786,0.360222531293463,0.410785091197462
2000,1000,80,0.3,0.05,"a",FALSE,0.5,0,217,"3, 29, 27, 44","rf_class",417,1020,42,21,0.958,0.96045197740113,0.952054794520548,0.979827089337176,0.96045197740113,0.970042796005706,"rf_class",151,329,14,4,0.963855421686747,0.959183673469388,0.974193548387097,0.987987987987988,0.959183673469388,0.973372781065089,"rf_class",266,691,28,17,0.955089820359281,0.96105702364395,0.939929328621908,0.975988700564972,0.96105702364395,0.968465311843027
2000,1000,80,0.3,0.05,"a",FALSE,0.5,0,218,"12, 27, 53, 55","IRT",450,1007,27,16,0.971333333333333,0.973887814313346,0.965665236051502,0.98435972629521,0.973887814313346,0.979095770539621,"IRT",161,342,13,4,0.967307692307692,0.963380281690141,0.975757575757576,0.988439306358382,0.963380281690141,0.975748930099857,"IRT",289,665,14,12,0.973469387755102,0.979381443298969,0.960132890365448,0.982274741506647,0.979381443298969,0.980825958702065
2000,1000,80,0.3,0.05,"a",FALSE,0.5,0,218,"12, 27, 53, 55","rf_probs",0,353,681,466,0.235333333333333,0.341392649903288,0,0.431013431013431,0.341392649903288,0.381003777657852,"rf_probs",0,114,241,165,0.219230769230769,0.32112676056338,0,0.408602150537634,0.32112676056338,0.359621451104101,"rf_probs",0,239,440,301,0.243877551020408,0.351988217967599,0,0.442592592592593,0.351988217967599,0.392124692370796
2000,1000,80,0.3,0.05,"a",FALSE,0.5,0,218,"12, 27, 53, 55","rf_class",436,1011,23,30,0.964666666666667,0.977756286266925,0.935622317596567,0.971181556195965,0.977756286266925,0.974457831325301,"rf_class",157,342,13,8,0.959615384615385,0.963380281690141,0.951515151515152,0.977142857142857,0.963380281690141,0.970212765957447,"rf_class",279,669,10,22,0.96734693877551,0.985272459499264,0.926910299003322,0.968162083936324,0.985272459499264,0.976642335766423
2000,1000,80,0.3,0.05,"a",FALSE,0.5,0,219,"74, 3, 70, 20","IRT",417,1021,56,6,0.958666666666667,0.948003714020427,0.985815602836879,0.994157740993184,0.948003714020427,0.970532319391635,"IRT",136,349,22,1,0.954724409448819,0.940700808625337,0.992700729927007,0.997142857142857,0.940700808625337,0.968099861303745,"IRT",281,672,34,5,0.960685483870968,0.951841359773371,0.982517482517482,0.99261447562777,0.951841359773371,0.971800433839479
2000,1000,80,0.3,0.05,"a",FALSE,0.5,0,219,"74, 3, 70, 20","rf_probs",0,378,699,423,0.252,0.350974930362117,0,0.471910112359551,0.350974930362117,0.402555910543131,"rf_probs",0,122,249,137,0.240157480314961,0.328840970350404,0,0.471042471042471,0.328840970350404,0.387301587301587,"rf_probs",0,256,450,286,0.258064516129032,0.362606232294618,0,0.472324723247232,0.362606232294618,0.41025641025641
2000,1000,80,0.3,0.05,"a",FALSE,0.5,0,219,"74, 3, 70, 20","rf_class",404,1027,50,19,0.954,0.953574744661096,0.955082742316785,0.981835564053537,0.953574744661096,0.967498822421102,"rf_class",132,352,19,5,0.952755905511811,0.948787061994609,0.963503649635037,0.985994397759104,0.948787061994609,0.967032967032967,"rf_class",272,675,31,14,0.954637096774194,0.956090651558074,0.951048951048951,0.979680696661829,0.956090651558074,0.967741935483871
2000,1000,80,0.3,0.05,"a",FALSE,0.5,0,220,"78, 15, 5, 63","IRT",425,1017,45,13,0.961333333333333,0.957627118644068,0.970319634703196,0.987378640776699,0.957627118644068,0.972275334608031,"IRT",132,351,20,4,0.952662721893491,0.946091644204852,0.970588235294118,0.988732394366197,0.946091644204852,0.966942148760331,"IRT",293,666,25,9,0.965760322255791,0.963820549927641,0.970198675496689,0.986666666666667,0.963820549927641,0.97510980966325
2000,1000,80,0.3,0.05,"a",FALSE,0.5,0,220,"78, 15, 5, 63","rf_probs",0,409,653,438,0.272666666666667,0.385122410546139,0,0.482880755608028,0.385122410546139,0.428496595075956,"rf_probs",0,143,228,136,0.282051282051282,0.38544474393531,0,0.512544802867383,0.38544474393531,0.44,"rf_probs",0,266,425,302,0.267875125881168,0.384949348769899,0,0.46830985915493,0.384949348769899,0.422557585385226
2000,1000,80,0.3,0.05,"a",FALSE,0.5,0,220,"78, 15, 5, 63","rf_class",406,1029,33,32,0.956666666666667,0.968926553672316,0.926940639269406,0.969839773798303,0.968926553672316,0.96938294865756,"rf_class",125,356,15,11,0.948717948717949,0.959568733153639,0.919117647058823,0.970027247956403,0.959568733153639,0.964769647696477,"rf_class",281,673,18,21,0.960725075528701,0.973950795947902,0.93046357615894,0.969740634005764,0.973950795947902,0.971841155234657
2000,1000,80,0.3,0.05,"a",FALSE,0.5,0,221,"59, 35, 71, 24","IRT",433,1014,39,14,0.964666666666667,0.962962962962963,0.968680089485459,0.986381322957198,0.962962962962963,0.974531475252283,"IRT",134,347,13,6,0.962,0.963888888888889,0.957142857142857,0.98300283286119,0.963888888888889,0.973352033660589,"IRT",299,667,26,8,0.966,0.962481962481962,0.973941368078176,0.988148148148148,0.962481962481962,0.975146198830409
2000,1000,80,0.3,0.05,"a",FALSE,0.5,0,221,"59, 35, 71, 24","rf_probs",0,396,657,447,0.264,0.376068376068376,0,0.469750889679715,0.376068376068376,0.417721518987342,"rf_probs",0,134,226,140,0.268,0.372222222222222,0,0.489051094890511,0.372222222222222,0.422712933753943,"rf_probs",0,262,431,307,0.262,0.378066378066378,0,0.460456942003515,0.378066378066378,0.415213946117274
2000,1000,80,0.3,0.05,"a",FALSE,0.5,0,221,"59, 35, 71, 24","rf_class",419,1013,40,28,0.954666666666667,0.962013295346629,0.937360178970917,0.973102785782901,0.962013295346629,0.967526265520535,"rf_class",132,346,14,8,0.956,0.961111111111111,0.942857142857143,0.977401129943503,0.961111111111111,0.969187675070028,"rf_class",287,667,26,20,0.954,0.962481962481962,0.93485342019544,0.970887918486172,0.962481962481962,0.966666666666667
2000,1000,80,0.3,0.05,"a",FALSE,0.5,0,222,"1, 14, 13, 53","IRT",438,1004,41,17,0.961333333333333,0.960765550239234,0.962637362637363,0.983349657198825,0.960765550239234,0.971926427879961,"IRT",153,340,10,6,0.968565815324165,0.971428571428571,0.962264150943396,0.982658959537572,0.971428571428571,0.977011494252873,"IRT",285,664,31,11,0.957618567103935,0.955395683453237,0.962837837837838,0.983703703703704,0.955395683453237,0.969343065693431
2000,1000,80,0.3,0.05,"a",FALSE,0.5,0,222,"1, 14, 13, 53","rf_probs",0,372,673,455,0.248,0.355980861244019,0,0.449818621523579,0.355980861244019,0.397435897435897,"rf_probs",0,126,224,159,0.2475442043222,0.36,0,0.442105263157895,0.36,0.396850393700787,"rf_probs",0,246,449,296,0.248234106962664,0.353956834532374,0,0.453874538745387,0.353956834532374,0.397736459175424
2000,1000,80,0.3,0.05,"a",FALSE,0.5,0,222,"1, 14, 13, 53","rf_class",438,1004,41,17,0.961333333333333,0.960765550239234,0.962637362637363,0.983349657198825,0.960765550239234,0.971926427879961,"rf_class",153,338,12,6,0.964636542239686,0.965714285714286,0.962264150943396,0.982558139534884,0.965714285714286,0.974063400576369,"rf_class",285,666,29,11,0.959636730575177,0.958273381294964,0.962837837837838,0.983751846381093,0.958273381294964,0.970845481049563
2000,1000,80,0.3,0.05,"a",FALSE,0.5,0,223,"62, 67, 44, 8","IRT",443,999,37,21,0.961333333333333,0.964285714285714,0.954741379310345,0.979411764705882,0.964285714285714,0.971789883268482,"IRT",155,325,6,7,0.973630831643002,0.981873111782477,0.95679012345679,0.978915662650602,0.981873111782477,0.980392156862745,"IRT",288,674,31,14,0.955312810327706,0.956028368794326,0.95364238410596,0.979651162790698,0.956028368794326,0.967695620961953
2000,1000,80,0.3,0.05,"a",FALSE,0.5,0,223,"62, 67, 44, 8","rf_probs",0,336,700,464,0.224,0.324324324324324,0,0.42,0.324324324324324,0.366013071895425,"rf_probs",0,104,227,162,0.210953346855984,0.314199395770393,0,0.390977443609023,0.314199395770393,0.348408710217755,"rf_probs",0,232,473,302,0.23038728897716,0.329078014184397,0,0.434456928838951,0.329078014184397,0.374495560936239
2000,1000,80,0.3,0.05,"a",FALSE,0.5,0,223,"62, 67, 44, 8","rf_class",425,1008,28,39,0.955333333333333,0.972972972972973,0.915948275862069,0.962750716332378,0.972972972972973,0.967834853576572,"rf_class",151,325,6,11,0.96551724137931,0.981873111782477,0.932098765432099,0.967261904761905,0.981873111782477,0.974512743628186,"rf_class",274,683,22,28,0.950347567030784,0.968794326241135,0.907284768211921,0.960618846694796,0.968794326241135,0.964689265536723
2000,1000,80,0.3,0.05,"a",FALSE,0.5,0,224,"78, 22, 49, 42","IRT",448,1008,28,16,0.970666666666667,0.972972972972973,0.96551724137931,0.984375,0.972972972972973,0.978640776699029,"IRT",147,353,8,7,0.970873786407767,0.977839335180055,0.954545454545455,0.980555555555556,0.977839335180055,0.979195561719834,"IRT",301,655,20,9,0.970558375634518,0.97037037037037,0.970967741935484,0.98644578313253,0.97037037037037,0.978342046303211
2000,1000,80,0.3,0.05,"a",FALSE,0.5,0,224,"78, 22, 49, 42","rf_probs",0,343,693,464,0.228666666666667,0.331081081081081,0,0.425030978934325,0.331081081081081,0.372219207813348,"rf_probs",0,112,249,154,0.21747572815534,0.310249307479224,0,0.421052631578947,0.310249307479224,0.35725677830941,"rf_probs",0,231,444,310,0.234517766497462,0.342222222222222,0,0.426987060998152,0.342222222222222,0.379934210526316
2000,1000,80,0.3,0.05,"a",FALSE,0.5,0,224,"78, 22, 49, 42","rf_class",438,1011,25,26,0.966,0.975868725868726,0.943965517241379,0.974927675988428,0.975868725868726,0.975397973950796,"rf_class",143,356,5,11,0.968932038834951,0.986149584487535,0.928571428571429,0.970027247956403,0.986149584487535,0.978021978021978,"rf_class",295,655,20,15,0.964467005076142,0.97037037037037,0.951612903225806,0.977611940298508,0.97037037037037,0.973977695167286
2000,1000,80,0.3,0.05,"a",FALSE,0.5,0,225,"60, 80, 15, 5","IRT",433,1017,37,13,0.966666666666667,0.964895635673624,0.97085201793722,0.987378640776699,0.964895635673624,0.976007677543186,"IRT",142,325,11,3,0.970893970893971,0.967261904761905,0.979310344827586,0.990853658536585,0.967261904761905,0.978915662650602,"IRT",291,692,26,10,0.964671246319922,0.963788300835655,0.966777408637874,0.985754985754986,0.963788300835655,0.974647887323944
2000,1000,80,0.3,0.05,"a",FALSE,0.5,0,225,"60, 80, 15, 5","rf_probs",0,326,728,446,0.217333333333333,0.309297912713473,0,0.422279792746114,0.309297912713473,0.357064622124863,"rf_probs",0,93,243,145,0.193347193347193,0.276785714285714,0,0.390756302521008,0.276785714285714,0.32404181184669,"rf_probs",0,233,485,301,0.228655544651619,0.324512534818941,0,0.436329588014981,0.324512534818941,0.37220447284345
2000,1000,80,0.3,0.05,"a",FALSE,0.5,0,225,"60, 80, 15, 5","rf_class",423,1029,25,23,0.968,0.976280834914611,0.948430493273543,0.978136882129278,0.976280834914611,0.977207977207977,"rf_class",135,328,8,10,0.962577962577963,0.976190476190476,0.931034482758621,0.970414201183432,0.976190476190476,0.973293768545994,"rf_class",288,701,17,13,0.970559371933268,0.976323119777159,0.956810631229236,0.981792717086835,0.976323119777159,0.979050279329609
2000,1000,80,0.3,0.05,"a",FALSE,0.5,0,226,"22, 38, 15, 30","IRT",420,1030,23,27,0.966666666666667,0.978157644824311,0.939597315436242,0.97445600756859,0.978157644824311,0.976303317535545,"IRT",145,353,8,13,0.959537572254335,0.977839335180055,0.917721518987342,0.96448087431694,0.977839335180055,0.97111416781293,"IRT",275,677,15,14,0.970438328236493,0.978323699421965,0.951557093425606,0.979739507959479,0.978323699421965,0.979031091829356
2000,1000,80,0.3,0.05,"a",FALSE,0.5,0,226,"22, 38, 15, 30","rf_probs",0,354,699,447,0.236,0.336182336182336,0,0.441947565543071,0.336182336182336,0.381877022653722,"rf_probs",0,120,241,158,0.23121387283237,0.332409972299169,0,0.431654676258993,0.332409972299169,0.375586854460094,"rf_probs",0,234,458,289,0.238532110091743,0.338150289017341,0,0.447418738049713,0.338150289017341,0.385185185185185
2000,1000,80,0.3,0.05,"a",FALSE,0.5,0,226,"22, 38, 15, 30","rf_class",415,1020,33,32,0.956666666666667,0.968660968660969,0.92841163310962,0.96958174904943,0.968660968660969,0.969121140142518,"rf_class",145,351,10,13,0.955684007707129,0.972299168975069,0.917721518987342,0.964285714285714,0.972299168975069,0.968275862068966,"rf_class",270,669,23,19,0.957186544342508,0.966763005780347,0.934256055363322,0.972383720930233,0.966763005780347,0.969565217391304
2000,1000,80,0.3,0.05,"a",FALSE,0.5,0,227,"41, 37, 31, 7","IRT",424,1003,46,27,0.951333333333333,0.956148713060057,0.940133037694013,0.97378640776699,0.956148713060057,0.964886964886965,"IRT",163,307,16,12,0.943775100401606,0.95046439628483,0.931428571428571,0.962382445141066,0.95046439628483,0.956386292834891,"IRT",261,696,30,15,0.955089820359281,0.958677685950413,0.945652173913043,0.978902953586498,0.958677685950413,0.968684759916493
2000,1000,80,0.3,0.05,"a",FALSE,0.5,0,227,"41, 37, 31, 7","rf_probs",0,344,705,451,0.229333333333333,0.32793136320305,0,0.432704402515723,0.32793136320305,0.373101952277657,"rf_probs",0,102,221,175,0.204819277108434,0.315789473684211,0,0.368231046931408,0.315789473684211,0.34,"rf_probs",0,242,484,276,0.241516966067864,0.333333333333333,0,0.467181467181467,0.333333333333333,0.389067524115756
2000,1000,80,0.3,0.05,"a",FALSE,0.5,0,227,"41, 37, 31, 7","rf_class",421,1005,44,30,0.950666666666667,0.958055290753098,0.933481152993348,0.971014492753623,0.958055290753098,0.964491362763915,"rf_class",162,305,18,13,0.937751004016064,0.944272445820433,0.925714285714286,0.959119496855346,0.944272445820433,0.951638065522621,"rf_class",259,700,26,17,0.957085828343313,0.964187327823691,0.938405797101449,0.97629009762901,0.964187327823691,0.97020097020097
2000,1000,80,0.3,0.05,"a",FALSE,0.5,0,228,"24, 22, 5, 33","IRT",432,1000,57,11,0.954666666666667,0.946073793755913,0.975169300225734,0.989119683481701,0.946073793755913,0.967117988394584,"IRT",147,337,19,2,0.958415841584158,0.946629213483146,0.986577181208054,0.994100294985251,0.946629213483146,0.969784172661871,"IRT",285,663,38,9,0.952763819095477,0.945791726105564,0.969387755102041,0.986607142857143,0.945791726105564,0.965768390386016
2000,1000,80,0.3,0.05,"a",FALSE,0.5,0,228,"24, 22, 5, 33","rf_probs",0,389,668,443,0.259333333333333,0.36802270577105,0,0.467548076923077,0.36802270577105,0.411858125992589,"rf_probs",0,129,227,149,0.255445544554455,0.362359550561798,0,0.464028776978417,0.362359550561798,0.406940063091483,"rf_probs",0,260,441,294,0.261306532663317,0.370898716119829,0,0.469314079422383,0.370898716119829,0.414342629482072
2000,1000,80,0.3,0.05,"a",FALSE,0.5,0,228,"24, 22, 5, 33","rf_class",426,1012,45,17,0.958666666666667,0.957426679280984,0.961625282167043,0.983479105928086,0.957426679280984,0.970278044103547,"rf_class",146,342,14,3,0.966336633663366,0.960674157303371,0.979865771812081,0.991304347826087,0.960674157303371,0.975748930099857,"rf_class",280,670,31,14,0.954773869346734,0.955777460770328,0.952380952380952,0.97953216374269,0.955777460770328,0.967509025270758
2000,1000,80,0.3,0.05,"a",FALSE,0.5,0,229,"7, 40, 2, 71","IRT",450,1003,39,8,0.968666666666667,0.96257197696737,0.982532751091703,0.992087042532146,0.96257197696737,0.977106673161227,"IRT",157,322,11,3,0.971602434077079,0.966966966966967,0.98125,0.990769230769231,0.966966966966967,0.978723404255319,"IRT",293,681,28,5,0.967229394240318,0.960507757404795,0.983221476510067,0.992711370262391,0.960507757404795,0.976344086021505
2000,1000,80,0.3,0.05,"a",FALSE,0.5,0,229,"7, 40, 2, 71","rf_probs",0,327,715,458,0.218,0.313819577735125,0,0.41656050955414,0.313819577735125,0.357963875205255,"rf_probs",0,106,227,160,0.21501014198783,0.318318318318318,0,0.398496240601504,0.318318318318318,0.353923205342237,"rf_probs",0,221,488,298,0.219463753723932,0.311706629055007,0,0.425818882466281,0.311706629055007,0.359934853420195
2000,1000,80,0.3,0.05,"a",FALSE,0.5,0,229,"7, 40, 2, 71","rf_class",431,1014,28,27,0.963333333333333,0.973128598848369,0.941048034934498,0.974063400576369,0.973128598848369,0.973595775324052,"rf_class",152,324,9,8,0.96551724137931,0.972972972972973,0.95,0.975903614457831,0.972972972972973,0.974436090225564,"rf_class",279,690,19,19,0.962264150943396,0.973201692524683,0.936241610738255,0.973201692524683,0.973201692524683,0.973201692524683
2000,1000,80,0.3,0.05,"a",FALSE,0.5,0,230,"15, 5, 41, 32","IRT",428,1023,43,6,0.967333333333333,0.959662288930582,0.986175115207373,0.994169096209913,0.959662288930582,0.976610978520286,"IRT",150,337,16,5,0.958661417322835,0.954674220963173,0.967741935483871,0.985380116959064,0.954674220963173,0.96978417266187,"IRT",278,686,27,1,0.971774193548387,0.962131837307153,0.996415770609319,0.998544395924309,0.962131837307153,0.98
2000,1000,80,0.3,0.05,"a",FALSE,0.5,0,230,"15, 5, 41, 32","rf_probs",0,398,668,434,0.265333333333333,0.373358348968105,0,0.478365384615385,0.373358348968105,0.419388830347734,"rf_probs",0,133,220,155,0.261811023622047,0.376770538243626,0,0.461805555555556,0.376770538243626,0.414976599063963,"rf_probs",0,265,448,279,0.267137096774194,0.371669004207574,0,0.487132352941176,0.371669004207574,0.421638822593477
2000,1000,80,0.3,0.05,"a",FALSE,0.5,0,230,"15, 5, 41, 32","rf_class",421,1021,45,13,0.961333333333333,0.957786116322702,0.970046082949309,0.98742746615087,0.957786116322702,0.972380952380952,"rf_class",147,336,17,8,0.950787401574803,0.951841359773371,0.948387096774194,0.976744186046512,0.951841359773371,0.964131994261119,"rf_class",274,685,28,5,0.966733870967742,0.960729312762973,0.982078853046595,0.992753623188406,0.960729312762973,0.97647897362794
2000,1000,80,0.3,0.05,"a",FALSE,0.5,0,231,"80, 31, 13, 7","IRT",438,1009,44,9,0.964666666666667,0.958214624881291,0.979865771812081,0.991159135559921,0.958214624881291,0.974408498309995,"IRT",144,333,12,3,0.969512195121951,0.965217391304348,0.979591836734694,0.991071428571429,0.965217391304348,0.977973568281938,"IRT",294,676,32,6,0.962301587301587,0.954802259887006,0.98,0.991202346041056,0.954802259887006,0.972661870503597
2000,1000,80,0.3,0.05,"a",FALSE,0.5,0,231,"80, 31, 13, 7","rf_probs",0,346,707,447,0.230666666666667,0.328584995251662,0,0.436317780580076,0.328584995251662,0.374864572047671,"rf_probs",0,101,244,147,0.205284552845528,0.292753623188406,0,0.407258064516129,0.292753623188406,0.340640809443508,"rf_probs",0,245,463,300,0.243055555555556,0.346045197740113,0,0.44954128440367,0.346045197740113,0.391061452513966
2000,1000,80,0.3,0.05,"a",FALSE,0.5,0,231,"80, 31, 13, 7","rf_class",430,1018,35,17,0.965333333333333,0.9667616334283,0.961968680089485,0.983574879227053,0.9667616334283,0.975095785440613,"rf_class",141,335,10,6,0.967479674796748,0.971014492753623,0.959183673469388,0.982404692082111,0.971014492753623,0.97667638483965,"rf_class",289,683,25,11,0.964285714285714,0.964689265536723,0.963333333333333,0.984149855907781,0.964689265536723,0.97432239657632
2000,1000,80,0.3,0.05,"a",FALSE,0.5,0,232,"69, 9, 14, 8","IRT",434,1004,39,23,0.958666666666667,0.962607861936721,0.949671772428884,0.977604673807206,0.962607861936721,0.970048309178744,"IRT",132,346,9,5,0.971544715447154,0.974647887323944,0.963503649635037,0.985754985754986,0.974647887323944,0.980169971671388,"IRT",302,658,30,18,0.952380952380952,0.956395348837209,0.94375,0.973372781065089,0.956395348837209,0.964809384164223
2000,1000,80,0.3,0.05,"a",FALSE,0.5,0,232,"69, 9, 14, 8","rf_probs",0,358,685,457,0.238666666666667,0.343240651965484,0,0.439263803680982,0.343240651965484,0.385360602798708,"rf_probs",0,123,232,137,0.25,0.346478873239437,0,0.473076923076923,0.346478873239437,0.4,"rf_probs",0,235,453,320,0.233134920634921,0.34156976744186,0,0.423423423423423,0.34156976744186,0.378117457763475
2000,1000,80,0.3,0.05,"a",FALSE,0.5,0,232,"69, 9, 14, 8","rf_class",429,1000,43,28,0.952666666666667,0.958772770853308,0.938730853391685,0.972762645914397,0.958772770853308,0.965717044905843,"rf_class",132,340,15,5,0.959349593495935,0.957746478873239,0.963503649635037,0.985507246376812,0.957746478873239,0.971428571428571,"rf_class",297,660,28,23,0.949404761904762,0.959302325581395,0.928125,0.966325036603221,0.959302325581395,0.962800875273523
2000,1000,80,0.3,0.05,"a",FALSE,0.5,0,233,"16, 37, 27, 66","IRT",439,999,53,9,0.958666666666667,0.949619771863118,0.979910714285714,0.991071428571429,0.949619771863118,0.969902912621359,"IRT",132,330,19,2,0.956521739130435,0.945558739255014,0.985074626865672,0.993975903614458,0.945558739255014,0.969162995594714,"IRT",307,669,34,7,0.95968534906588,0.951635846372688,0.977707006369427,0.989644970414201,0.951635846372688,0.970268310369833
2000,1000,80,0.3,0.05,"a",FALSE,0.5,0,233,"16, 37, 27, 66","rf_probs",0,361,691,448,0.240666666666667,0.343155893536122,0,0.446229913473424,0.343155893536122,0.387963460505105,"rf_probs",0,114,235,134,0.236024844720497,0.326647564469914,0,0.459677419354839,0.326647564469914,0.381909547738693,"rf_probs",0,247,456,314,0.242871189773845,0.351351351351351,0,0.440285204991087,0.351351351351351,0.390822784810127
2000,1000,80,0.3,0.05,"a",FALSE,0.5,0,233,"16, 37, 27, 66","rf_class",423,1016,36,25,0.959333333333333,0.965779467680608,0.944196428571429,0.975984630163305,0.965779467680608,0.970855231724797,"rf_class",128,339,10,6,0.966873706004141,0.97134670487106,0.955223880597015,0.982608695652174,0.97134670487106,0.976945244956772,"rf_class",295,677,26,19,0.955752212389381,0.963015647226173,0.939490445859873,0.972701149425287,0.963015647226173,0.96783416726233
2000,1000,80,0.3,0.05,"a",FALSE,0.5,0,234,"1, 62, 45, 20","IRT",452,991,48,9,0.962,0.953801732435034,0.980477223427332,0.991,0.953801732435034,0.97204512015694,"IRT",142,324,16,3,0.960824742268041,0.952941176470588,0.979310344827586,0.990825688073395,0.952941176470588,0.971514242878561,"IRT",310,667,32,6,0.96256157635468,0.954220314735336,0.981012658227848,0.991084695393759,0.954220314735336,0.972303206997085
2000,1000,80,0.3,0.05,"a",FALSE,0.5,0,234,"1, 62, 45, 20","rf_probs",0,340,699,461,0.226666666666667,0.327237728585178,0,0.424469413233458,0.327237728585178,0.369565217391304,"rf_probs",0,105,235,145,0.216494845360825,0.308823529411765,0,0.42,0.308823529411765,0.355932203389831,"rf_probs",0,235,464,316,0.231527093596059,0.336194563662375,0,0.426497277676951,0.336194563662375,0.376
2000,1000,80,0.3,0.05,"a",FALSE,0.5,0,234,"1, 62, 45, 20","rf_class",438,1002,37,23,0.96,0.964388835418672,0.950108459869848,0.977560975609756,0.964388835418672,0.97093023255814,"rf_class",139,324,16,6,0.954639175257732,0.952941176470588,0.958620689655172,0.981818181818182,0.952941176470588,0.967164179104478,"rf_class",299,678,21,17,0.96256157635468,0.969957081545064,0.94620253164557,0.975539568345324,0.969957081545064,0.97274031563845
2000,1000,80,0.3,0.05,"a",FALSE,0.5,0,235,"76, 40, 74, 61","IRT",453,983,57,7,0.957333333333333,0.945192307692308,0.984782608695652,0.992929292929293,0.945192307692308,0.968472906403941,"IRT",152,309,26,3,0.940816326530612,0.922388059701493,0.980645161290323,0.990384615384615,0.922388059701493,0.955177743431221,"IRT",301,674,31,4,0.965346534653465,0.956028368794326,0.986885245901639,0.994100294985251,0.956028368794326,0.97469269703543
2000,1000,80,0.3,0.05,"a",FALSE,0.5,0,235,"76, 40, 74, 61","rf_probs",0,346,694,460,0.230666666666667,0.332692307692308,0,0.429280397022333,0.332692307692308,0.374864572047671,"rf_probs",0,123,212,155,0.251020408163265,0.367164179104478,0,0.442446043165468,0.367164179104478,0.401305057096248,"rf_probs",0,223,482,305,0.220792079207921,0.316312056737589,0,0.422348484848485,0.316312056737589,0.361719383617194
2000,1000,80,0.3,0.05,"a",FALSE,0.5,0,235,"76, 40, 74, 61","rf_class",441,998,42,19,0.959333333333333,0.959615384615385,0.958695652173913,0.981317600786627,0.959615384615385,0.970345162858532,"rf_class",147,313,22,8,0.938775510204082,0.934328358208955,0.948387096774194,0.975077881619938,0.934328358208955,0.954268292682927,"rf_class",294,685,20,11,0.969306930693069,0.971631205673759,0.963934426229508,0.984195402298851,0.971631205673759,0.977872947894361
2000,1000,80,0.3,0.05,"a",FALSE,0.5,0,236,"46, 12, 1, 26","IRT",443,1011,37,9,0.969333333333333,0.96469465648855,0.980088495575221,0.991176470588235,0.96469465648855,0.977756286266925,"IRT",145,339,11,3,0.971887550200803,0.968571428571429,0.97972972972973,0.991228070175439,0.968571428571429,0.979768786127168,"IRT",298,672,26,6,0.968063872255489,0.962750716332378,0.980263157894737,0.991150442477876,0.962750716332378,0.976744186046512
2000,1000,80,0.3,0.05,"a",FALSE,0.5,0,236,"46, 12, 1, 26","rf_probs",0,354,694,452,0.236,0.337786259541985,0,0.439205955334988,0.337786259541985,0.381877022653722,"rf_probs",0,126,224,148,0.253012048192771,0.36,0,0.45985401459854,0.36,0.403846153846154,"rf_probs",0,228,470,304,0.227544910179641,0.326647564469914,0,0.428571428571429,0.326647564469914,0.370731707317073
2000,1000,80,0.3,0.05,"a",FALSE,0.5,0,236,"46, 12, 1, 26","rf_class",430,1019,29,22,0.966,0.972328244274809,0.951327433628319,0.978866474543708,0.972328244274809,0.975586404978459,"rf_class",140,341,9,8,0.965863453815261,0.974285714285714,0.945945945945946,0.977077363896848,0.974285714285714,0.975679542203147,"rf_class",290,678,20,14,0.966067864271457,0.97134670487106,0.953947368421053,0.979768786127168,0.97134670487106,0.975539568345324
2000,1000,80,0.3,0.05,"a",FALSE,0.5,0,237,"15, 59, 62, 34","IRT",429,1020,32,19,0.966,0.96958174904943,0.957589285714286,0.981713185755534,0.96958174904943,0.975609756097561,"IRT",140,322,13,6,0.960498960498961,0.961194029850746,0.958904109589041,0.981707317073171,0.961194029850746,0.971342383107089,"IRT",289,698,19,13,0.968596663395486,0.97350069735007,0.956953642384106,0.981715893108298,0.97350069735007,0.977591036414566
2000,1000,80,0.3,0.05,"a",FALSE,0.5,0,237,"15, 59, 62, 34","rf_probs",0,375,677,448,0.25,0.356463878326996,0,0.455650060753341,0.356463878326996,0.4,"rf_probs",0,129,206,146,0.268191268191268,0.385074626865672,0,0.469090909090909,0.385074626865672,0.422950819672131,"rf_probs",0,246,471,302,0.241413150147203,0.343096234309623,0,0.448905109489051,0.343096234309623,0.388932806324111
2000,1000,80,0.3,0.05,"a",FALSE,0.5,0,237,"15, 59, 62, 34","rf_class",424,1008,44,24,0.954666666666667,0.958174904942966,0.946428571428571,0.976744186046512,0.958174904942966,0.967370441458733,"rf_class",141,316,19,5,0.95010395010395,0.943283582089552,0.965753424657534,0.984423676012461,0.943283582089552,0.963414634146341,"rf_class",283,692,25,19,0.956820412168793,0.96513249651325,0.937086092715232,0.973277074542897,0.96513249651325,0.969187675070028
2000,1000,80,0.3,0.05,"a",FALSE,0.5,0,238,"3, 23, 73, 30","IRT",437,1022,24,17,0.972666666666667,0.977055449330784,0.962555066079295,0.983638113570741,0.977055449330784,0.980335731414868,"IRT",149,332,12,9,0.958167330677291,0.965116279069767,0.943037974683544,0.973607038123167,0.965116279069767,0.969343065693431,"IRT",288,690,12,8,0.979959919839679,0.982905982905983,0.972972972972973,0.988538681948424,0.982905982905983,0.985714285714286
2000,1000,80,0.3,0.05,"a",FALSE,0.5,0,238,"3, 23, 73, 30","rf_probs",0,327,719,454,0.218,0.312619502868069,0,0.418693982074264,0.312619502868069,0.357963875205254,"rf_probs",0,111,233,158,0.221115537848606,0.322674418604651,0,0.412639405204461,0.322674418604651,0.362153344208809,"rf_probs",0,216,486,296,0.216432865731463,0.307692307692308,0,0.421875,0.307692307692308,0.355848434925865
2000,1000,80,0.3,0.05,"a",FALSE,0.5,0,238,"3, 23, 73, 30","rf_class",435,1018,28,19,0.968666666666667,0.973231357552581,0.958149779735683,0.981677917068467,0.973231357552581,0.977436389822372,"rf_class",151,329,15,7,0.956175298804781,0.956395348837209,0.955696202531646,0.979166666666667,0.956395348837209,0.967647058823529,"rf_class",284,689,13,12,0.974949899799599,0.981481481481482,0.959459459459459,0.982881597717546,0.981481481481482,0.982181040627227
2000,1000,80,0.3,0.05,"a",FALSE,0.5,0,239,"44, 52, 56, 28","IRT",433,1012,35,20,0.963333333333333,0.966571155682904,0.955849889624724,0.98062015503876,0.966571155682904,0.973544973544974,"IRT",126,349,12,6,0.963488843813387,0.966759002770083,0.954545454545455,0.983098591549296,0.966759002770083,0.974860335195531,"IRT",307,663,23,14,0.963257199602781,0.966472303206997,0.956386292834891,0.979320531757755,0.966472303206997,0.972853998532648
2000,1000,80,0.3,0.05,"a",FALSE,0.5,0,239,"44, 52, 56, 28","rf_probs",0,345,702,453,0.23,0.329512893982808,0,0.432330827067669,0.329512893982808,0.373983739837398,"rf_probs",0,106,255,132,0.21501014198783,0.293628808864266,0,0.445378151260504,0.293628808864266,0.353923205342237,"rf_probs",0,239,447,321,0.23733862959285,0.348396501457726,0,0.426785714285714,0.348396501457726,0.383627608346709
2000,1000,80,0.3,0.05,"a",FALSE,0.5,0,239,"44, 52, 56, 28","rf_class",424,1007,40,29,0.954,0.961795606494747,0.93598233995585,0.972007722007722,0.961795606494747,0.966874699951992,"rf_class",124,343,18,8,0.947261663286004,0.950138504155125,0.939393939393939,0.977207977207977,0.950138504155125,0.963483146067416,"rf_class",300,664,22,21,0.957298907646475,0.967930029154519,0.934579439252336,0.969343065693431,0.967930029154519,0.968636032093362
2000,1000,80,0.3,0.05,"a",FALSE,0.5,0,240,"78, 24, 59, 19","IRT",419,1033,24,24,0.968,0.977294228949858,0.945823927765237,0.977294228949858,0.977294228949858,0.977294228949858,"IRT",151,341,7,7,0.972332015810277,0.979885057471264,0.955696202531646,0.979885057471264,0.979885057471264,0.979885057471264,"IRT",268,692,17,17,0.96579476861167,0.976022566995769,0.940350877192982,0.976022566995769,0.976022566995769,0.976022566995769
2000,1000,80,0.3,0.05,"a",FALSE,0.5,0,240,"78, 24, 59, 19","rf_probs",0,382,675,443,0.254666666666667,0.361400189214759,0,0.463030303030303,0.361400189214759,0.405951115834219,"rf_probs",0,112,236,158,0.221343873517787,0.32183908045977,0,0.414814814814815,0.32183908045977,0.362459546925566,"rf_probs",0,270,439,285,0.271629778672032,0.380818053596615,0,0.486486486486487,0.380818053596615,0.427215189873418
2000,1000,80,0.3,0.05,"a",FALSE,0.5,0,240,"78, 24, 59, 19","rf_class",416,1017,40,27,0.955333333333333,0.962157048249763,0.939051918735892,0.974137931034483,0.962157048249763,0.968110423607806,"rf_class",151,333,15,7,0.956521739130435,0.956896551724138,0.955696202531646,0.979411764705882,0.956896551724138,0.968023255813953,"rf_class",265,684,25,20,0.954728370221328,0.964739069111425,0.929824561403509,0.971590909090909,0.964739069111425,0.968152866242038
2000,1000,80,0.3,0.05,"a",FALSE,0.5,0,241,"34, 36, 3, 30","IRT",449,992,53,6,0.960666666666667,0.949282296650718,0.986813186813187,0.993987975951904,0.949282296650718,0.971120900636319,"IRT",157,332,22,1,0.955078125,0.937853107344633,0.993670886075949,0.996996996996997,0.937853107344633,0.966521106259098,"IRT",292,660,31,5,0.963562753036437,0.955137481910275,0.983164983164983,0.992481203007519,0.955137481910275,0.973451327433628
2000,1000,80,0.3,0.05,"a",FALSE,0.5,0,241,"34, 36, 3, 30","rf_probs",0,424,621,455,0.282666666666667,0.405741626794258,0,0.482366325369738,0.405741626794258,0.440748440748441,"rf_probs",0,156,198,158,0.3046875,0.440677966101695,0,0.496815286624204,0.440677966101695,0.467065868263473,"rf_probs",0,268,423,297,0.271255060728745,0.387843704775687,0,0.474336283185841,0.387843704775687,0.426751592356688
2000,1000,80,0.3,0.05,"a",FALSE,0.5,0,241,"34, 36, 3, 30","rf_class",429,1014,31,26,0.962,0.970334928229665,0.942857142857143,0.975,0.970334928229665,0.972661870503597,"rf_class",151,347,7,7,0.97265625,0.980225988700565,0.955696202531646,0.980225988700565,0.980225988700565,0.980225988700565,"rf_class",278,667,24,19,0.956477732793522,0.965267727930536,0.936026936026936,0.972303206997085,0.965267727930536,0.96877269426289
2000,1000,80,0.3,0.05,"a",FALSE,0.5,0,242,"16, 49, 6, 46","IRT",457,982,49,12,0.959333333333333,0.952473326867119,0.974413646055437,0.987927565392354,0.952473326867119,0.969876543209877,"IRT",138,315,21,8,0.939834024896266,0.9375,0.945205479452055,0.975232198142415,0.9375,0.955993930197269,"IRT",319,667,28,4,0.968565815324165,0.959712230215827,0.987616099071207,0.994038748137109,0.959712230215827,0.976573938506588
2000,1000,80,0.3,0.05,"a",FALSE,0.5,0,242,"16, 49, 6, 46","rf_probs",0,372,659,469,0.248,0.360814742967992,0,0.442330558858502,0.360814742967992,0.397435897435897,"rf_probs",0,129,207,146,0.267634854771784,0.383928571428571,0,0.469090909090909,0.383928571428571,0.422258592471358,"rf_probs",0,243,452,323,0.238703339882122,0.349640287769784,0,0.429328621908127,0.349640287769784,0.385408406026963
2000,1000,80,0.3,0.05,"a",FALSE,0.5,0,242,"16, 49, 6, 46","rf_class",445,995,36,24,0.96,0.965082444228904,0.948827292110874,0.976447497546614,0.965082444228904,0.970731707317073,"rf_class",135,320,16,11,0.943983402489627,0.952380952380952,0.924657534246575,0.966767371601209,0.952380952380952,0.95952023988006,"rf_class",310,675,20,13,0.967583497053045,0.971223021582734,0.959752321981424,0.981104651162791,0.971223021582734,0.976138828633406
2000,1000,80,0.3,0.05,"a",FALSE,0.5,0,243,"15, 57, 38, 46","IRT",440,1011,38,11,0.967333333333333,0.963775023832221,0.975609756097561,0.989236790606654,0.963775023832221,0.976339932399807,"IRT",164,343,13,4,0.967557251908397,0.963483146067416,0.976190476190476,0.988472622478386,0.963483146067416,0.975817923186344,"IRT",276,668,25,7,0.967213114754098,0.963924963924964,0.975265017667845,0.98962962962963,0.963924963924964,0.976608187134503
2000,1000,80,0.3,0.05,"a",FALSE,0.5,0,243,"15, 57, 38, 46","rf_probs",0,331,718,451,0.220666666666667,0.315538608198284,0,0.423273657289003,0.315538608198284,0.361551064991808,"rf_probs",0,111,245,168,0.211832061068702,0.311797752808989,0,0.397849462365591,0.311797752808989,0.349606299212598,"rf_probs",0,220,473,283,0.225409836065574,0.317460317460317,0,0.437375745526839,0.317460317460317,0.367892976588629
2000,1000,80,0.3,0.05,"a",FALSE,0.5,0,243,"15, 57, 38, 46","rf_class",437,1007,42,14,0.962666666666667,0.959961868446139,0.968957871396896,0.986287952987267,0.959961868446139,0.972946859903382,"rf_class",164,339,17,4,0.959923664122137,0.952247191011236,0.976190476190476,0.988338192419825,0.952247191011236,0.969957081545064,"rf_class",273,668,25,10,0.964139344262295,0.963924963924964,0.964664310954064,0.985250737463127,0.963924963924964,0.974471188913202
2000,1000,80,0.3,0.05,"a",FALSE,0.5,0,244,"16, 46, 53, 66","IRT",419,1038,21,22,0.971333333333333,0.980169971671388,0.950113378684807,0.979245283018868,0.980169971671388,0.979707409155262,"IRT",127,364,8,10,0.964636542239686,0.978494623655914,0.927007299270073,0.973262032085562,0.978494623655914,0.975871313672922,"IRT",292,674,13,12,0.974772956609485,0.981077147016012,0.960526315789474,0.982507288629738,0.981077147016012,0.981791697013838
2000,1000,80,0.3,0.05,"a",FALSE,0.5,0,244,"16, 46, 53, 66","rf_probs",0,356,703,441,0.237333333333333,0.336166194523135,0,0.446675031367629,0.336166194523135,0.383620689655172,"rf_probs",0,120,252,137,0.235756385068762,0.32258064516129,0,0.466926070038911,0.32258064516129,0.381558028616852,"rf_probs",0,236,451,304,0.238143289606458,0.343522561863173,0,0.437037037037037,0.343522561863173,0.384678076609617
2000,1000,80,0.3,0.05,"a",FALSE,0.5,0,244,"16, 46, 53, 66","rf_class",411,1032,27,30,0.962,0.974504249291785,0.931972789115646,0.971751412429379,0.974504249291785,0.973125884016973,"rf_class",125,362,10,12,0.956777996070727,0.973118279569892,0.912408759124088,0.967914438502674,0.973118279569892,0.970509383378016,"rf_class",286,670,17,18,0.96468213925328,0.975254730713246,0.940789473684211,0.973837209302326,0.975254730713246,0.974545454545454
2000,1000,80,0.3,0.05,"a",FALSE,0.5,0,245,"73, 43, 18, 25","IRT",433,1001,58,8,0.956,0.9452313503305,0.981859410430839,0.99207135777998,0.9452313503305,0.968085106382979,"IRT",149,337,19,1,0.960474308300395,0.946629213483146,0.993333333333333,0.997041420118343,0.946629213483146,0.971181556195965,"IRT",284,664,39,7,0.953722334004024,0.94452347083926,0.975945017182131,0.98956780923994,0.94452347083926,0.966521106259097
2000,1000,80,0.3,0.05,"a",FALSE,0.5,0,245,"73, 43, 18, 25","rf_probs",0,399,660,441,0.266,0.376770538243626,0,0.475,0.376770538243626,0.420221169036335,"rf_probs",0,125,231,150,0.24703557312253,0.351123595505618,0,0.454545454545455,0.351123595505618,0.396196513470681,"rf_probs",0,274,429,291,0.275653923541247,0.389758179231863,0,0.484955752212389,0.389758179231863,0.43217665615142
2000,1000,80,0.3,0.05,"a",FALSE,0.5,0,245,"73, 43, 18, 25","rf_class",427,1011,48,14,0.958666666666667,0.954674220963173,0.968253968253968,0.986341463414634,0.954674220963173,0.970249520153551,"rf_class",146,338,18,4,0.956521739130435,0.949438202247191,0.973333333333333,0.988304093567251,0.949438202247191,0.968481375358166,"rf_class",281,673,30,10,0.959758551307847,0.957325746799431,0.965635738831615,0.985358711566618,0.957325746799431,0.971139971139971
2000,1000,80,0.3,0.05,"a",FALSE,0.5,0,246,"36, 69, 71, 48","IRT",436,1007,42,15,0.962,0.959961868446139,0.966740576496674,0.9853228962818,0.959961868446139,0.972477064220183,"IRT",136,350,15,3,0.964285714285714,0.958904109589041,0.97841726618705,0.991501416430595,0.958904109589041,0.974930362116992,"IRT",300,657,27,12,0.960843373493976,0.960526315789474,0.961538461538462,0.982062780269058,0.960526315789474,0.971175166297117
2000,1000,80,0.3,0.05,"a",FALSE,0.5,0,246,"36, 69, 71, 48","rf_probs",0,346,703,451,0.230666666666667,0.329837940896092,0,0.434127979924718,0.329837940896092,0.374864572047671,"rf_probs",0,126,239,139,0.25,0.345205479452055,0,0.475471698113208,0.345205479452055,0.4,"rf_probs",0,220,464,312,0.220883534136546,0.321637426900585,0,0.413533834586466,0.321637426900585,0.361842105263158
2000,1000,80,0.3,0.05,"a",FALSE,0.5,0,246,"36, 69, 71, 48","rf_class",430,1007,42,21,0.958,0.959961868446139,0.953436807095344,0.979571984435798,0.959961868446139,0.969667790081849,"rf_class",133,353,12,6,0.964285714285714,0.967123287671233,0.956834532374101,0.983286908077994,0.967123287671233,0.975138121546961,"rf_class",297,654,30,15,0.954819277108434,0.956140350877193,0.951923076923077,0.977578475336323,0.956140350877193,0.966740576496674
2000,1000,80,0.3,0.05,"a",FALSE,0.5,0,247,"28, 40, 15, 77","IRT",450,991,49,10,0.960666666666667,0.952884615384615,0.978260869565217,0.99000999000999,0.952884615384615,0.97109260166585,"IRT",148,332,19,4,0.95427435387674,0.945868945868946,0.973684210526316,0.988095238095238,0.945868945868946,0.966521106259098,"IRT",302,659,30,6,0.963891675025075,0.956458635703919,0.980519480519481,0.990977443609023,0.956458635703919,0.97341211225997
2000,1000,80,0.3,0.05,"a",FALSE,0.5,0,247,"28, 40, 15, 77","rf_probs",0,357,683,460,0.238,0.343269230769231,0,0.436964504283966,0.343269230769231,0.384491114701131,"rf_probs",0,122,229,152,0.242544731610338,0.347578347578348,0,0.445255474452555,0.347578347578348,0.3904,"rf_probs",0,235,454,308,0.235707121364092,0.341074020319303,0,0.432780847145488,0.341074020319303,0.381493506493506
2000,1000,80,0.3,0.05,"a",FALSE,0.5,0,247,"28, 40, 15, 77","rf_class",437,996,44,23,0.955333333333333,0.957692307692308,0.95,0.977428851815505,0.957692307692308,0.967459932005828,"rf_class",142,333,18,10,0.944333996023857,0.948717948717949,0.934210526315789,0.970845481049563,0.948717948717949,0.959654178674352,"rf_class",295,663,26,13,0.960882647943831,0.962264150943396,0.957792207792208,0.980769230769231,0.962264150943396,0.971428571428571
2000,1000,80,0.3,0.05,"a",FALSE,0.5,0,248,"63, 1, 14, 3","IRT",411,1027,50,12,0.958666666666667,0.953574744661096,0.971631205673759,0.988450433108758,0.953574744661096,0.970699432892249,"IRT",147,338,19,5,0.952848722986248,0.946778711484594,0.967105263157895,0.985422740524781,0.946778711484594,0.965714285714286,"IRT",264,689,31,7,0.961654894046418,0.956944444444444,0.974169741697417,0.989942528735632,0.956944444444444,0.97316384180791
2000,1000,80,0.3,0.05,"a",FALSE,0.5,0,248,"63, 1, 14, 3","rf_probs",0,353,724,423,0.235333333333333,0.327762302692665,0,0.454896907216495,0.327762302692665,0.381003777657852,"rf_probs",0,121,236,152,0.237721021611002,0.338935574229692,0,0.443223443223443,0.338935574229692,0.384126984126984,"rf_probs",0,232,488,271,0.234106962663976,0.322222222222222,0,0.461232604373757,0.322222222222222,0.379394930498774
2000,1000,80,0.3,0.05,"a",FALSE,0.5,0,248,"63, 1, 14, 3","rf_class",399,1039,38,24,0.958666666666667,0.964716805942433,0.943262411347518,0.977422389463782,0.964716805942433,0.971028037383178,"rf_class",144,344,13,8,0.958742632612967,0.963585434173669,0.947368421052632,0.977272727272727,0.963585434173669,0.970380818053597,"rf_class",255,695,25,16,0.958627648839556,0.965277777777778,0.940959409594096,0.977496483825598,0.965277777777778,0.971348707197764
2000,1000,80,0.3,0.05,"a",FALSE,0.5,0,249,"74, 67, 47, 39","IRT",452,998,39,11,0.966666666666667,0.962391513982642,0.976241900647948,0.989098116947473,0.962391513982642,0.975562072336266,"IRT",146,333,11,1,0.975560081466395,0.968023255813954,0.993197278911565,0.997005988023952,0.968023255813954,0.982300884955752,"IRT",306,665,28,10,0.962338949454906,0.95959595959596,0.968354430379747,0.985185185185185,0.95959595959596,0.972222222222222
2000,1000,80,0.3,0.05,"a",FALSE,0.5,0,249,"74, 67, 47, 39","rf_probs",0,362,675,463,0.241333333333333,0.349083895853423,0,0.438787878787879,0.349083895853423,0.388829215896885,"rf_probs",0,123,221,147,0.25050916496945,0.357558139534884,0,0.455555555555556,0.357558139534884,0.400651465798046,"rf_probs",0,239,454,316,0.236868186323092,0.344877344877345,0,0.430630630630631,0.344877344877345,0.383012820512821
2000,1000,80,0.3,0.05,"a",FALSE,0.5,0,249,"74, 67, 47, 39","rf_class",442,1001,36,21,0.962,0.965284474445516,0.954643628509719,0.979452054794521,0.965284474445516,0.972316658572122,"rf_class",142,333,11,5,0.967413441955194,0.968023255813954,0.965986394557823,0.985207100591716,0.968023255813954,0.976539589442815,"rf_class",300,668,25,16,0.959365708622398,0.963924963924964,0.949367088607595,0.976608187134503,0.963924963924964,0.970225127087872
2000,1000,80,0.3,0.05,"a",FALSE,0.5,0,250,"5, 45, 27, 63","IRT",461,982,50,7,0.962,0.951550387596899,0.985042735042735,0.992922143579373,0.951550387596899,0.971796140524493,"IRT",147,311,22,3,0.94824016563147,0.933933933933934,0.98,0.990445859872611,0.933933933933934,0.961360123647604,"IRT",314,671,28,4,0.968534906588004,0.959942775393419,0.987421383647799,0.994074074074074,0.959942775393419,0.976710334788937
2000,1000,80,0.3,0.05,"a",FALSE,0.5,0,250,"5, 45, 27, 63","rf_probs",0,347,685,468,0.231333333333333,0.336240310077519,0,0.425766871165644,0.336240310077519,0.375744450460206,"rf_probs",0,119,214,150,0.246376811594203,0.357357357357357,0,0.442379182156134,0.357357357357357,0.395348837209302,"rf_probs",0,228,471,318,0.224188790560472,0.32618025751073,0,0.417582417582418,0.32618025751073,0.366265060240964
2000,1000,80,0.3,0.05,"a",FALSE,0.5,0,250,"5, 45, 27, 63","rf_class",444,1006,26,24,0.966666666666667,0.974806201550388,0.948717948717949,0.976699029126214,0.974806201550388,0.975751697381183,"rf_class",142,321,12,8,0.958592132505176,0.963963963963964,0.946666666666667,0.975683890577508,0.963963963963964,0.969788519637462,"rf_class",302,685,14,16,0.970501474926254,0.97997138769671,0.949685534591195,0.977175463623395,0.97997138769671,0.978571428571429
2000,1000,80,0.3,0.05,"a",FALSE,0.5,0,251,"36, 17, 62, 42","IRT",433,1020,34,13,0.968666666666667,0.967741935483871,0.97085201793722,0.987415295256534,0.967741935483871,0.97747963584092,"IRT",149,348,10,4,0.972602739726027,0.972067039106145,0.973856209150327,0.988636363636364,0.972067039106145,0.980281690140845,"IRT",284,672,24,9,0.966632962588473,0.96551724137931,0.969283276450512,0.986784140969163,0.96551724137931,0.9760348583878
2000,1000,80,0.3,0.05,"a",FALSE,0.5,0,251,"36, 17, 62, 42","rf_probs",0,388,666,446,0.258666666666667,0.368121442125237,0,0.465227817745803,0.368121442125237,0.411016949152542,"rf_probs",0,126,232,153,0.246575342465753,0.35195530726257,0,0.451612903225806,0.35195530726257,0.395604395604396,"rf_probs",0,262,434,293,0.264914054600607,0.376436781609195,0,0.472072072072072,0.376436781609195,0.418864908073541
2000,1000,80,0.3,0.05,"a",FALSE,0.5,0,251,"36, 17, 62, 42","rf_class",419,1021,33,27,0.96,0.968690702087287,0.939461883408072,0.974236641221374,0.968690702087287,0.971455756422455,"rf_class",144,347,11,9,0.960861056751468,0.96927374301676,0.941176470588235,0.974719101123595,0.96927374301676,0.971988795518207,"rf_class",275,674,22,18,0.959555106167846,0.968390804597701,0.938566552901024,0.973988439306358,0.968390804597701,0.971181556195965
2000,1000,80,0.3,0.05,"a",FALSE,0.5,0,252,"70, 11, 12, 24","IRT",439,990,59,12,0.952666666666667,0.943755958055291,0.973392461197339,0.988023952095808,0.943755958055291,0.965382740126768,"IRT",135,318,15,5,0.957716701902748,0.954954954954955,0.964285714285714,0.984520123839009,0.954954954954955,0.969512195121951,"IRT",304,672,44,7,0.950340798442064,0.93854748603352,0.977491961414791,0.989690721649485,0.93854748603352,0.963440860215054
2000,1000,80,0.3,0.05,"a",FALSE,0.5,0,252,"70, 11, 12, 24","rf_probs",0,382,667,451,0.254666666666667,0.364156339370829,0,0.458583433373349,0.364156339370829,0.405951115834219,"rf_probs",0,113,220,140,0.238900634249471,0.339339339339339,0,0.446640316205534,0.339339339339339,0.385665529010239,"rf_probs",0,269,447,311,0.261927945472249,0.375698324022346,0,0.463793103448276,0.375698324022346,0.415123456790123
2000,1000,80,0.3,0.05,"a",FALSE,0.5,0,252,"70, 11, 12, 24","rf_class",433,992,57,18,0.95,0.945662535748332,0.960088691796009,0.982178217821782,0.945662535748332,0.963574550752793,"rf_class",134,320,13,6,0.959830866807611,0.960960960960961,0.957142857142857,0.98159509202454,0.960960960960961,0.971168437025797,"rf_class",299,672,44,12,0.945472249269718,0.93854748603352,0.961414790996785,0.982456140350877,0.93854748603352,0.96
2000,1000,80,0.3,0.05,"a",FALSE,0.5,0,253,"68, 44, 43, 47","IRT",443,989,61,7,0.954666666666667,0.941904761904762,0.984444444444444,0.992971887550201,0.941904761904762,0.966764418377322,"IRT",145,335,15,4,0.961923847695391,0.957142857142857,0.973154362416107,0.988200589970501,0.957142857142857,0.972423802612482,"IRT",298,654,46,3,0.951048951048951,0.934285714285714,0.990033222591362,0.995433789954338,0.934285714285714,0.963890935887988
2000,1000,80,0.3,0.05,"a",FALSE,0.5,0,253,"68, 44, 43, 47","rf_probs",0,336,714,450,0.224,0.32,0,0.427480916030534,0.32,0.366013071895425,"rf_probs",0,118,232,149,0.236472945891784,0.337142857142857,0,0.441947565543071,0.337142857142857,0.382495948136143,"rf_probs",0,218,482,301,0.217782217782218,0.311428571428571,0,0.420038535645472,0.311428571428571,0.357670221493027
2000,1000,80,0.3,0.05,"a",FALSE,0.5,0,253,"68, 44, 43, 47","rf_class",423,1012,38,27,0.956666666666667,0.963809523809524,0.94,0.974013474494706,0.963809523809524,0.968884633796075,"rf_class",142,340,10,7,0.965931863727455,0.971428571428571,0.953020134228188,0.979827089337176,0.971428571428571,0.975609756097561,"rf_class",281,672,28,20,0.952047952047952,0.96,0.933554817275748,0.971098265895954,0.96,0.96551724137931
2000,1000,80,0.3,0.05,"a",FALSE,0.5,0,254,"4, 44, 62, 61","IRT",453,979,38,30,0.954666666666667,0.962635201573255,0.937888198757764,0.970267591674926,0.962635201573255,0.966436327739388,"IRT",145,346,11,10,0.958984375,0.969187675070028,0.935483870967742,0.971910112359551,0.969187675070028,0.97054698457223,"IRT",308,633,27,20,0.952429149797571,0.959090909090909,0.939024390243902,0.96937212863706,0.959090909090909,0.964204112718964
2000,1000,80,0.3,0.05,"a",FALSE,0.5,0,254,"4, 44, 62, 61","rf_probs",0,324,693,483,0.216,0.31858407079646,0,0.401486988847584,0.31858407079646,0.355263157894737,"rf_probs",0,113,244,155,0.220703125,0.316526610644258,0,0.421641791044776,0.316526610644258,0.3616,"rf_probs",0,211,449,328,0.213562753036437,0.31969696969697,0,0.391465677179963,0.31969696969697,0.351959966638866
2000,1000,80,0.3,0.05,"a",FALSE,0.5,0,254,"4, 44, 62, 61","rf_class",447,985,32,36,0.954666666666667,0.968534906588004,0.925465838509317,0.964740450538688,0.968534906588004,0.966633954857704,"rf_class",143,346,11,12,0.955078125,0.969187675070028,0.92258064516129,0.966480446927374,0.969187675070028,0.967832167832168,"rf_class",304,639,21,24,0.954453441295547,0.968181818181818,0.926829268292683,0.963800904977376,0.968181818181818,0.965986394557823
2000,1000,80,0.3,0.05,"a",FALSE,0.5,0,255,"12, 70, 16, 46","IRT",436,996,66,2,0.954666666666667,0.937853107344633,0.995433789954338,0.997995991983968,0.937853107344633,0.966990291262136,"IRT",142,349,24,1,0.951550387596899,0.935656836461126,0.993006993006993,0.997142857142857,0.935656836461126,0.965421853388658,"IRT",294,647,42,1,0.95630081300813,0.939042089985486,0.996610169491525,0.998456790123457,0.939042089985486,0.967838444278235
2000,1000,80,0.3,0.05,"a",FALSE,0.5,0,255,"12, 70, 16, 46","rf_probs",0,362,700,438,0.241333333333333,0.340866290018832,0,0.4525,0.340866290018832,0.388829215896885,"rf_probs",0,127,246,143,0.246124031007752,0.340482573726542,0,0.47037037037037,0.340482573726542,0.3950233281493,"rf_probs",0,235,454,295,0.238821138211382,0.341074020319303,0,0.443396226415094,0.341074020319303,0.385561936013125
2000,1000,80,0.3,0.05,"a",FALSE,0.5,0,255,"12, 70, 16, 46","rf_class",417,1024,38,21,0.960666666666667,0.964218455743879,0.952054794520548,0.979904306220096,0.964218455743879,0.971998101566208,"rf_class",136,359,14,7,0.959302325581395,0.962466487935657,0.951048951048951,0.980874316939891,0.962466487935657,0.971583220568336,"rf_class",281,665,24,14,0.961382113821138,0.965166908563135,0.952542372881356,0.979381443298969,0.965166908563135,0.972222222222222
2000,1000,80,0.3,0.05,"a",FALSE,0.5,0,256,"35, 53, 13, 42","IRT",425,1012,53,10,0.958,0.950234741784038,0.977011494252874,0.990215264187867,0.950234741784038,0.969813128893148,"IRT",142,322,15,1,0.966666666666667,0.955489614243323,0.993006993006993,0.996904024767802,0.955489614243323,0.975757575757576,"IRT",283,690,38,9,0.953921568627451,0.947802197802198,0.969178082191781,0.987124463519313,0.947802197802198,0.967063770147162
2000,1000,80,0.3,0.05,"a",FALSE,0.5,0,256,"35, 53, 13, 42","rf_probs",0,363,702,435,0.242,0.340845070422535,0,0.454887218045113,0.340845070422535,0.389694041867955,"rf_probs",0,107,230,143,0.222916666666667,0.317507418397626,0,0.428,0.317507418397626,0.364565587734242,"rf_probs",0,256,472,292,0.250980392156863,0.351648351648352,0,0.467153284671533,0.351648351648352,0.401253918495298
2000,1000,80,0.3,0.05,"a",FALSE,0.5,0,256,"35, 53, 13, 42","rf_class",407,1018,47,28,0.95,0.955868544600939,0.935632183908046,0.973231357552581,0.955868544600939,0.964471814306016,"rf_class",137,324,13,6,0.960416666666667,0.961424332344214,0.958041958041958,0.981818181818182,0.961424332344214,0.971514242878561,"rf_class",270,694,34,22,0.945098039215686,0.953296703296703,0.924657534246575,0.96927374301676,0.953296703296703,0.961218836565097
2000,1000,80,0.3,0.05,"a",FALSE,0.5,0,257,"38, 46, 50, 39","IRT",432,1013,47,8,0.963333333333333,0.955660377358491,0.981818181818182,0.992164544564153,0.955660377358491,0.973570398846708,"IRT",124,362,18,4,0.956692913385827,0.952631578947368,0.96875,0.989071038251366,0.952631578947368,0.970509383378016,"IRT",308,651,29,4,0.966733870967742,0.957352941176471,0.987179487179487,0.993893129770992,0.957352941176471,0.975280898876405
2000,1000,80,0.3,0.05,"a",FALSE,0.5,0,257,"38, 46, 50, 39","rf_probs",0,409,651,440,0.272666666666667,0.385849056603774,0,0.481743227326266,0.385849056603774,0.428496595075956,"rf_probs",0,136,244,128,0.267716535433071,0.357894736842105,0,0.515151515151515,0.357894736842105,0.422360248447205,"rf_probs",0,273,407,312,0.275201612903226,0.401470588235294,0,0.466666666666667,0.401470588235294,0.431620553359684
2000,1000,80,0.3,0.05,"a",FALSE,0.5,0,257,"38, 46, 50, 39","rf_class",420,1019,41,20,0.959333333333333,0.961320754716981,0.954545454545455,0.980750721847931,0.961320754716981,0.970938542162935,"rf_class",122,364,16,6,0.956692913385827,0.957894736842105,0.953125,0.983783783783784,0.957894736842105,0.970666666666667,"rf_class",298,655,25,14,0.960685483870968,0.963235294117647,0.955128205128205,0.979073243647235,0.963235294117647,0.971089696071164
2000,1000,80,0.3,0.05,"a",FALSE,0.5,0,258,"33, 62, 21, 22","IRT",433,998,61,8,0.954,0.942398489140699,0.981859410430839,0.992047713717694,0.942398489140699,0.966585956416465,"IRT",152,331,18,3,0.958333333333333,0.948424068767908,0.980645161290323,0.991017964071856,0.948424068767908,0.969253294289898,"IRT",281,667,43,5,0.951807228915663,0.93943661971831,0.982517482517482,0.992559523809524,0.93943661971831,0.965267727930536
2000,1000,80,0.3,0.05,"a",FALSE,0.5,0,258,"33, 62, 21, 22","rf_probs",0,411,648,441,0.274,0.388101983002833,0,0.482394366197183,0.388101983002833,0.430141287284144,"rf_probs",0,121,228,155,0.240079365079365,0.346704871060172,0,0.438405797101449,0.346704871060172,0.3872,"rf_probs",0,290,420,286,0.291164658634538,0.408450704225352,0,0.503472222222222,0.408450704225352,0.451010886469673
2000,1000,80,0.3,0.05,"a",FALSE,0.5,0,258,"33, 62, 21, 22","rf_class",416,1008,51,25,0.949333333333333,0.951841359773371,0.943310657596372,0.975798644724105,0.951841359773371,0.963671128107075,"rf_class",148,334,15,7,0.956349206349206,0.95702005730659,0.954838709677419,0.979472140762463,0.95702005730659,0.968115942028986,"rf_class",268,674,36,18,0.94578313253012,0.949295774647887,0.937062937062937,0.973988439306358,0.949295774647887,0.961483594864479
2000,1000,80,0.3,0.05,"a",FALSE,0.5,0,259,"63, 8, 56, 9","IRT",428,1018,35,19,0.964,0.9667616334283,0.957494407158837,0.981677917068467,0.9667616334283,0.974162679425837,"IRT",138,341,11,7,0.963782696177062,0.96875,0.951724137931034,0.979885057471264,0.96875,0.974285714285714,"IRT",290,677,24,12,0.964107676969093,0.965763195435093,0.960264900662252,0.982583454281567,0.965763195435093,0.97410071942446
2000,1000,80,0.3,0.05,"a",FALSE,0.5,0,259,"63, 8, 56, 9","rf_probs",0,373,680,447,0.248666666666667,0.354226020892688,0,0.454878048780488,0.354226020892688,0.398291510945008,"rf_probs",0,127,225,145,0.255533199195171,0.360795454545455,0,0.466911764705882,0.360795454545455,0.407051282051282,"rf_probs",0,246,455,302,0.245264207377866,0.3509272467903,0,0.448905109489051,0.3509272467903,0.393915132105685
2000,1000,80,0.3,0.05,"a",FALSE,0.5,0,259,"63, 8, 56, 9","rf_class",427,1020,33,20,0.964666666666667,0.968660968660969,0.955257270693512,0.980769230769231,0.968660968660969,0.974677496416627,"rf_class",138,343,9,7,0.967806841046278,0.974431818181818,0.951724137931034,0.98,0.974431818181818,0.977207977207977,"rf_class",289,677,24,13,0.963110667996012,0.965763195435093,0.956953642384106,0.981159420289855,0.965763195435093,0.973400431344356
2000,1000,80,0.3,0.05,"a",FALSE,0.5,0,260,"71, 26, 7, 49","IRT",458,979,58,5,0.958,0.944069431051109,0.989200863930886,0.994918699186992,0.944069431051109,0.968827313211281,"IRT",165,336,14,2,0.969052224371373,0.96,0.988023952095808,0.994082840236686,0.96,0.976744186046512,"IRT",293,643,44,3,0.952187182095626,0.935953420669578,0.989864864864865,0.995356037151703,0.935953420669578,0.964741185296324
2000,1000,80,0.3,0.05,"a",FALSE,0.5,0,260,"71, 26, 7, 49","rf_probs",0,340,697,463,0.226666666666667,0.327868852459016,0,0.423412204234122,0.327868852459016,0.369565217391304,"rf_probs",0,113,237,167,0.218568665377176,0.322857142857143,0,0.403571428571429,0.322857142857143,0.358730158730159,"rf_probs",0,227,460,296,0.230925737538149,0.330422125181951,0,0.434034416826004,0.330422125181951,0.375206611570248
2000,1000,80,0.3,0.05,"a",FALSE,0.5,0,260,"71, 26, 7, 49","rf_class",447,1010,27,16,0.971333333333333,0.973963355834137,0.965442764578834,0.984405458089669,0.973963355834137,0.979156568104702,"rf_class",163,343,7,4,0.978723404255319,0.98,0.976047904191617,0.988472622478386,0.98,0.984218077474892,"rf_class",284,667,20,12,0.967446592065107,0.970887918486172,0.959459459459459,0.982326951399116,0.970887918486172,0.976573938506588
2000,1000,80,0.3,0.05,"a",FALSE,0.5,0,261,"79, 66, 61, 24","IRT",426,1018,44,12,0.962666666666667,0.958568738229755,0.972602739726027,0.988349514563107,0.958568738229755,0.973231357552581,"IRT",138,363,11,4,0.970930232558139,0.970588235294118,0.971830985915493,0.989100817438692,0.970588235294118,0.979757085020243,"IRT",288,655,33,8,0.958333333333333,0.95203488372093,0.972972972972973,0.987933634992459,0.95203488372093,0.969652109548483
2000,1000,80,0.3,0.05,"a",FALSE,0.5,0,261,"79, 66, 61, 24","rf_probs",0,368,694,438,0.245333333333333,0.346516007532957,0,0.456575682382134,0.346516007532957,0.394004282655246,"rf_probs",0,123,251,142,0.238372093023256,0.328877005347594,0,0.464150943396226,0.328877005347594,0.384976525821596,"rf_probs",0,245,443,296,0.248983739837398,0.356104651162791,0,0.452865064695009,0.356104651162791,0.398698128559805
2000,1000,80,0.3,0.05,"a",FALSE,0.5,0,261,"79, 66, 61, 24","rf_class",426,1012,50,12,0.958666666666667,0.952919020715631,0.972602739726027,0.98828125,0.952919020715631,0.970278044103547,"rf_class",137,358,16,5,0.959302325581395,0.957219251336898,0.964788732394366,0.986225895316804,0.957219251336898,0.971506105834464,"rf_class",289,654,34,7,0.958333333333333,0.950581395348837,0.976351351351351,0.989409984871407,0.950581395348837,0.969607116382506
2000,1000,80,0.3,0.05,"a",FALSE,0.5,0,262,"26, 79, 73, 35","IRT",440,1002,40,18,0.961333333333333,0.961612284069098,0.960698689956332,0.982352941176471,0.961612284069098,0.971871968962173,"IRT",138,335,14,7,0.95748987854251,0.959885386819484,0.951724137931034,0.97953216374269,0.959885386819484,0.969609261939218,"IRT",302,667,26,11,0.963220675944334,0.962481962481962,0.964856230031949,0.98377581120944,0.962481962481962,0.973012399708242
2000,1000,80,0.3,0.05,"a",FALSE,0.5,0,262,"26, 79, 73, 35","rf_probs",0,370,672,458,0.246666666666667,0.355086372360845,0,0.446859903381642,0.355086372360845,0.39572192513369,"rf_probs",0,127,222,145,0.257085020242915,0.363896848137536,0,0.466911764705882,0.363896848137536,0.409017713365539,"rf_probs",0,243,450,313,0.24155069582505,0.350649350649351,0,0.43705035971223,0.350649350649351,0.389111289031225
2000,1000,80,0.3,0.05,"a",FALSE,0.5,0,262,"26, 79, 73, 35","rf_class",428,1007,35,30,0.956666666666667,0.966410748560461,0.934497816593886,0.971070395371263,0.966410748560461,0.968734968734969,"rf_class",136,342,7,9,0.967611336032389,0.979942693409742,0.937931034482759,0.974358974358974,0.979942693409742,0.977142857142857,"rf_class",292,665,28,21,0.951292246520875,0.95959595959596,0.932907348242812,0.969387755102041,0.95959595959596,0.964467005076142
2000,1000,80,0.3,0.05,"a",FALSE,0.5,0,263,"63, 8, 57, 79","IRT",442,990,53,15,0.954666666666667,0.949185043144775,0.967177242888403,0.985074626865672,0.949185043144775,0.966796875,"IRT",152,326,16,6,0.956,0.953216374269006,0.962025316455696,0.981927710843373,0.953216374269006,0.967359050445104,"IRT",290,664,37,9,0.954,0.947218259629101,0.969899665551839,0.986627043090639,0.947218259629101,0.966521106259098
2000,1000,80,0.3,0.05,"a",FALSE,0.5,0,263,"63, 8, 57, 79","rf_probs",0,393,650,457,0.262,0.37679769894535,0,0.462352941176471,0.37679769894535,0.415213946117274,"rf_probs",0,127,215,158,0.254,0.371345029239766,0,0.445614035087719,0.371345029239766,0.405103668261563,"rf_probs",0,266,435,299,0.266,0.379457917261056,0,0.470796460176991,0.379457917261056,0.420221169036335
2000,1000,80,0.3,0.05,"a",FALSE,0.5,0,263,"63, 8, 57, 79","rf_class",436,983,60,21,0.946,0.942473633748802,0.954048140043764,0.979083665338645,0.942473633748802,0.960429897410845,"rf_class",150,324,18,8,0.948,0.947368421052632,0.949367088607595,0.975903614457831,0.947368421052632,0.961424332344214,"rf_class",286,659,42,13,0.945,0.940085592011412,0.956521739130435,0.980654761904762,0.940085592011412,0.959941733430444
2000,1000,80,0.3,0.05,"a",FALSE,0.5,0,264,"52, 42, 1, 25","IRT",420,1027,38,15,0.964666666666667,0.964319248826291,0.96551724137931,0.985604606525912,0.964319248826291,0.97484575225439,"IRT",144,347,13,1,0.972277227722772,0.963888888888889,0.993103448275862,0.997126436781609,0.963888888888889,0.980225988700565,"IRT",276,680,25,14,0.960804020100502,0.964539007092199,0.951724137931034,0.979827089337176,0.964539007092199,0.972122944960686
2000,1000,80,0.3,0.05,"a",FALSE,0.5,0,264,"52, 42, 1, 25","rf_probs",0,374,691,435,0.249333333333333,0.351173708920188,0,0.46229913473424,0.351173708920188,0.3991462113127,"rf_probs",0,130,230,145,0.257425742574257,0.361111111111111,0,0.472727272727273,0.361111111111111,0.409448818897638,"rf_probs",0,244,461,290,0.245226130653266,0.346099290780142,0,0.456928838951311,0.346099290780142,0.393866020984665
2000,1000,80,0.3,0.05,"a",FALSE,0.5,0,264,"52, 42, 1, 25","rf_class",419,1018,47,16,0.958,0.955868544600939,0.963218390804598,0.984526112185687,0.955868544600939,0.969985707479752,"rf_class",144,342,18,1,0.962376237623762,0.95,0.993103448275862,0.997084548104956,0.95,0.972972972972973,"rf_class",275,676,29,15,0.955778894472362,0.95886524822695,0.948275862068966,0.978292329956585,0.95886524822695,0.968481375358166
2000,1000,80,0.3,0.05,"a",FALSE,0.5,0,265,"80, 14, 52, 6","IRT",433,1004,56,7,0.958,0.947169811320755,0.984090909090909,0.993076162215628,0.947169811320755,0.969579913085466,"IRT",135,359,23,1,0.953667953667954,0.93979057591623,0.992647058823529,0.997222222222222,0.93979057591623,0.967654986522911,"IRT",298,645,33,6,0.960285132382892,0.951327433628319,0.980263157894737,0.990783410138249,0.951327433628319,0.970654627539503
2000,1000,80,0.3,0.05,"a",FALSE,0.5,0,265,"80, 14, 52, 6","rf_probs",0,385,675,440,0.256666666666667,0.363207547169811,0,0.466666666666667,0.363207547169811,0.408488063660477,"rf_probs",0,132,250,136,0.254826254826255,0.345549738219895,0,0.492537313432836,0.345549738219895,0.406153846153846,"rf_probs",0,253,425,304,0.257637474541752,0.373156342182891,0,0.454219030520646,0.373156342182891,0.409716599190283
2000,1000,80,0.3,0.05,"a",FALSE,0.5,0,265,"80, 14, 52, 6","rf_class",427,1018,42,13,0.963333333333333,0.960377358490566,0.970454545454545,0.987390882638215,0.960377358490566,0.973696795791487,"rf_class",134,366,16,2,0.965250965250965,0.958115183246073,0.985294117647059,0.994565217391304,0.958115183246073,0.976,"rf_class",293,652,26,11,0.962321792260692,0.96165191740413,0.963815789473684,0.98340874811463,0.96165191740413,0.972408650260999
2000,1000,80,0.3,0.05,"a",FALSE,0.5,0,266,"1, 61, 70, 20","IRT",451,986,55,8,0.958,0.94716618635927,0.982570806100218,0.991951710261569,0.94716618635927,0.969041769041769,"IRT",162,325,16,3,0.962450592885375,0.953079178885631,0.981818181818182,0.990853658536585,0.953079178885631,0.971599402092676,"IRT",289,661,39,5,0.955734406438632,0.944285714285714,0.982993197278912,0.992492492492492,0.944285714285714,0.967789165446559
2000,1000,80,0.3,0.05,"a",FALSE,0.5,0,266,"1, 61, 70, 20","rf_probs",0,360,681,459,0.24,0.345821325648415,0,0.43956043956044,0.345821325648415,0.387096774193548,"rf_probs",0,105,236,165,0.207509881422925,0.30791788856305,0,0.388888888888889,0.30791788856305,0.343698854337152,"rf_probs",0,255,445,294,0.256539235412475,0.364285714285714,0,0.46448087431694,0.364285714285714,0.408326661329063
2000,1000,80,0.3,0.05,"a",FALSE,0.5,0,266,"1, 61, 70, 20","rf_class",435,996,45,24,0.954,0.956772334293948,0.947712418300654,0.976470588235294,0.956772334293948,0.966521106259097,"rf_class",152,329,12,13,0.950592885375494,0.964809384164223,0.921212121212121,0.961988304093567,0.964809384164223,0.963396778916545,"rf_class",283,667,33,11,0.955734406438632,0.952857142857143,0.962585034013605,0.98377581120944,0.952857142857143,0.968069666182874
2000,1000,80,0.3,0.05,"a",FALSE,0.5,0,267,"74, 80, 25, 70","IRT",445,997,48,10,0.961333333333333,0.954066985645933,0.978021978021978,0.990069513406157,0.954066985645933,0.971734892787524,"IRT",135,314,28,4,0.933471933471933,0.91812865497076,0.971223021582734,0.987421383647799,0.91812865497076,0.951515151515152,"IRT",310,683,20,6,0.974484789008832,0.971550497866287,0.981012658227848,0.991291727140784,0.971550497866287,0.98132183908046
2000,1000,80,0.3,0.05,"a",FALSE,0.5,0,267,"74, 80, 25, 70","rf_probs",0,340,705,455,0.226666666666667,0.325358851674641,0,0.427672955974843,0.325358851674641,0.369565217391304,"rf_probs",0,124,218,139,0.257796257796258,0.362573099415205,0,0.47148288973384,0.362573099415205,0.409917355371901,"rf_probs",0,216,487,316,0.211972522080471,0.307254623044097,0,0.406015037593985,0.307254623044097,0.349797570850202
2000,1000,80,0.3,0.05,"a",FALSE,0.5,0,267,"74, 80, 25, 70","rf_class",433,1018,27,22,0.967333333333333,0.974162679425837,0.951648351648352,0.978846153846154,0.974162679425837,0.976498800959233,"rf_class",131,324,18,8,0.945945945945946,0.947368421052632,0.942446043165468,0.975903614457831,0.947368421052632,0.961424332344214,"rf_class",302,694,9,14,0.977428851815505,0.987197724039829,0.955696202531646,0.980225988700565,0.987197724039829,0.983699503897945
2000,1000,80,0.3,0.05,"a",FALSE,0.5,0,268,"75, 70, 29, 80","IRT",434,987,75,4,0.947333333333333,0.929378531073446,0.990867579908676,0.995963673057518,0.929378531073446,0.961519727228446,"IRT",148,348,33,0,0.937618147448015,0.913385826771654,1,1,0.913385826771654,0.954732510288066,"IRT",286,639,42,4,0.952626158599382,0.938325991189427,0.986206896551724,0.993779160186625,0.938325991189427,0.965256797583081
2000,1000,80,0.3,0.05,"a",FALSE,0.5,0,268,"75, 70, 29, 80","rf_probs",0,413,649,438,0.275333333333333,0.388888888888889,0,0.485311398354877,0.388888888888889,0.431782540512284,"rf_probs",0,153,228,148,0.289224952741021,0.401574803149606,0,0.508305647840532,0.401574803149606,0.448680351906158,"rf_probs",0,260,421,290,0.267765190525232,0.381791483113069,0,0.472727272727273,0.381791483113069,0.422420796100731
2000,1000,80,0.3,0.05,"a",FALSE,0.5,0,268,"75, 70, 29, 80","rf_class",405,1016,46,33,0.947333333333333,0.95668549905838,0.924657534246575,0.968541468064824,0.95668549905838,0.96257697773567,"rf_class",142,363,18,6,0.954631379962193,0.952755905511811,0.959459459459459,0.983739837398374,0.952755905511811,0.968,"rf_class",263,653,28,27,0.943357363542739,0.958883994126285,0.906896551724138,0.960294117647059,0.958883994126285,0.959588537839824
2000,1000,80,0.3,0.05,"a",FALSE,0.5,0,269,"14, 21, 53, 48","IRT",428,1020,28,24,0.965333333333333,0.973282442748092,0.946902654867257,0.977011494252874,0.973282442748092,0.975143403441683,"IRT",149,335,6,8,0.971887550200803,0.982404692082111,0.949044585987261,0.97667638483965,0.982404692082111,0.97953216374269,"IRT",279,685,22,16,0.962075848303393,0.968882602545969,0.945762711864407,0.977175463623395,0.968882602545969,0.973011363636364
2000,1000,80,0.3,0.05,"a",FALSE,0.5,0,269,"14, 21, 53, 48","rf_probs",0,368,680,452,0.245333333333333,0.351145038167939,0,0.448780487804878,0.351145038167939,0.394004282655246,"rf_probs",0,123,218,157,0.246987951807229,0.360703812316716,0,0.439285714285714,0.360703812316716,0.396135265700483,"rf_probs",0,245,462,295,0.244510978043912,0.346534653465347,0,0.453703703703704,0.346534653465347,0.392943063352045
2000,1000,80,0.3,0.05,"a",FALSE,0.5,0,269,"14, 21, 53, 48","rf_class",424,1020,28,28,0.962666666666667,0.973282442748092,0.938053097345133,0.973282442748092,0.973282442748092,0.973282442748092,"rf_class",148,334,7,9,0.967871485943775,0.979472140762463,0.942675159235669,0.973760932944606,0.979472140762463,0.976608187134503,"rf_class",276,686,21,19,0.960079840319361,0.97029702970297,0.935593220338983,0.973049645390071,0.97029702970297,0.971671388101983
2000,1000,80,0.3,0.05,"a",FALSE,0.5,0,270,"71, 36, 20, 17","IRT",442,993,61,4,0.956666666666667,0.942125237191651,0.991031390134529,0.995987963891675,0.942125237191651,0.968308142369576,"IRT",152,316,24,0,0.951219512195122,0.929411764705882,1,1,0.929411764705882,0.963414634146341,"IRT",290,677,37,4,0.959325396825397,0.948179271708683,0.986394557823129,0.994126284875184,0.948179271708683,0.970609318996416
2000,1000,80,0.3,0.05,"a",FALSE,0.5,0,270,"71, 36, 20, 17","rf_probs",0,412,642,446,0.274666666666667,0.390891840607211,0,0.48018648018648,0.390891840607211,0.430962343096234,"rf_probs",0,121,219,152,0.245934959349594,0.355882352941176,0,0.443223443223443,0.355882352941176,0.394779771615008,"rf_probs",0,291,423,294,0.288690476190476,0.407563025210084,0,0.497435897435897,0.407563025210084,0.448036951501155
2000,1000,80,0.3,0.05,"a",FALSE,0.5,0,270,"71, 36, 20, 17","rf_class",430,1013,41,16,0.962,0.961100569259962,0.964125560538117,0.984450923226433,0.961100569259962,0.972635621699472,"rf_class",148,323,17,4,0.957317073170732,0.95,0.973684210526316,0.987767584097859,0.95,0.968515742128935,"rf_class",282,690,24,12,0.964285714285714,0.966386554621849,0.959183673469388,0.982905982905983,0.966386554621849,0.974576271186441
2000,1000,80,0.3,0.05,"a",FALSE,0.5,0,271,"76, 1, 79, 23","IRT",421,1030,41,8,0.967333333333333,0.96171802054155,0.981351981351981,0.992292870905588,0.96171802054155,0.976766239924135,"IRT",137,355,12,2,0.972332015810277,0.967302452316076,0.985611510791367,0.994397759103641,0.967302452316076,0.980662983425414,"IRT",284,675,29,6,0.964788732394366,0.958806818181818,0.979310344827586,0.991189427312775,0.958806818181818,0.974729241877256
2000,1000,80,0.3,0.05,"a",FALSE,0.5,0,271,"76, 1, 79, 23","rf_probs",0,359,712,429,0.239333333333333,0.335200746965453,0,0.455583756345178,0.335200746965453,0.386229155459925,"rf_probs",0,119,248,139,0.235177865612648,0.32425068119891,0,0.461240310077519,0.32425068119891,0.3808,"rf_probs",0,240,464,290,0.241448692152918,0.340909090909091,0,0.452830188679245,0.340909090909091,0.388978930307942
2000,1000,80,0.3,0.05,"a",FALSE,0.5,0,271,"76, 1, 79, 23","rf_class",418,1026,45,11,0.962666666666667,0.957983193277311,0.974358974358974,0.989392478302797,0.957983193277311,0.973434535104364,"rf_class",135,354,13,4,0.966403162055336,0.964577656675749,0.971223021582734,0.988826815642458,0.964577656675749,0.976551724137931,"rf_class",283,672,32,7,0.960764587525151,0.954545454545455,0.975862068965517,0.989690721649485,0.954545454545455,0.971800433839479
2000,1000,80,0.3,0.05,"a",FALSE,0.5,0,272,"12, 28, 6, 38","IRT",456,968,69,7,0.949333333333333,0.933461909353905,0.98488120950324,0.992820512820513,0.933461909353905,0.962226640159046,"IRT",158,326,20,6,0.949019607843137,0.942196531791908,0.963414634146341,0.981927710843373,0.942196531791908,0.96165191740413,"IRT",298,642,49,1,0.94949494949495,0.929088277858177,0.996655518394649,0.998444790046656,0.929088277858177,0.962518740629685
2000,1000,80,0.3,0.05,"a",FALSE,0.5,0,272,"12, 28, 6, 38","rf_probs",0,389,648,463,0.259333333333333,0.375120540019286,0,0.456572769953052,0.375120540019286,0.411858125992589,"rf_probs",0,126,220,164,0.247058823529412,0.364161849710983,0,0.43448275862069,0.364161849710983,0.39622641509434,"rf_probs",0,263,428,299,0.265656565656566,0.380607814761216,0,0.46797153024911,0.380607814761216,0.419792498004788
2000,1000,80,0.3,0.05,"a",FALSE,0.5,0,272,"12, 28, 6, 38","rf_class",444,999,38,19,0.962,0.963355834136933,0.958963282937365,0.981335952848723,0.963355834136933,0.972262773722628,"rf_class",153,337,9,11,0.96078431372549,0.973988439306358,0.932926829268293,0.968390804597701,0.973988439306358,0.971181556195965,"rf_class",291,662,29,8,0.962626262626263,0.958031837916064,0.973244147157191,0.988059701492537,0.958031837916064,0.972814107274063
2000,1000,80,0.3,0.05,"a",FALSE,0.5,0,273,"60, 79, 40, 21","IRT",451,996,41,12,0.964666666666667,0.96046287367406,0.974082073434125,0.988095238095238,0.96046287367406,0.974083129584352,"IRT",132,326,15,6,0.95615866388309,0.956011730205279,0.956521739130435,0.981927710843373,0.956011730205279,0.968796433878158,"IRT",319,670,26,6,0.968658178256611,0.96264367816092,0.981538461538462,0.99112426035503,0.96264367816092,0.97667638483965
2000,1000,80,0.3,0.05,"a",FALSE,0.5,0,273,"60, 79, 40, 21","rf_probs",0,343,694,463,0.228666666666667,0.33076181292189,0,0.425558312655087,0.33076181292189,0.372219207813348,"rf_probs",0,119,222,138,0.248434237995825,0.348973607038123,0,0.463035019455253,0.348973607038123,0.397993311036789,"rf_probs",0,224,472,325,0.219392752203722,0.32183908045977,0,0.408014571948998,0.32183908045977,0.359839357429719
2000,1000,80,0.3,0.05,"a",FALSE,0.5,0,273,"60, 79, 40, 21","rf_class",445,1003,34,18,0.965333333333333,0.967213114754098,0.961123110151188,0.982370225269344,0.967213114754098,0.974732750242954,"rf_class",132,325,16,6,0.954070981210856,0.953079178885631,0.956521739130435,0.981873111782477,0.953079178885631,0.967261904761905,"rf_class",313,678,18,12,0.970617042115573,0.974137931034483,0.963076923076923,0.982608695652174,0.974137931034483,0.978354978354978
2000,1000,80,0.3,0.05,"a",FALSE,0.5,0,274,"66, 80, 79, 5","IRT",410,1030,41,19,0.96,0.96171802054155,0.955710955710956,0.981887511916111,0.96171802054155,0.971698113207547,"IRT",133,324,12,7,0.960084033613445,0.964285714285714,0.95,0.978851963746224,0.964285714285714,0.971514242878561,"IRT",277,706,29,12,0.9599609375,0.960544217687075,0.958477508650519,0.983286908077994,0.960544217687075,0.971782518926359
2000,1000,80,0.3,0.05,"a",FALSE,0.5,0,274,"66, 80, 79, 5","rf_probs",0,381,690,429,0.254,0.355742296918768,0,0.47037037037037,0.355742296918768,0.405103668261563,"rf_probs",0,124,212,140,0.260504201680672,0.369047619047619,0,0.46969696969697,0.369047619047619,0.413333333333333,"rf_probs",0,257,478,289,0.2509765625,0.349659863945578,0,0.470695970695971,0.349659863945578,0.401249024199844
2000,1000,80,0.3,0.05,"a",FALSE,0.5,0,274,"66, 80, 79, 5","rf_class",404,1031,40,25,0.956666666666667,0.96265172735761,0.941724941724942,0.976325757575758,0.96265172735761,0.969440526563235,"rf_class",135,327,9,5,0.970588235294118,0.973214285714286,0.964285714285714,0.984939759036145,0.973214285714286,0.979041916167665,"rf_class",269,704,31,20,0.9501953125,0.957823129251701,0.930795847750865,0.972375690607735,0.957823129251701,0.965044551062372
2000,1000,80,0.3,0.05,"a",FALSE,0.5,0,275,"53, 8, 51, 73","IRT",434,1009,44,13,0.962,0.958214624881291,0.970917225950783,0.987279843444227,0.958214624881291,0.972530120481928,"IRT",131,344,16,5,0.957661290322581,0.955555555555556,0.963235294117647,0.98567335243553,0.955555555555556,0.970380818053597,"IRT",303,665,28,8,0.964143426294821,0.95959595959596,0.97427652733119,0.988112927191679,0.95959595959596,0.973645680819912
2000,1000,80,0.3,0.05,"a",FALSE,0.5,0,275,"53, 8, 51, 73","rf_probs",0,369,684,447,0.246,0.35042735042735,0,0.452205882352941,0.35042735042735,0.394863563402889,"rf_probs",0,125,235,136,0.252016129032258,0.347222222222222,0,0.478927203065134,0.347222222222222,0.402576489533011,"rf_probs",0,244,449,311,0.243027888446215,0.352092352092352,0,0.43963963963964,0.352092352092352,0.391025641025641
2000,1000,80,0.3,0.05,"a",FALSE,0.5,0,275,"53, 8, 51, 73","rf_class",424,1012,41,23,0.957333333333333,0.961063627730294,0.948545861297539,0.977777777777778,0.961063627730294,0.969348659003831,"rf_class",128,346,14,8,0.955645161290323,0.961111111111111,0.941176470588235,0.977401129943503,0.961111111111111,0.969187675070028,"rf_class",296,666,27,15,0.958167330677291,0.961038961038961,0.951768488745981,0.977973568281938,0.961038961038961,0.96943231441048
2000,1000,80,0.3,0.05,"a",FALSE,0.5,0,276,"4, 30, 54, 47","IRT",430,1023,21,26,0.968666666666667,0.979885057471264,0.942982456140351,0.975214489990467,0.979885057471264,0.977544194935499,"IRT",140,333,4,10,0.971252566735113,0.98813056379822,0.933333333333333,0.970845481049563,0.98813056379822,0.979411764705882,"IRT",290,690,17,16,0.967423494570582,0.975954738330976,0.947712418300654,0.977337110481586,0.975954738330976,0.976645435244161
2000,1000,80,0.3,0.05,"a",FALSE,0.5,0,276,"4, 30, 54, 47","rf_probs",0,332,712,456,0.221333333333333,0.318007662835249,0,0.421319796954315,0.318007662835249,0.362445414847162,"rf_probs",0,108,229,150,0.2217659137577,0.320474777448071,0,0.418604651162791,0.320474777448071,0.363025210084034,"rf_probs",0,224,483,306,0.221125370187562,0.316831683168317,0,0.422641509433962,0.316831683168317,0.362166531932094
2000,1000,80,0.3,0.05,"a",FALSE,0.5,0,276,"4, 30, 54, 47","rf_class",424,1024,20,32,0.965333333333333,0.980842911877395,0.929824561403509,0.96969696969697,0.980842911877395,0.975238095238095,"rf_class",138,333,4,12,0.967145790554415,0.98813056379822,0.92,0.965217391304348,0.98813056379822,0.976539589442815,"rf_class",286,691,16,20,0.964461994076999,0.977369165487977,0.934640522875817,0.971870604781997,0.977369165487977,0.974612129760226
2000,1000,80,0.3,0.05,"a",FALSE,0.5,0,277,"24, 19, 53, 48","IRT",453,987,54,6,0.96,0.948126801152738,0.986928104575163,0.993957703927492,0.948126801152738,0.970501474926254,"IRT",159,340,19,1,0.961464354527938,0.947075208913649,0.99375,0.997067448680352,0.947075208913649,0.971428571428572,"IRT",294,647,35,5,0.959225280326198,0.948680351906158,0.983277591973244,0.992331288343558,0.948680351906158,0.970014992503748
2000,1000,80,0.3,0.05,"a",FALSE,0.5,0,277,"24, 19, 53, 48","rf_probs",0,390,651,459,0.26,0.37463976945245,0,0.459363957597173,0.37463976945245,0.412698412698413,"rf_probs",0,146,213,160,0.28131021194605,0.406685236768802,0,0.477124183006536,0.406685236768802,0.439097744360902,"rf_probs",0,244,438,299,0.248725790010194,0.357771260997067,0,0.449355432780847,0.357771260997067,0.398367346938776
2000,1000,80,0.3,0.05,"a",FALSE,0.5,0,277,"24, 19, 53, 48","rf_class",438,1000,41,21,0.958666666666667,0.960614793467819,0.954248366013072,0.979431929480901,0.960614793467819,0.969932104752667,"rf_class",155,347,12,5,0.967244701348748,0.966573816155989,0.96875,0.985795454545455,0.966573816155989,0.976090014064698,"rf_class",283,653,29,16,0.954128440366973,0.957478005865103,0.946488294314381,0.976083707025411,0.957478005865103,0.966691339748335
2000,1000,80,0.3,0.05,"a",FALSE,0.5,0,278,"8, 15, 46, 76","IRT",458,994,37,11,0.968,0.964112512124151,0.976545842217484,0.989054726368159,0.964112512124151,0.976424361493124,"IRT",162,330,12,5,0.966601178781925,0.964912280701754,0.970059880239521,0.985074626865672,0.964912280701754,0.974889217134416,"IRT",296,664,25,6,0.968718466195762,0.963715529753266,0.980132450331126,0.991044776119403,0.963715529753266,0.977189109639441
2000,1000,80,0.3,0.05,"a",FALSE,0.5,0,278,"8, 15, 46, 76","rf_probs",0,344,687,469,0.229333333333333,0.333656644034918,0,0.423124231242312,0.333656644034918,0.373101952277657,"rf_probs",0,117,225,167,0.229862475442043,0.342105263157895,0,0.411971830985915,0.342105263157895,0.373801916932907,"rf_probs",0,227,462,302,0.229061553985873,0.329462989840348,0,0.429111531190926,0.329462989840348,0.372742200328407
2000,1000,80,0.3,0.05,"a",FALSE,0.5,0,278,"8, 15, 46, 76","rf_class",446,994,37,23,0.96,0.964112512124151,0.950959488272921,0.977384464110128,0.964112512124151,0.970703125,"rf_class",157,331,11,10,0.958742632612967,0.967836257309941,0.940119760479042,0.970674486803519,0.967836257309941,0.969253294289897,"rf_class",289,663,26,13,0.960645812310797,0.962264150943396,0.956953642384106,0.980769230769231,0.962264150943396,0.971428571428571
2000,1000,80,0.3,0.05,"a",FALSE,0.5,0,279,"28, 35, 23, 44","IRT",420,1030,28,22,0.966666666666667,0.973534971644612,0.950226244343891,0.979087452471483,0.973534971644612,0.976303317535545,"IRT",140,333,9,6,0.969262295081967,0.973684210526316,0.958904109589041,0.982300884955752,0.973684210526316,0.977973568281938,"IRT",280,697,19,16,0.965415019762846,0.973463687150838,0.945945945945946,0.977559607293128,0.973463687150838,0.975507347795661
2000,1000,80,0.3,0.05,"a",FALSE,0.5,0,279,"28, 35, 23, 44","rf_probs",0,358,700,442,0.238666666666667,0.338374291115312,0,0.4475,0.338374291115312,0.385360602798708,"rf_probs",0,121,221,146,0.247950819672131,0.353801169590643,0,0.453183520599251,0.353801169590643,0.397372742200328,"rf_probs",0,237,479,296,0.234189723320158,0.331005586592179,0,0.444652908067542,0.331005586592179,0.379503602882306
2000,1000,80,0.3,0.05,"a",FALSE,0.5,0,279,"28, 35, 23, 44","rf_class",416,1023,35,26,0.959333333333333,0.966918714555766,0.941176470588235,0.975214489990467,0.966918714555766,0.971048884670147,"rf_class",137,328,14,9,0.952868852459016,0.95906432748538,0.938356164383562,0.973293768545994,0.95906432748538,0.966126656848306,"rf_class",279,695,21,17,0.962450592885375,0.970670391061452,0.942567567567568,0.976123595505618,0.970670391061452,0.973389355742297
2000,1000,80,0.3,0.05,"a",FALSE,0.5,0,280,"79, 68, 16, 29","IRT",442,1007,36,15,0.966,0.965484180249281,0.967177242888403,0.9853228962818,0.965484180249281,0.975302663438257,"IRT",131,339,10,0,0.979166666666667,0.97134670487106,1,1,0.97134670487106,0.98546511627907,"IRT",311,668,26,15,0.959803921568627,0.962536023054755,0.95398773006135,0.978038067349927,0.962536023054755,0.970225127087872
2000,1000,80,0.3,0.05,"a",FALSE,0.5,0,280,"79, 68, 16, 29","rf_probs",0,322,721,457,0.214666666666667,0.308724832214765,0,0.413350449293967,0.308724832214765,0.353457738748628,"rf_probs",0,107,242,131,0.222916666666667,0.306590257879656,0,0.449579831932773,0.306590257879656,0.364565587734242,"rf_probs",0,215,479,326,0.21078431372549,0.309798270893372,0,0.397412199630314,0.309798270893372,0.348178137651822
2000,1000,80,0.3,0.05,"a",FALSE,0.5,0,280,"79, 68, 16, 29","rf_class",442,999,44,15,0.960666666666667,0.957813998082454,0.967177242888403,0.985207100591716,0.957813998082454,0.971317452600875,"rf_class",130,337,12,1,0.972916666666667,0.965616045845272,0.99236641221374,0.997041420118343,0.965616045845272,0.981077147016012,"rf_class",312,662,32,14,0.954901960784314,0.953890489913545,0.957055214723926,0.979289940828402,0.953890489913545,0.966423357664233
2000,1000,80,0.3,0.05,"a",FALSE,0.5,0,281,"54, 77, 4, 5","IRT",456,974,55,15,0.953333333333333,0.946550048590865,0.968152866242038,0.984833164812942,0.946550048590865,0.965312190287413,"IRT",155,320,24,5,0.942460317460317,0.930232558139535,0.96875,0.984615384615385,0.930232558139535,0.956651718983558,"IRT",301,654,31,10,0.958835341365462,0.954744525547445,0.967845659163987,0.984939759036145,0.954744525547445,0.969607116382506
2000,1000,80,0.3,0.05,"a",FALSE,0.5,0,281,"54, 77, 4, 5","rf_probs",0,355,674,471,0.236666666666667,0.344995140913508,0,0.429782082324455,0.344995140913508,0.382749326145553,"rf_probs",0,115,229,160,0.228174603174603,0.334302325581395,0,0.418181818181818,0.334302325581395,0.37156704361874,"rf_probs",0,240,445,311,0.240963855421687,0.35036496350365,0,0.43557168784029,0.35036496350365,0.388349514563107
2000,1000,80,0.3,0.05,"a",FALSE,0.5,0,281,"54, 77, 4, 5","rf_class",437,997,32,34,0.956,0.968901846452867,0.927813163481953,0.967022308438409,0.968901846452867,0.967961165048544,"rf_class",147,330,14,13,0.946428571428571,0.959302325581395,0.91875,0.962099125364432,0.959302325581395,0.960698689956332,"rf_class",290,667,18,21,0.960843373493976,0.973722627737226,0.932475884244373,0.969476744186046,0.973722627737226,0.971595047341588
2000,1000,80,0.3,0.05,"a",FALSE,0.5,0,282,"67, 2, 55, 51","IRT",447,991,37,25,0.958666666666667,0.964007782101167,0.947033898305085,0.975393700787402,0.964007782101167,0.969667318982388,"IRT",134,332,16,6,0.954918032786885,0.954022988505747,0.957142857142857,0.982248520710059,0.954022988505747,0.967930029154519,"IRT",313,659,21,19,0.960474308300395,0.969117647058824,0.942771084337349,0.971976401179941,0.969117647058824,0.970544918998527
2000,1000,80,0.3,0.05,"a",FALSE,0.5,0,282,"67, 2, 55, 51","rf_probs",0,326,702,472,0.217333333333333,0.317120622568093,0,0.408521303258145,0.317120622568093,0.357064622124863,"rf_probs",0,116,232,140,0.237704918032787,0.333333333333333,0,0.453125,0.333333333333333,0.384105960264901,"rf_probs",0,210,470,332,0.207509881422925,0.308823529411765,0,0.387453874538745,0.308823529411765,0.343698854337152
2000,1000,80,0.3,0.05,"a",FALSE,0.5,0,282,"67, 2, 55, 51","rf_class",438,998,30,34,0.957333333333333,0.970817120622568,0.927966101694915,0.967054263565892,0.970817120622568,0.968932038834951,"rf_class",131,336,12,9,0.956967213114754,0.96551724137931,0.935714285714286,0.973913043478261,0.96551724137931,0.96969696969697,"rf_class",307,662,18,25,0.957509881422925,0.973529411764706,0.924698795180723,0.963609898107715,0.973529411764706,0.968544257498171
2000,1000,80,0.3,0.05,"a",FALSE,0.5,0,283,"33, 2, 27, 66","IRT",444,991,55,10,0.956666666666667,0.947418738049713,0.977973568281938,0.99000999000999,0.947418738049713,0.968246213971666,"IRT",131,343,16,5,0.957575757575758,0.955431754874652,0.963235294117647,0.985632183908046,0.955431754874652,0.97029702970297,"IRT",313,648,39,5,0.956218905472637,0.943231441048035,0.984276729559748,0.992343032159265,0.943231441048035,0.967164179104477
2000,1000,80,0.3,0.05,"a",FALSE,0.5,0,283,"33, 2, 27, 66","rf_probs",0,360,686,454,0.24,0.344168260038241,0,0.442260442260442,0.344168260038241,0.387096774193548,"rf_probs",0,121,238,136,0.244444444444444,0.337047353760446,0,0.470817120622568,0.337047353760446,0.392857142857143,"rf_probs",0,239,448,318,0.237810945273632,0.347889374090247,0,0.429084380610413,0.347889374090247,0.384244372990354
2000,1000,80,0.3,0.05,"a",FALSE,0.5,0,283,"33, 2, 27, 66","rf_class",434,1000,46,20,0.956,0.956022944550669,0.955947136563877,0.980392156862745,0.956022944550669,0.968054211035818,"rf_class",131,342,17,5,0.955555555555556,0.952646239554318,0.963235294117647,0.985590778097983,0.952646239554318,0.968838526912181,"rf_class",303,658,29,15,0.956218905472637,0.957787481804949,0.952830188679245,0.977711738484398,0.957787481804949,0.967647058823529
2000,1000,80,0.3,0.05,"a",FALSE,0.5,0,284,"80, 53, 20, 6","IRT",446,1006,38,10,0.968,0.96360153256705,0.978070175438597,0.990157480314961,0.96360153256705,0.976699029126214,"IRT",157,339,17,3,0.961240310077519,0.952247191011236,0.98125,0.991228070175439,0.952247191011236,0.97134670487106,"IRT",289,667,21,7,0.971544715447154,0.969476744186046,0.976351351351351,0.989614243323442,0.969476744186046,0.979441997063142
2000,1000,80,0.3,0.05,"a",FALSE,0.5,0,284,"80, 53, 20, 6","rf_probs",0,339,705,456,0.226,0.324712643678161,0,0.426415094339623,0.324712643678161,0.368678629690049,"rf_probs",0,123,233,160,0.238372093023256,0.345505617977528,0,0.434628975265018,0.345505617977528,0.384976525821596,"rf_probs",0,216,472,296,0.219512195121951,0.313953488372093,0,0.421875,0.313953488372093,0.36
2000,1000,80,0.3,0.05,"a",FALSE,0.5,0,284,"80, 53, 20, 6","rf_class",428,1017,27,28,0.963333333333333,0.974137931034483,0.93859649122807,0.973205741626794,0.974137931034483,0.973671613212063,"rf_class",154,347,9,6,0.970930232558139,0.974719101123595,0.9625,0.98300283286119,0.974719101123595,0.978843441466855,"rf_class",274,670,18,22,0.959349593495935,0.973837209302326,0.925675675675676,0.968208092485549,0.973837209302326,0.971014492753623
2000,1000,80,0.3,0.05,"a",FALSE,0.5,0,285,"67, 41, 74, 8","IRT",447,989,54,10,0.957333333333333,0.948226270373921,0.978118161925602,0.98998998998999,0.948226270373921,0.968658178256611,"IRT",142,316,18,4,0.954166666666667,0.946107784431138,0.972602739726027,0.9875,0.946107784431138,0.966360856269113,"IRT",305,673,36,6,0.958823529411765,0.949224259520451,0.980707395498392,0.991163475699558,0.949224259520451,0.969740634005764
2000,1000,80,0.3,0.05,"a",FALSE,0.5,0,285,"67, 41, 74, 8","rf_probs",0,360,683,457,0.24,0.345158197507191,0,0.440636474908201,0.345158197507191,0.387096774193548,"rf_probs",0,127,207,146,0.264583333333333,0.380239520958084,0,0.465201465201465,0.380239520958084,0.418451400329489,"rf_probs",0,233,476,311,0.22843137254902,0.328631875881523,0,0.428308823529412,0.328631875881523,0.371907422186752
2000,1000,80,0.3,0.05,"a",FALSE,0.5,0,285,"67, 41, 74, 8","rf_class",426,1002,41,31,0.952,0.960690316395014,0.932166301969365,0.96999031945789,0.960690316395014,0.965317919075145,"rf_class",136,321,13,10,0.952083333333333,0.961077844311377,0.931506849315068,0.969788519637462,0.961077844311377,0.965413533834586,"rf_class",290,681,28,21,0.951960784313725,0.960507757404795,0.932475884244373,0.97008547008547,0.960507757404795,0.965272856130404
2000,1000,80,0.3,0.05,"a",FALSE,0.5,0,286,"22, 34, 31, 41","IRT",426,1015,39,20,0.960666666666667,0.962998102466793,0.955156950672646,0.980676328502415,0.962998102466793,0.971756821445668,"IRT",138,366,14,7,0.96,0.963157894736842,0.951724137931034,0.981233243967828,0.963157894736842,0.972111553784861,"IRT",288,649,25,13,0.961025641025641,0.962908011869436,0.956810631229236,0.98036253776435,0.962908011869436,0.971556886227545
2000,1000,80,0.3,0.05,"a",FALSE,0.5,0,286,"22, 34, 31, 41","rf_probs",0,356,698,446,0.237333333333333,0.337760910815939,0,0.443890274314214,0.337760910815939,0.383620689655172,"rf_probs",0,130,250,145,0.247619047619048,0.342105263157895,0,0.472727272727273,0.342105263157895,0.396946564885496,"rf_probs",0,226,448,301,0.231794871794872,0.335311572700297,0,0.428842504743833,0.335311572700297,0.376353039134055
2000,1000,80,0.3,0.05,"a",FALSE,0.5,0,286,"22, 34, 31, 41","rf_class",415,1019,35,31,0.956,0.966793168880455,0.930493273542601,0.97047619047619,0.966793168880455,0.968631178707224,"rf_class",137,369,11,8,0.963809523809524,0.971052631578947,0.944827586206897,0.978779840848806,0.971052631578947,0.974900924702774,"rf_class",278,650,24,23,0.951794871794872,0.964391691394659,0.92358803986711,0.965824665676077,0.964391691394659,0.965107646622123
2000,1000,80,0.3,0.05,"a",FALSE,0.5,0,287,"2, 54, 50, 39","IRT",444,980,71,5,0.949333333333333,0.93244529019981,0.988864142538975,0.99492385786802,0.93244529019981,0.962671905697446,"IRT",154,320,25,2,0.946107784431138,0.927536231884058,0.987179487179487,0.993788819875776,0.927536231884058,0.95952023988006,"IRT",290,660,46,3,0.950950950950951,0.934844192634561,0.989761092150171,0.995475113122172,0.934844192634561,0.964207450693937
2000,1000,80,0.3,0.05,"a",FALSE,0.5,0,287,"2, 54, 50, 39","rf_probs",0,357,694,449,0.238,0.339676498572788,0,0.442928039702233,0.339676498572788,0.384491114701131,"rf_probs",0,116,229,156,0.231536926147705,0.336231884057971,0,0.426470588235294,0.336231884057971,0.376012965964344,"rf_probs",0,241,465,293,0.241241241241241,0.341359773371105,0,0.451310861423221,0.341359773371105,0.388709677419355
2000,1000,80,0.3,0.05,"a",FALSE,0.5,0,287,"2, 54, 50, 39","rf_class",437,1007,44,12,0.962666666666667,0.9581351094196,0.973273942093541,0.988223748773307,0.9581351094196,0.972946859903382,"rf_class",150,326,19,6,0.950099800399202,0.944927536231884,0.961538461538462,0.981927710843373,0.944927536231884,0.963072378138848,"rf_class",287,681,25,6,0.968968968968969,0.964589235127479,0.979522184300341,0.991266375545852,0.964589235127479,0.977745872218234
2000,1000,80,0.3,0.05,"a",FALSE,0.5,0,288,"72, 19, 13, 62","IRT",443,1000,43,14,0.962,0.958772770853308,0.969365426695842,0.986193293885602,0.958772770853308,0.972289742343218,"IRT",145,339,17,4,0.958415841584158,0.952247191011236,0.973154362416107,0.988338192419825,0.952247191011236,0.969957081545064,"IRT",298,661,26,10,0.963819095477387,0.962154294032023,0.967532467532468,0.985096870342772,0.962154294032023,0.973490427098675
2000,1000,80,0.3,0.05,"a",FALSE,0.5,0,288,"72, 19, 13, 62","rf_probs",0,325,718,457,0.216666666666667,0.311601150527325,0,0.415601023017903,0.311601150527325,0.356164383561644,"rf_probs",0,109,247,149,0.215841584158416,0.306179775280899,0,0.422480620155039,0.306179775280899,0.355048859934853,"rf_probs",0,216,471,308,0.217085427135678,0.314410480349345,0,0.412213740458015,0.314410480349345,0.356729975227085
2000,1000,80,0.3,0.05,"a",FALSE,0.5,0,288,"72, 19, 13, 62","rf_class",428,1017,26,29,0.963333333333333,0.975071907957814,0.936542669584245,0.972275334608031,0.975071907957814,0.973671613212063,"rf_class",143,346,10,6,0.968316831683168,0.971910112359551,0.959731543624161,0.982954545454545,0.971910112359551,0.977401129943503,"rf_class",285,671,16,23,0.960804020100502,0.976710334788937,0.925324675324675,0.96685878962536,0.976710334788937,0.971759594496741
2000,1000,80,0.3,0.05,"a",FALSE,0.5,0,289,"17, 7, 52, 61","IRT",416,1016,56,12,0.954666666666667,0.947761194029851,0.97196261682243,0.988326848249027,0.947761194029851,0.967619047619048,"IRT",129,348,16,5,0.957831325301205,0.956043956043956,0.962686567164179,0.985835694050991,0.956043956043956,0.97071129707113,"IRT",287,668,40,7,0.953093812375249,0.943502824858757,0.976190476190476,0.98962962962963,0.943502824858757,0.966015907447578
2000,1000,80,0.3,0.05,"a",FALSE,0.5,0,289,"17, 7, 52, 61","rf_probs",0,379,693,428,0.252666666666667,0.353544776119403,0,0.469640644361834,0.353544776119403,0.403406067056945,"rf_probs",0,139,225,134,0.279116465863454,0.381868131868132,0,0.509157509157509,0.381868131868132,0.436420722135008,"rf_probs",0,240,468,294,0.239520958083832,0.338983050847458,0,0.449438202247191,0.338983050847458,0.386473429951691
2000,1000,80,0.3,0.05,"a",FALSE,0.5,0,289,"17, 7, 52, 61","rf_class",410,1022,50,18,0.954666666666667,0.953358208955224,0.957943925233645,0.982692307692308,0.953358208955224,0.96780303030303,"rf_class",128,349,15,6,0.957831325301205,0.958791208791209,0.955223880597015,0.983098591549296,0.958791208791209,0.970792767732962,"rf_class",282,673,35,12,0.953093812375249,0.950564971751412,0.959183673469388,0.982481751824818,0.950564971751412,0.966259870782484
2000,1000,80,0.3,0.05,"a",FALSE,0.5,0,290,"75, 71, 40, 63","IRT",436,981,74,9,0.944666666666667,0.929857819905213,0.979775280898876,0.990909090909091,0.929857819905213,0.959413202933985,"IRT",153,340,27,3,0.94263862332696,0.926430517711172,0.980769230769231,0.991253644314869,0.926430517711172,0.957746478873239,"IRT",283,641,47,6,0.94575230296827,0.931686046511628,0.97923875432526,0.990726429675425,0.931686046511628,0.960299625468165
2000,1000,80,0.3,0.05,"a",FALSE,0.5,0,290,"75, 71, 40, 63","rf_probs",0,411,644,445,0.274,0.38957345971564,0,0.480140186915888,0.38957345971564,0.430141287284144,"rf_probs",0,144,223,156,0.275334608030593,0.392370572207084,0,0.48,0.392370572207084,0.431784107946027,"rf_probs",0,267,421,289,0.273285568065507,0.388081395348837,0,0.48021582733813,0.388081395348837,0.429260450160772
2000,1000,80,0.3,0.05,"a",FALSE,0.5,0,290,"75, 71, 40, 63","rf_class",419,1017,38,26,0.957333333333333,0.963981042654028,0.941573033707865,0.975071907957814,0.963981042654028,0.969494756911344,"rf_class",147,351,16,9,0.952198852772467,0.956403269754768,0.942307692307692,0.975,0.956403269754768,0.965612104539202,"rf_class",272,666,22,17,0.960081883316274,0.968023255813954,0.941176470588235,0.97510980966325,0.968023255813954,0.971553610503282
2000,1000,80,0.3,0.05,"a",FALSE,0.5,0,291,"23, 80, 28, 13","IRT",435,1007,51,7,0.961333333333333,0.95179584120983,0.984162895927602,0.993096646942801,0.95179584120983,0.972007722007722,"IRT",143,334,14,3,0.965587044534413,0.959770114942529,0.979452054794521,0.991097922848665,0.959770114942529,0.975182481751825,"IRT",292,673,37,4,0.959244532803181,0.947887323943662,0.986486486486487,0.994091580502216,0.947887323943662,0.970439798125451
2000,1000,80,0.3,0.05,"a",FALSE,0.5,0,291,"23, 80, 28, 13","rf_probs",0,337,721,442,0.224666666666667,0.318525519848771,0,0.432605905006418,0.318525519848771,0.366902558519325,"rf_probs",0,101,247,146,0.204453441295547,0.290229885057471,0,0.408906882591093,0.290229885057471,0.339495798319328,"rf_probs",0,236,474,296,0.234592445328032,0.332394366197183,0,0.443609022556391,0.332394366197183,0.380032206119163
2000,1000,80,0.3,0.05,"a",FALSE,0.5,0,291,"23, 80, 28, 13","rf_class",423,1019,39,19,0.961333333333333,0.963137996219282,0.957013574660634,0.981695568400771,0.963137996219282,0.972328244274809,"rf_class",141,338,10,5,0.969635627530364,0.971264367816092,0.965753424657534,0.985422740524781,0.971264367816092,0.978292329956585,"rf_class",282,681,29,14,0.957256461232604,0.959154929577465,0.952702702702703,0.979856115107914,0.959154929577465,0.969395017793594
2000,1000,80,0.3,0.05,"a",FALSE,0.5,0,292,"78, 13, 29, 53","IRT",444,1001,38,17,0.963333333333333,0.963426371511068,0.963123644251627,0.983300589390963,0.963426371511068,0.973262032085562,"IRT",152,347,16,3,0.963320463320463,0.955922865013774,0.980645161290323,0.991428571428571,0.955922865013774,0.973352033660589,"IRT",292,654,22,14,0.963340122199593,0.967455621301775,0.954248366013072,0.979041916167665,0.967455621301775,0.973214285714286
2000,1000,80,0.3,0.05,"a",FALSE,0.5,0,292,"78, 13, 29, 53","rf_probs",0,370,669,461,0.246666666666667,0.356111645813282,0,0.445246690734055,0.356111645813282,0.39572192513369,"rf_probs",0,130,233,155,0.250965250965251,0.358126721763085,0,0.456140350877193,0.358126721763085,0.401234567901235,"rf_probs",0,240,436,306,0.244399185336049,0.355029585798817,0,0.43956043956044,0.355029585798817,0.392798690671031
2000,1000,80,0.3,0.05,"a",FALSE,0.5,0,292,"78, 13, 29, 53","rf_class",432,1009,30,29,0.960666666666667,0.971126082771896,0.937093275488069,0.972061657032755,0.971126082771896,0.971593644679827,"rf_class",148,349,14,7,0.959459459459459,0.961432506887052,0.954838709677419,0.980337078651685,0.961432506887052,0.970792767732963,"rf_class",284,660,16,22,0.961303462321792,0.976331360946746,0.928104575163399,0.967741935483871,0.976331360946746,0.972017673048601
2000,1000,80,0.3,0.05,"a",FALSE,0.5,0,293,"4, 78, 42, 52","IRT",434,1014,39,13,0.965333333333333,0.962962962962963,0.970917225950783,0.987341772151899,0.962962962962963,0.975,"IRT",123,332,13,2,0.968085106382979,0.96231884057971,0.984,0.994011976047904,0.96231884057971,0.977908689248895,"IRT",311,682,26,11,0.964077669902913,0.963276836158192,0.96583850931677,0.984126984126984,0.963276836158192,0.973590292648108
2000,1000,80,0.3,0.05,"a",FALSE,0.5,0,293,"4, 78, 42, 52","rf_probs",0,355,698,447,0.236666666666667,0.33713200379867,0,0.442643391521197,0.33713200379867,0.382749326145553,"rf_probs",0,104,241,125,0.221276595744681,0.301449275362319,0,0.454148471615721,0.301449275362319,0.362369337979094,"rf_probs",0,251,457,322,0.24368932038835,0.354519774011299,0,0.43804537521815,0.354519774011299,0.391881342701015
2000,1000,80,0.3,0.05,"a",FALSE,0.5,0,293,"4, 78, 42, 52","rf_class",424,1019,34,23,0.962,0.967711301044634,0.948545861297539,0.977927063339731,0.967711301044634,0.972792362768496,"rf_class",121,332,13,4,0.963829787234043,0.96231884057971,0.968,0.988095238095238,0.96231884057971,0.97503671071953,"rf_class",303,687,21,19,0.961165048543689,0.970338983050847,0.940993788819876,0.973087818696884,0.970338983050847,0.971711456859972
2000,1000,80,0.3,0.05,"a",FALSE,0.5,0,294,"60, 50, 23, 66","IRT",444,1004,36,16,0.965333333333333,0.965384615384615,0.965217391304348,0.984313725490196,0.965384615384615,0.974757281553398,"IRT",144,348,10,7,0.966601178781925,0.972067039106145,0.95364238410596,0.980281690140845,0.972067039106145,0.976157082748948,"IRT",300,656,26,9,0.96468213925328,0.961876832844575,0.970873786407767,0.986466165413534,0.961876832844575,0.974016332590943
2000,1000,80,0.3,0.05,"a",FALSE,0.5,0,294,"60, 50, 23, 66","rf_probs",0,356,684,460,0.237333333333333,0.342307692307692,0,0.436274509803922,0.342307692307692,0.383620689655172,"rf_probs",0,137,221,151,0.269155206286837,0.38268156424581,0,0.475694444444444,0.38268156424581,0.424148606811146,"rf_probs",0,219,463,309,0.220988900100908,0.321114369501466,0,0.414772727272727,0.321114369501466,0.36198347107438
2000,1000,80,0.3,0.05,"a",FALSE,0.5,0,294,"60, 50, 23, 66","rf_class",441,1004,36,19,0.963333333333333,0.965384615384615,0.958695652173913,0.981427174975562,0.965384615384615,0.973339796412991,"rf_class",144,348,10,7,0.966601178781925,0.972067039106145,0.95364238410596,0.980281690140845,0.972067039106145,0.976157082748948,"rf_class",297,656,26,12,0.961654894046418,0.961876832844575,0.961165048543689,0.982035928143713,0.961876832844575,0.971851851851852
2000,1000,80,0.3,0.05,"a",FALSE,0.5,0,295,"52, 28, 10, 56","IRT",449,977,61,13,0.950666666666667,0.941233140655106,0.971861471861472,0.986868686868687,0.941233140655106,0.963510848126233,"IRT",150,329,20,3,0.954183266932271,0.94269340974212,0.980392156862745,0.990963855421687,0.94269340974212,0.966226138032305,"IRT",299,648,41,10,0.948897795591182,0.940493468795356,0.967637540453074,0.984802431610942,0.940493468795356,0.962138084632517
2000,1000,80,0.3,0.05,"a",FALSE,0.5,0,295,"52, 28, 10, 56","rf_probs",0,378,660,462,0.252,0.364161849710983,0,0.45,0.364161849710983,0.402555910543131,"rf_probs",0,126,223,153,0.250996015936255,0.361031518624642,0,0.451612903225806,0.361031518624642,0.401273885350318,"rf_probs",0,252,437,309,0.25250501002004,0.365747460087083,0,0.449197860962567,0.365747460087083,0.4032
2000,1000,80,0.3,0.05,"a",FALSE,0.5,0,295,"52, 28, 10, 56","rf_class",439,987,51,23,0.950666666666667,0.950867052023121,0.95021645021645,0.977227722772277,0.950867052023121,0.9638671875,"rf_class",145,329,20,8,0.944223107569721,0.94269340974212,0.947712418300654,0.976261127596439,0.94269340974212,0.959183673469388,"rf_class",294,658,31,15,0.953907815631262,0.955007256894049,0.951456310679612,0.977711738484398,0.955007256894049,0.966226138032305
2000,1000,80,0.3,0.05,"a",FALSE,0.5,0,296,"72, 2, 25, 27","IRT",424,1032,25,19,0.970666666666667,0.976348155156102,0.957110609480813,0.981921979067555,0.976348155156102,0.979127134724858,"IRT",136,360,4,6,0.980237154150198,0.989010989010989,0.957746478873239,0.983606557377049,0.989010989010989,0.986301369863014,"IRT",288,672,21,13,0.96579476861167,0.96969696969697,0.956810631229236,0.981021897810219,0.96969696969697,0.975326560232221
2000,1000,80,0.3,0.05,"a",FALSE,0.5,0,296,"72, 2, 25, 27","rf_probs",0,358,699,443,0.238666666666667,0.338694418164617,0,0.446941323345818,0.338694418164617,0.385360602798708,"rf_probs",0,122,242,142,0.241106719367589,0.335164835164835,0,0.462121212121212,0.335164835164835,0.388535031847134,"rf_probs",0,236,457,301,0.237424547283702,0.340548340548341,0,0.439478584729981,0.340548340548341,0.383739837398374
2000,1000,80,0.3,0.05,"a",FALSE,0.5,0,296,"72, 2, 25, 27","rf_class",405,1039,18,38,0.962666666666667,0.982970671712394,0.914221218961625,0.964716805942433,0.982970671712394,0.973758200562324,"rf_class",131,361,3,11,0.972332015810277,0.991758241758242,0.922535211267606,0.970430107526882,0.991758241758242,0.980978260869565,"rf_class",274,678,15,27,0.957746478873239,0.978354978354978,0.910299003322259,0.961702127659574,0.978354978354978,0.969957081545064
2000,1000,80,0.3,0.05,"a",FALSE,0.5,0,297,"42, 71, 76, 1","IRT",442,1002,47,9,0.962666666666667,0.955195424213537,0.980044345898004,0.991097922848665,0.955195424213537,0.972815533980583,"IRT",141,317,14,2,0.966244725738397,0.957703927492447,0.986013986013986,0.993730407523511,0.957703927492447,0.975384615384615,"IRT",301,685,33,7,0.961013645224172,0.954038997214485,0.977272727272727,0.989884393063584,0.954038997214485,0.971631205673759
2000,1000,80,0.3,0.05,"a",FALSE,0.5,0,297,"42, 71, 76, 1","rf_probs",0,350,699,451,0.233333333333333,0.333651096282173,0,0.436953807740325,0.333651096282173,0.378378378378378,"rf_probs",0,105,226,143,0.221518987341772,0.317220543806647,0,0.423387096774194,0.317220543806647,0.362694300518135,"rf_probs",0,245,473,308,0.238791423001949,0.341225626740947,0,0.443037974683544,0.341225626740947,0.38552321007081
2000,1000,80,0.3,0.05,"a",FALSE,0.5,0,297,"42, 71, 76, 1","rf_class",428,1019,30,23,0.964666666666667,0.971401334604385,0.9490022172949,0.977927063339731,0.971401334604385,0.974653275944524,"rf_class",138,324,7,5,0.974683544303797,0.978851963746224,0.965034965034965,0.984802431610942,0.978851963746224,0.981818181818182,"rf_class",290,695,23,18,0.960038986354776,0.967966573816156,0.941558441558442,0.974754558204769,0.967966573816156,0.971348707197764
2000,1000,80,0.3,0.05,"a",FALSE,0.5,0,298,"45, 78, 23, 77","IRT",458,985,49,8,0.962,0.952611218568665,0.982832618025751,0.991943605236657,0.952611218568665,0.971879625061668,"IRT",152,333,17,2,0.962301587301587,0.951428571428571,0.987012987012987,0.994029850746269,0.951428571428571,0.972262773722628,"IRT",306,652,32,6,0.961847389558233,0.953216374269006,0.980769230769231,0.990881458966565,0.953216374269006,0.971684053651267
2000,1000,80,0.3,0.05,"a",FALSE,0.5,0,298,"45, 78, 23, 77","rf_probs",0,389,645,466,0.259333333333333,0.376208897485493,0,0.454970760233918,0.376208897485493,0.411858125992589,"rf_probs",0,125,225,154,0.248015873015873,0.357142857142857,0,0.448028673835125,0.357142857142857,0.397456279809221,"rf_probs",0,264,420,312,0.265060240963855,0.385964912280702,0,0.458333333333333,0.385964912280702,0.419047619047619
2000,1000,80,0.3,0.05,"a",FALSE,0.5,0,298,"45, 78, 23, 77","rf_class",448,989,45,18,0.958,0.956479690522244,0.96137339055794,0.982125124131082,0.956479690522244,0.969132778049976,"rf_class",150,333,17,4,0.958333333333333,0.951428571428571,0.974025974025974,0.98813056379822,0.951428571428571,0.96943231441048,"rf_class",298,656,28,14,0.957831325301205,0.95906432748538,0.955128205128205,0.97910447761194,0.95906432748538,0.968980797636632
2000,1000,80,0.3,0.05,"a",FALSE,0.5,0,299,"42, 67, 76, 6","IRT",464,979,47,10,0.962,0.954191033138402,0.978902953586498,0.989888776541962,0.954191033138402,0.971712158808933,"IRT",158,338,14,3,0.966861598440546,0.960227272727273,0.981366459627329,0.991202346041056,0.960227272727273,0.975468975468975,"IRT",306,641,33,7,0.959473150962513,0.951038575667656,0.977635782747604,0.989197530864197,0.951038575667656,0.969742813918306
2000,1000,80,0.3,0.05,"a",FALSE,0.5,0,299,"42, 67, 76, 6","rf_probs",0,361,665,474,0.240666666666667,0.351851851851852,0,0.432335329341317,0.351851851851852,0.387963460505105,"rf_probs",0,126,226,161,0.245614035087719,0.357954545454545,0,0.439024390243902,0.357954545454545,0.394366197183099,"rf_probs",0,235,439,313,0.238095238095238,0.3486646884273,0,0.428832116788321,0.3486646884273,0.384615384615385
2000,1000,80,0.3,0.05,"a",FALSE,0.5,0,299,"42, 67, 76, 6","rf_class",449,989,37,25,0.958666666666667,0.963937621832359,0.947257383966245,0.97534516765286,0.963937621832359,0.969607843137255,"rf_class",154,338,14,7,0.95906432748538,0.960227272727273,0.956521739130435,0.979710144927536,0.960227272727273,0.96987087517934,"rf_class",295,651,23,18,0.958459979736575,0.965875370919881,0.942492012779553,0.973094170403587,0.965875370919881,0.969471332836932
2000,1000,80,0.3,0.05,"a",FALSE,0.5,0,300,"14, 76, 23, 37","IRT",417,1025,40,18,0.961333333333333,0.962441314553991,0.958620689655172,0.98274209012464,0.962441314553991,0.972485768500949,"IRT",141,336,11,5,0.967545638945233,0.968299711815562,0.965753424657534,0.98533724340176,0.968299711815562,0.976744186046512,"IRT",276,689,29,13,0.958291956305859,0.959610027855153,0.955017301038062,0.981481481481482,0.959610027855153,0.970422535211268
2000,1000,80,0.3,0.05,"a",FALSE,0.5,0,300,"14, 76, 23, 37","rf_probs",0,351,714,435,0.234,0.329577464788732,0,0.446564885496183,0.329577464788732,0.379254457050243,"rf_probs",0,103,244,146,0.208924949290061,0.296829971181556,0,0.413654618473896,0.296829971181556,0.345637583892618,"rf_probs",0,248,470,289,0.246276067527309,0.345403899721448,0,0.461824953445065,0.345403899721448,0.395219123505976
2000,1000,80,0.3,0.05,"a",FALSE,0.5,0,300,"14, 76, 23, 37","rf_class",414,1031,34,21,0.963333333333333,0.968075117370892,0.951724137931034,0.980038022813688,0.968075117370892,0.974019839395371,"rf_class",141,336,11,5,0.967545638945233,0.968299711815562,0.965753424657534,0.98533724340176,0.968299711815562,0.976744186046512,"rf_class",273,695,23,16,0.961271102284012,0.967966573816156,0.944636678200692,0.977496483825598,0.967966573816156,0.972708187543737
2000,1000,80,0.3,0.05,"a",FALSE,0.5,0,301,"65, 64, 54, 43","IRT",429,1007,58,6,0.957333333333333,0.945539906103286,0.986206896551724,0.994076999012833,0.945539906103286,0.969201154956689,"IRT",151,347,19,2,0.959537572254335,0.948087431693989,0.986928104575163,0.994269340974212,0.948087431693989,0.970629370629371,"IRT",278,660,39,4,0.956167176350663,0.944206008583691,0.985815602836879,0.993975903614458,0.944206008583691,0.968451944240646
2000,1000,80,0.3,0.05,"a",FALSE,0.5,0,301,"65, 64, 54, 43","rf_probs",0,385,680,435,0.256666666666667,0.36150234741784,0,0.469512195121951,0.36150234741784,0.408488063660477,"rf_probs",0,138,228,153,0.265895953757225,0.377049180327869,0,0.474226804123711,0.377049180327869,0.420091324200913,"rf_probs",0,247,452,282,0.251783893985729,0.353361945636624,0,0.466918714555766,0.353361945636624,0.40228013029316
2000,1000,80,0.3,0.05,"a",FALSE,0.5,0,301,"65, 64, 54, 43","rf_class",416,1024,41,19,0.96,0.96150234741784,0.95632183908046,0.981783317353787,0.96150234741784,0.971537001897533,"rf_class",147,353,13,6,0.963391136801541,0.96448087431694,0.96078431372549,0.983286908077994,0.96448087431694,0.973793103448276,"rf_class",269,671,28,13,0.958205912334353,0.959942775393419,0.953900709219858,0.980994152046784,0.959942775393419,0.970354302241504
2000,1000,80,0.3,0.05,"a",FALSE,0.5,0,302,"72, 38, 20, 2","IRT",459,984,51,6,0.962,0.950724637681159,0.987096774193548,0.993939393939394,0.950724637681159,0.971851851851852,"IRT",150,333,24,2,0.948919449901768,0.932773109243697,0.986842105263158,0.994029850746269,0.932773109243697,0.96242774566474,"IRT",309,651,27,4,0.968718466195762,0.960176991150443,0.987220447284345,0.993893129770992,0.960176991150443,0.976744186046512
2000,1000,80,0.3,0.05,"a",FALSE,0.5,0,302,"72, 38, 20, 2","rf_probs",0,378,657,465,0.252,0.365217391304348,0,0.448398576512456,0.365217391304348,0.402555910543131,"rf_probs",0,132,225,152,0.259332023575639,0.369747899159664,0,0.464788732394366,0.369747899159664,0.41185647425897,"rf_probs",0,246,432,313,0.248234106962664,0.36283185840708,0,0.440071556350626,0.36283185840708,0.397736459175424
2000,1000,80,0.3,0.05,"a",FALSE,0.5,0,302,"72, 38, 20, 2","rf_class",441,1004,31,24,0.963333333333333,0.970048309178744,0.948387096774194,0.976653696498054,0.970048309178744,0.973339796412991,"rf_class",142,342,15,10,0.950884086444008,0.957983193277311,0.934210526315789,0.971590909090909,0.957983193277311,0.964739069111424,"rf_class",299,662,16,14,0.969727547931382,0.976401179941003,0.955271565495208,0.979289940828402,0.976401179941003,0.977843426883309
2000,1000,80,0.3,0.05,"a",FALSE,0.5,0,303,"18, 30, 42, 7","IRT",447,1014,28,11,0.974,0.973128598848369,0.975982532751092,0.989268292682927,0.973128598848369,0.981132075471698,"IRT",149,352,8,2,0.980430528375734,0.977777777777778,0.986754966887417,0.994350282485876,0.977777777777778,0.985994397759104,"IRT",298,662,20,9,0.970677451971689,0.970674486803519,0.970684039087948,0.986587183308495,0.970674486803519,0.978566149297857
2000,1000,80,0.3,0.05,"a",FALSE,0.5,0,303,"18, 30, 42, 7","rf_probs",0,358,684,458,0.238666666666667,0.343570057581574,0,0.438725490196078,0.343570057581574,0.385360602798708,"rf_probs",0,113,247,151,0.221135029354207,0.313888888888889,0,0.428030303030303,0.313888888888889,0.362179487179487,"rf_probs",0,245,437,307,0.247724974721941,0.359237536656892,0,0.443840579710145,0.359237536656892,0.39708265802269
2000,1000,80,0.3,0.05,"a",FALSE,0.5,0,303,"18, 30, 42, 7","rf_class",438,1012,30,20,0.966666666666667,0.971209213051823,0.956331877729258,0.98062015503876,0.971209213051823,0.975891996142719,"rf_class",145,353,7,6,0.974559686888454,0.980555555555556,0.960264900662252,0.983286908077994,0.980555555555556,0.98191933240612,"rf_class",293,659,23,14,0.962588473205258,0.966275659824047,0.954397394136808,0.979197622585438,0.966275659824047,0.972693726937269
2000,1000,80,0.3,0.05,"a",FALSE,0.5,0,304,"3, 38, 71, 61","IRT",434,1005,40,21,0.959333333333333,0.961722488038278,0.953846153846154,0.97953216374269,0.961722488038278,0.970545630130372,"IRT",151,313,11,8,0.960662525879917,0.966049382716049,0.949685534591195,0.975077881619938,0.966049382716049,0.970542635658915,"IRT",283,692,29,13,0.958702064896755,0.959778085991678,0.956081081081081,0.981560283687943,0.959778085991678,0.97054698457223
2000,1000,80,0.3,0.05,"a",FALSE,0.5,0,304,"3, 38, 71, 61","rf_probs",0,406,639,455,0.270666666666667,0.388516746411483,0,0.471544715447154,0.388516746411483,0.426023084994753,"rf_probs",0,129,195,159,0.267080745341615,0.398148148148148,0,0.447916666666667,0.398148148148148,0.42156862745098,"rf_probs",0,277,444,296,0.272369714847591,0.384188626907074,0,0.483420593368237,0.384188626907074,0.428129829984544
2000,1000,80,0.3,0.05,"a",FALSE,0.5,0,304,"3, 38, 71, 61","rf_class",430,1011,34,25,0.960666666666667,0.967464114832536,0.945054945054945,0.975868725868726,0.967464114832536,0.97164824603556,"rf_class",148,316,8,11,0.960662525879917,0.975308641975309,0.930817610062893,0.966360856269113,0.975308641975309,0.970814132104455,"rf_class",282,695,26,14,0.960668633235005,0.963938973647712,0.952702702702703,0.980253878702398,0.963938973647712,0.972027972027972
2000,1000,80,0.3,0.05,"a",FALSE,0.5,0,305,"32, 80, 27, 23","IRT",449,987,56,8,0.957333333333333,0.946308724832215,0.982494529540481,0.991959798994975,0.946308724832215,0.968596663395486,"IRT",167,321,15,4,0.962524654832347,0.955357142857143,0.976608187134503,0.987692307692308,0.955357142857143,0.97125567322239,"IRT",282,666,41,4,0.954682779456193,0.942008486562942,0.986013986013986,0.994029850746269,0.942008486562942,0.967320261437909
2000,1000,80,0.3,0.05,"a",FALSE,0.5,0,305,"32, 80, 27, 23","rf_probs",0,378,665,457,0.252,0.36241610738255,0,0.452694610778443,0.36241610738255,0.402555910543131,"rf_probs",0,130,206,171,0.256410256410256,0.386904761904762,0,0.431893687707641,0.386904761904762,0.408163265306122,"rf_probs",0,248,459,286,0.249748237663646,0.350777934936351,0,0.464419475655431,0.350777934936351,0.399677679290894
2000,1000,80,0.3,0.05,"a",FALSE,0.5,0,305,"32, 80, 27, 23","rf_class",434,1010,33,23,0.962666666666667,0.968360498561841,0.949671772428884,0.977734753146176,0.968360498561841,0.973025048169557,"rf_class",162,326,10,9,0.962524654832347,0.970238095238095,0.947368421052632,0.973134328358209,0.970238095238095,0.971684053651267,"rf_class",272,684,23,14,0.962739174219537,0.967468175388967,0.951048951048951,0.979942693409742,0.967468175388967,0.973665480427046
2000,1000,80,0.3,0.05,"a",FALSE,0.5,0,306,"27, 38, 20, 18","IRT",449,988,52,11,0.958,0.95,0.976086956521739,0.988988988988989,0.95,0.969102501226091,"IRT",153,319,21,3,0.951612903225806,0.938235294117647,0.980769230769231,0.990683229813665,0.938235294117647,0.963746223564955,"IRT",296,669,31,8,0.961155378486056,0.955714285714286,0.973684210526316,0.988183161004431,0.955714285714286,0.971677559912854
2000,1000,80,0.3,0.05,"a",FALSE,0.5,0,306,"27, 38, 20, 18","rf_probs",0,353,687,460,0.235333333333333,0.339423076923077,0,0.434194341943419,0.339423076923077,0.381003777657852,"rf_probs",0,119,221,156,0.23991935483871,0.35,0,0.432727272727273,0.35,0.386991869918699,"rf_probs",0,234,466,304,0.233067729083665,0.334285714285714,0,0.434944237918216,0.334285714285714,0.378029079159935
2000,1000,80,0.3,0.05,"a",FALSE,0.5,0,306,"27, 38, 20, 18","rf_class",434,1011,29,26,0.963333333333333,0.972115384615385,0.943478260869565,0.974927675988428,0.972115384615385,0.973519499277804,"rf_class",148,326,14,8,0.955645161290323,0.958823529411765,0.948717948717949,0.976047904191617,0.958823529411765,0.967359050445104,"rf_class",286,685,15,18,0.967131474103586,0.978571428571429,0.940789473684211,0.974395448079659,0.978571428571429,0.97647897362794
2000,1000,80,0.3,0.05,"a",FALSE,0.5,0,307,"43, 26, 29, 18","IRT",423,1035,23,19,0.972,0.978260869565217,0.957013574660634,0.981973434535104,0.978260869565217,0.980113636363636,"IRT",131,357,9,7,0.968253968253968,0.975409836065574,0.949275362318841,0.980769230769231,0.975409836065574,0.978082191780822,"IRT",292,678,14,12,0.973895582329317,0.979768786127168,0.960526315789474,0.982608695652174,0.979768786127168,0.981186685962373
2000,1000,80,0.3,0.05,"a",FALSE,0.5,0,307,"43, 26, 29, 18","rf_probs",0,381,677,442,0.254,0.360113421550095,0,0.462940461725395,0.360113421550095,0.405103668261563,"rf_probs",0,128,238,138,0.253968253968254,0.349726775956284,0,0.481203007518797,0.349726775956284,0.405063291139241,"rf_probs",0,253,439,304,0.254016064257028,0.365606936416185,0,0.454219030520646,0.365606936416185,0.405124099279424
2000,1000,80,0.3,0.05,"a",FALSE,0.5,0,307,"43, 26, 29, 18","rf_class",418,1026,32,24,0.962666666666667,0.969754253308129,0.945701357466063,0.977142857142857,0.969754253308129,0.973434535104364,"rf_class",129,357,9,9,0.964285714285714,0.975409836065574,0.934782608695652,0.975409836065574,0.975409836065574,0.975409836065574,"rf_class",289,669,23,15,0.961847389558233,0.966763005780347,0.950657894736842,0.978070175438597,0.966763005780347,0.972383720930233
2000,1000,80,0.3,0.05,"a",FALSE,0.5,0,308,"20, 54, 74, 39","IRT",440,1018,29,13,0.972,0.972301814708691,0.971302428256071,0.987390882638215,0.972301814708691,0.979788257940327,"IRT",142,334,11,5,0.967479674796748,0.968115942028986,0.965986394557823,0.985250737463127,0.968115942028986,0.976608187134503,"IRT",298,684,18,8,0.974206349206349,0.974358974358974,0.973856209150327,0.988439306358382,0.974358974358974,0.981348637015782
2000,1000,80,0.3,0.05,"a",FALSE,0.5,0,308,"20, 54, 74, 39","rf_probs",0,343,704,453,0.228666666666667,0.327602674307545,0,0.430904522613065,0.327602674307545,0.372219207813348,"rf_probs",0,109,236,147,0.221544715447154,0.315942028985507,0,0.42578125,0.315942028985507,0.362728785357737,"rf_probs",0,234,468,306,0.232142857142857,0.333333333333333,0,0.433333333333333,0.333333333333333,0.376811594202899
2000,1000,80,0.3,0.05,"a",FALSE,0.5,0,308,"20, 54, 74, 39","rf_class",430,1014,33,23,0.962666666666667,0.968481375358166,0.949227373068433,0.977820636451302,0.968481375358166,0.973128598848369,"rf_class",137,334,11,10,0.957317073170732,0.968115942028986,0.931972789115646,0.970930232558139,0.968115942028986,0.969521044992743,"rf_class",293,680,22,13,0.965277777777778,0.968660968660969,0.957516339869281,0.981240981240981,0.968660968660969,0.974910394265233
2000,1000,80,0.3,0.05,"a",FALSE,0.5,0,309,"36, 3, 74, 52","IRT",435,1023,26,16,0.972,0.975214489990467,0.964523281596452,0.984600577478345,0.975214489990467,0.979885057471264,"IRT",143,333,10,7,0.96551724137931,0.970845481049563,0.953333333333333,0.979411764705882,0.970845481049563,0.97510980966325,"IRT",292,690,16,9,0.975173783515392,0.977337110481586,0.970099667774086,0.987124463519313,0.977337110481586,0.98220640569395
2000,1000,80,0.3,0.05,"a",FALSE,0.5,0,309,"36, 3, 74, 52","rf_probs",0,370,679,451,0.246666666666667,0.352716873212583,0,0.450669914738124,0.352716873212583,0.39572192513369,"rf_probs",0,118,225,150,0.239350912778905,0.34402332361516,0,0.440298507462687,0.34402332361516,0.386252045826514,"rf_probs",0,252,454,301,0.250248262164846,0.356940509915014,0,0.455696202531646,0.356940509915014,0.400317712470214
2000,1000,80,0.3,0.05,"a",FALSE,0.5,0,309,"36, 3, 74, 52","rf_class",433,1013,36,18,0.964,0.965681601525262,0.960088691796009,0.982541222114452,0.965681601525262,0.974038461538462,"rf_class",144,330,13,6,0.961460446247465,0.962099125364432,0.96,0.982142857142857,0.962099125364432,0.972017673048601,"rf_class",289,683,23,12,0.965243296921549,0.96742209631728,0.960132890365448,0.98273381294964,0.96742209631728,0.975017844396859
2000,1000,80,0.3,0.05,"a",FALSE,0.5,0,310,"16, 45, 36, 64","IRT",441,1005,44,10,0.964,0.958055290753098,0.977827050997783,0.990147783251232,0.958055290753098,0.973837209302326,"IRT",167,307,19,1,0.959514170040486,0.941717791411043,0.994047619047619,0.996753246753247,0.941717791411043,0.968454258675079,"IRT",274,698,25,9,0.966202783300199,0.965421853388658,0.968197879858657,0.987270155586987,0.965421853388658,0.976223776223776
2000,1000,80,0.3,0.05,"a",FALSE,0.5,0,310,"16, 45, 36, 64","rf_probs",0,345,704,451,0.23,0.328884652049571,0,0.433417085427136,0.328884652049571,0.373983739837398,"rf_probs",0,110,216,168,0.222672064777328,0.337423312883436,0,0.39568345323741,0.337423312883436,0.364238410596026,"rf_probs",0,235,488,283,0.233598409542744,0.325034578146611,0,0.453667953667954,0.325034578146611,0.378726833199033
2000,1000,80,0.3,0.05,"a",FALSE,0.5,0,310,"16, 45, 36, 64","rf_class",434,1010,39,17,0.962666666666667,0.962821734985701,0.962305986696231,0.983446932814021,0.962821734985701,0.973025048169557,"rf_class",162,309,17,6,0.953441295546559,0.947852760736196,0.964285714285714,0.980952380952381,0.947852760736196,0.96411856474259,"rf_class",272,701,22,11,0.967196819085487,0.969571230982019,0.96113074204947,0.984550561797753,0.969571230982019,0.977003484320557
2000,1000,80,0.3,0.05,"a",FALSE,0.5,0,311,"7, 29, 53, 44","IRT",456,984,49,11,0.96,0.952565343659245,0.97644539614561,0.98894472361809,0.952565343659245,0.970414201183432,"IRT",145,330,15,4,0.961538461538462,0.956521739130435,0.973154362416107,0.988023952095808,0.956521739130435,0.972017673048601,"IRT",311,654,34,7,0.959244532803181,0.950581395348837,0.977987421383648,0.989409984871407,0.950581395348837,0.969607116382506
2000,1000,80,0.3,0.05,"a",FALSE,0.5,0,311,"7, 29, 53, 44","rf_probs",0,333,700,467,0.222,0.322362052274927,0,0.41625,0.322362052274927,0.363338788870704,"rf_probs",0,107,238,149,0.216599190283401,0.310144927536232,0,0.41796875,0.310144927536232,0.356073211314476,"rf_probs",0,226,462,318,0.224652087475149,0.328488372093023,0,0.415441176470588,0.328488372093023,0.366883116883117
2000,1000,80,0.3,0.05,"a",FALSE,0.5,0,311,"7, 29, 53, 44","rf_class",441,1002,31,26,0.962,0.96999031945789,0.944325481798715,0.974708171206226,0.96999031945789,0.972343522561863,"rf_class",143,334,11,6,0.965587044534413,0.968115942028986,0.959731543624161,0.982352941176471,0.968115942028986,0.975182481751825,"rf_class",298,668,20,20,0.960238568588469,0.970930232558139,0.937106918238994,0.970930232558139,0.970930232558139,0.970930232558139
2000,1000,80,0.3,0.05,"a",FALSE,0.5,0,312,"80, 52, 40, 63","IRT",429,1028,28,15,0.971333333333333,0.973484848484849,0.966216216216216,0.9856184084372,0.973484848484849,0.979514054311577,"IRT",154,334,11,5,0.968253968253968,0.968115942028986,0.968553459119497,0.985250737463127,0.968115942028986,0.976608187134503,"IRT",275,694,17,10,0.97289156626506,0.976090014064698,0.964912280701754,0.985795454545455,0.976090014064698,0.980918727915194
2000,1000,80,0.3,0.05,"a",FALSE,0.5,0,312,"80, 52, 40, 63","rf_probs",0,346,710,444,0.230666666666667,0.327651515151515,0,0.437974683544304,0.327651515151515,0.374864572047671,"rf_probs",0,123,222,159,0.244047619047619,0.356521739130435,0,0.436170212765957,0.356521739130435,0.392344497607655,"rf_probs",0,223,488,285,0.223895582329317,0.313642756680731,0,0.438976377952756,0.313642756680731,0.365873666940115
2000,1000,80,0.3,0.05,"a",FALSE,0.5,0,312,"80, 52, 40, 63","rf_class",424,1024,32,20,0.965333333333333,0.96969696969697,0.954954954954955,0.980842911877395,0.96969696969697,0.975238095238095,"rf_class",151,332,13,8,0.958333333333333,0.96231884057971,0.949685534591195,0.976470588235294,0.96231884057971,0.969343065693431,"rf_class",273,692,19,12,0.968875502008032,0.973277074542897,0.957894736842105,0.982954545454545,0.973277074542897,0.978091872791519
2000,1000,80,0.3,0.05,"a",FALSE,0.5,0,313,"57, 34, 49, 58","IRT",438,974,80,8,0.941333333333333,0.924098671726755,0.982062780269058,0.991853360488798,0.924098671726755,0.956777996070727,"IRT",159,320,24,1,0.950396825396825,0.930232558139535,0.99375,0.996884735202492,0.930232558139535,0.962406015037594,"IRT",279,654,56,7,0.936746987951807,0.92112676056338,0.975524475524476,0.989409984871407,0.92112676056338,0.954048140043764
2000,1000,80,0.3,0.05,"a",FALSE,0.5,0,313,"57, 34, 49, 58","rf_probs",0,385,669,446,0.256666666666667,0.365275142314991,0,0.463297232250301,0.365275142314991,0.408488063660477,"rf_probs",0,127,217,160,0.251984126984127,0.369186046511628,0,0.442508710801394,0.369186046511628,0.402535657686212,"rf_probs",0,258,452,286,0.259036144578313,0.363380281690141,0,0.474264705882353,0.363380281690141,0.411483253588517
2000,1000,80,0.3,0.05,"a",FALSE,0.5,0,313,"57, 34, 49, 58","rf_class",429,1010,44,17,0.959333333333333,0.958254269449715,0.961883408071749,0.983446932814021,0.958254269449715,0.970687169629986,"rf_class",156,328,16,4,0.96031746031746,0.953488372093023,0.975,0.987951807228916,0.953488372093023,0.970414201183432,"rf_class",273,682,28,13,0.958835341365462,0.96056338028169,0.954545454545455,0.981294964028777,0.96056338028169,0.970818505338078
2000,1000,80,0.3,0.05,"a",FALSE,0.5,0,314,"79, 28, 73, 64","IRT",432,1012,29,27,0.962666666666667,0.972142170989433,0.941176470588235,0.974013474494706,0.972142170989433,0.973076923076923,"IRT",156,332,8,12,0.960629921259842,0.976470588235294,0.928571428571429,0.965116279069767,0.976470588235294,0.970760233918129,"IRT",276,680,21,15,0.963709677419355,0.970042796005706,0.948453608247423,0.97841726618705,0.970042796005706,0.974212034383954
2000,1000,80,0.3,0.05,"a",FALSE,0.5,0,314,"79, 28, 73, 64","rf_probs",0,377,664,459,0.251333333333333,0.362151777137368,0,0.450956937799043,0.362151777137368,0.401704848161961,"rf_probs",0,118,222,168,0.232283464566929,0.347058823529412,0,0.412587412587413,0.347058823529412,0.376996805111821,"rf_probs",0,259,442,291,0.261088709677419,0.369472182596291,0,0.470909090909091,0.369472182596291,0.414068745003997
2000,1000,80,0.3,0.05,"a",FALSE,0.5,0,314,"79, 28, 73, 64","rf_class",427,1013,28,32,0.96,0.973102785782901,0.930283224400871,0.969377990430622,0.973102785782901,0.971236816874401,"rf_class",155,331,9,13,0.956692913385827,0.973529411764706,0.922619047619048,0.962209302325581,0.973529411764706,0.967836257309942,"rf_class",272,682,19,19,0.961693548387097,0.972895863052782,0.934707903780069,0.972895863052782,0.972895863052782,0.972895863052782
2000,1000,80,0.3,0.05,"a",FALSE,0.5,0,315,"70, 49, 51, 21","IRT",422,1026,40,12,0.965333333333333,0.962476547842402,0.972350230414747,0.988439306358382,0.962476547842402,0.975285171102662,"IRT",125,357,20,7,0.946954813359528,0.946949602122016,0.946969696969697,0.980769230769231,0.946949602122016,0.963562753036437,"IRT",297,669,20,5,0.974772956609485,0.970972423802613,0.983443708609272,0.992581602373887,0.970972423802613,0.981658107116654
2000,1000,80,0.3,0.05,"a",FALSE,0.5,0,315,"70, 49, 51, 21","rf_probs",0,350,716,434,0.233333333333333,0.328330206378987,0,0.446428571428571,0.328330206378987,0.378378378378378,"rf_probs",0,137,240,132,0.269155206286837,0.363395225464191,0,0.509293680297398,0.363395225464191,0.424148606811146,"rf_probs",0,213,476,302,0.214934409687185,0.309143686502177,0,0.413592233009709,0.309143686502177,0.353820598006645
2000,1000,80,0.3,0.05,"a",FALSE,0.5,0,315,"70, 49, 51, 21","rf_class",417,1024,42,17,0.960666666666667,0.960600375234522,0.960829493087558,0.983669548511047,0.960600375234522,0.971998101566208,"rf_class",123,353,24,9,0.93516699410609,0.936339522546419,0.931818181818182,0.975138121546961,0.936339522546419,0.955345060893099,"rf_class",294,671,18,8,0.973763874873865,0.973875181422351,0.973509933774834,0.988217967599411,0.973875181422351,0.980994152046784
2000,1000,80,0.3,0.05,"a",FALSE,0.5,0,316,"49, 14, 48, 13","IRT",433,1019,36,12,0.968,0.965876777251185,0.973033707865169,0.988360814742968,0.965876777251185,0.976989453499521,"IRT",144,337,14,3,0.965863453815261,0.96011396011396,0.979591836734694,0.991176470588235,0.96011396011396,0.975397973950796,"IRT",289,682,22,9,0.969061876247505,0.96875,0.969798657718121,0.986975397973951,0.96875,0.977777777777778
2000,1000,80,0.3,0.05,"a",FALSE,0.5,0,316,"49, 14, 48, 13","rf_probs",0,351,704,445,0.234,0.332701421800948,0,0.440954773869347,0.332701421800948,0.379254457050243,"rf_probs",0,115,236,147,0.230923694779116,0.327635327635328,0,0.438931297709924,0.327635327635328,0.375203915171289,"rf_probs",0,236,468,298,0.235528942115768,0.335227272727273,0,0.441947565543071,0.335227272727273,0.381260096930533
2000,1000,80,0.3,0.05,"a",FALSE,0.5,0,316,"49, 14, 48, 13","rf_class",427,1005,50,18,0.954666666666667,0.95260663507109,0.959550561797753,0.982404692082111,0.95260663507109,0.967276227141482,"rf_class",144,333,18,3,0.957831325301205,0.948717948717949,0.979591836734694,0.991071428571429,0.948717948717949,0.96943231441048,"rf_class",283,672,32,15,0.953093812375249,0.954545454545455,0.949664429530201,0.978165938864629,0.954545454545455,0.966211358734723
2000,1000,80,0.3,0.05,"a",FALSE,0.5,0,317,"71, 8, 59, 65","IRT",442,996,51,11,0.958666666666667,0.951289398280802,0.975717439293598,0.989076464746773,0.951289398280802,0.969814995131451,"IRT",150,351,21,3,0.954285714285714,0.943548387096774,0.980392156862745,0.991525423728814,0.943548387096774,0.966942148760331,"IRT",292,645,30,8,0.961025641025641,0.955555555555556,0.973333333333333,0.987748851454824,0.955555555555556,0.971385542168675
2000,1000,80,0.3,0.05,"a",FALSE,0.5,0,317,"71, 8, 59, 65","rf_probs",0,365,682,453,0.243333333333333,0.348615090735435,0,0.446210268948655,0.348615090735435,0.39142091152815,"rf_probs",0,128,244,153,0.243809523809524,0.344086021505376,0,0.455516014234875,0.344086021505376,0.392036753445636,"rf_probs",0,237,438,300,0.243076923076923,0.351111111111111,0,0.441340782122905,0.351111111111111,0.391089108910891
2000,1000,80,0.3,0.05,"a",FALSE,0.5,0,317,"71, 8, 59, 65","rf_class",433,999,48,20,0.954666666666667,0.954154727793696,0.955849889624724,0.980372914622179,0.954154727793696,0.967086156824782,"rf_class",148,352,20,5,0.952380952380952,0.946236559139785,0.967320261437909,0.985994397759104,0.946236559139785,0.965706447187929,"rf_class",285,647,28,15,0.955897435897436,0.958518518518519,0.95,0.977341389728097,0.958518518518519,0.967838444278235
2000,1000,80,0.3,0.05,"a",FALSE,0.5,0,318,"68, 66, 30, 3","IRT",458,992,28,22,0.966666666666667,0.972549019607843,0.954166666666667,0.978303747534517,0.972549019607843,0.975417895771878,"IRT",154,340,11,8,0.962962962962963,0.968660968660969,0.950617283950617,0.977011494252874,0.968660968660969,0.972818311874106,"IRT",304,652,17,14,0.968591691995947,0.974588938714499,0.955974842767296,0.978978978978979,0.974588938714499,0.976779026217229
2000,1000,80,0.3,0.05,"a",FALSE,0.5,0,318,"68, 66, 30, 3","rf_probs",0,322,698,480,0.214666666666667,0.315686274509804,0,0.401496259351621,0.315686274509804,0.353457738748628,"rf_probs",0,116,235,162,0.226120857699805,0.33048433048433,0,0.41726618705036,0.33048433048433,0.368839427662957,"rf_probs",0,206,463,318,0.20871327254306,0.307922272047833,0,0.393129770992366,0.307922272047833,0.345347862531433
2000,1000,80,0.3,0.05,"a",FALSE,0.5,0,318,"68, 66, 30, 3","rf_class",450,995,25,30,0.963333333333333,0.975490196078431,0.9375,0.970731707317073,0.975490196078431,0.973105134474328,"rf_class",152,345,6,10,0.968810916179337,0.982905982905983,0.938271604938272,0.971830985915493,0.982905982905983,0.977337110481586,"rf_class",298,650,19,20,0.96048632218845,0.971599402092676,0.937106918238994,0.970149253731343,0.971599402092676,0.970873786407767
2000,1000,80,0.3,0.05,"a",FALSE,0.5,0,319,"80, 58, 8, 57","IRT",437,1010,31,22,0.964666666666667,0.970220941402498,0.952069716775599,0.978682170542636,0.970220941402498,0.974433188615533,"IRT",133,330,15,4,0.960580912863071,0.956521739130435,0.970802919708029,0.988023952095808,0.956521739130435,0.972017673048601,"IRT",304,680,16,18,0.966601178781925,0.977011494252874,0.944099378881988,0.974212034383954,0.977011494252874,0.975609756097561
2000,1000,80,0.3,0.05,"a",FALSE,0.5,0,319,"80, 58, 8, 57","rf_probs",0,356,685,459,0.237333333333333,0.341978866474544,0,0.43680981595092,0.341978866474544,0.383620689655172,"rf_probs",0,117,228,137,0.242738589211618,0.339130434782609,0,0.460629921259843,0.339130434782609,0.390651085141903,"rf_probs",0,239,457,322,0.234774066797642,0.343390804597701,0,0.42602495543672,0.343390804597701,0.380270485282418
2000,1000,80,0.3,0.05,"a",FALSE,0.5,0,319,"80, 58, 8, 57","rf_class",424,1016,25,35,0.96,0.975984630163305,0.923747276688453,0.966698382492864,0.975984630163305,0.97131931166348,"rf_class",130,336,9,7,0.966804979253112,0.973913043478261,0.948905109489051,0.979591836734694,0.973913043478261,0.976744186046512,"rf_class",294,680,16,28,0.956777996070727,0.977011494252874,0.91304347826087,0.96045197740113,0.977011494252874,0.968660968660969
2000,1000,80,0.3,0.05,"a",FALSE,0.5,0,320,"52, 69, 71, 34","IRT",448,997,45,10,0.963333333333333,0.956813819577735,0.978165938864629,0.990069513406157,0.956813819577735,0.973157637872133,"IRT",143,327,11,3,0.971074380165289,0.967455621301775,0.979452054794521,0.990909090909091,0.967455621301775,0.979041916167665,"IRT",305,670,34,7,0.959645669291339,0.951704545454545,0.977564102564103,0.989660265878877,0.951704545454545,0.970311368573498
2000,1000,80,0.3,0.05,"a",FALSE,0.5,0,320,"52, 69, 71, 34","rf_probs",0,330,712,458,0.22,0.316698656429942,0,0.418781725888325,0.316698656429942,0.360655737704918,"rf_probs",0,109,229,146,0.225206611570248,0.322485207100592,0,0.427450980392157,0.322485207100592,0.367622259696459,"rf_probs",0,221,483,312,0.21751968503937,0.313920454545455,0,0.414634146341463,0.313920454545455,0.357316087308003
2000,1000,80,0.3,0.05,"a",FALSE,0.5,0,320,"52, 69, 71, 34","rf_class",429,1009,33,29,0.958666666666667,0.968330134357006,0.936681222707424,0.972061657032755,0.968330134357006,0.970192307692308,"rf_class",136,331,7,10,0.964876033057851,0.979289940828402,0.931506849315068,0.970674486803519,0.979289940828402,0.974963181148748,"rf_class",293,678,26,19,0.955708661417323,0.963068181818182,0.939102564102564,0.972740315638451,0.963068181818182,0.967880085653105
2000,1000,80,0.3,0.05,"a",FALSE,0.5,0,321,"21, 57, 25, 58","IRT",430,1020,36,14,0.966666666666667,0.965909090909091,0.968468468468468,0.986460348162476,0.965909090909091,0.976076555023924,"IRT",141,333,10,4,0.971311475409836,0.970845481049563,0.972413793103448,0.98813056379822,0.970845481049563,0.979411764705882,"IRT",289,687,26,10,0.964426877470356,0.963534361851332,0.966555183946488,0.985652797704448,0.963534361851332,0.974468085106383
2000,1000,80,0.3,0.05,"a",FALSE,0.5,0,321,"21, 57, 25, 58","rf_probs",0,334,722,444,0.222666666666667,0.316287878787879,0,0.429305912596401,0.316287878787879,0.36423118865867,"rf_probs",0,97,246,145,0.198770491803279,0.282798833819242,0,0.400826446280992,0.282798833819242,0.331623931623932,"rf_probs",0,237,476,299,0.234189723320158,0.332398316970547,0,0.442164179104478,0.332398316970547,0.379503602882306
2000,1000,80,0.3,0.05,"a",FALSE,0.5,0,321,"21, 57, 25, 58","rf_class",414,1029,27,30,0.962,0.974431818181818,0.932432432432432,0.971671388101983,0.974431818181818,0.973049645390071,"rf_class",133,335,8,12,0.959016393442623,0.97667638483965,0.917241379310345,0.965417867435158,0.97667638483965,0.971014492753623,"rf_class",281,694,19,18,0.963438735177866,0.973352033660589,0.939799331103679,0.974719101123595,0.973352033660589,0.974035087719298
2000,1000,80,0.3,0.05,"a",FALSE,0.5,0,322,"67, 39, 77, 73","IRT",435,1013,23,29,0.965333333333333,0.977799227799228,0.9375,0.972168905950096,0.977799227799228,0.97497593840231,"IRT",147,332,6,6,0.975560081466395,0.982248520710059,0.96078431372549,0.982248520710059,0.982248520710059,0.982248520710059,"IRT",288,681,17,23,0.960356788899901,0.975644699140401,0.92604501607717,0.967329545454545,0.975644699140401,0.971469329529244
2000,1000,80,0.3,0.05,"a",FALSE,0.5,0,322,"67, 39, 77, 73","rf_probs",0,327,709,464,0.218,0.315637065637066,0,0.413400758533502,0.315637065637066,0.357963875205255,"rf_probs",0,102,236,153,0.207739307535642,0.301775147928994,0,0.4,0.301775147928994,0.344013490725126,"rf_probs",0,225,473,311,0.222993062438057,0.322349570200573,0,0.419776119402985,0.322349570200573,0.364667747163695
2000,1000,80,0.3,0.05,"a",FALSE,0.5,0,322,"67, 39, 77, 73","rf_class",429,1004,32,35,0.955333333333333,0.969111969111969,0.924568965517241,0.966313763233879,0.969111969111969,0.967710843373494,"rf_class",146,331,7,7,0.971486761710794,0.979289940828402,0.954248366013072,0.979289940828402,0.979289940828402,0.979289940828402,"rf_class",283,673,25,28,0.947472745292369,0.964183381088825,0.909967845659164,0.960057061340941,0.964183381088825,0.962115796997856
2000,1000,80,0.3,0.05,"a",FALSE,0.5,0,323,"39, 61, 69, 45","IRT",437,1000,54,9,0.958,0.94876660341556,0.979820627802691,0.991080277502478,0.94876660341556,0.969461948618517,"IRT",137,346,21,5,0.948919449901768,0.942779291553134,0.964788732394366,0.985754985754986,0.942779291553134,0.963788300835655,"IRT",300,654,33,4,0.962663975782038,0.951965065502183,0.986842105263158,0.993920972644377,0.951965065502183,0.972490706319703
2000,1000,80,0.3,0.05,"a",FALSE,0.5,0,323,"39, 61, 69, 45","rf_probs",0,384,670,446,0.256,0.364326375711575,0,0.462650602409639,0.364326375711575,0.407643312101911,"rf_probs",0,143,224,142,0.280943025540275,0.389645776566757,0,0.501754385964912,0.389645776566757,0.438650306748466,"rf_probs",0,241,446,304,0.243188698284561,0.35080058224163,0,0.442201834862385,0.35080058224163,0.391233766233766
2000,1000,80,0.3,0.05,"a",FALSE,0.5,0,323,"39, 61, 69, 45","rf_class",420,1010,44,26,0.953333333333333,0.958254269449715,0.94170403587444,0.974903474903475,0.958254269449715,0.966507177033493,"rf_class",132,351,16,10,0.948919449901768,0.956403269754768,0.929577464788732,0.972299168975069,0.956403269754768,0.964285714285714,"rf_class",288,659,28,16,0.955600403632694,0.95924308588064,0.947368421052632,0.976296296296296,0.95924308588064,0.96769456681351
2000,1000,80,0.3,0.05,"a",FALSE,0.5,0,324,"5, 26, 72, 71","IRT",474,972,46,8,0.964,0.954813359528487,0.983402489626556,0.991836734693878,0.954813359528487,0.972972972972973,"IRT",157,334,17,3,0.960861056751468,0.951566951566952,0.98125,0.991097922848665,0.951566951566952,0.97093023255814,"IRT",317,638,29,5,0.965621840242669,0.956521739130435,0.984472049689441,0.992223950233281,0.956521739130435,0.974045801526717
2000,1000,80,0.3,0.05,"a",FALSE,0.5,0,324,"5, 26, 72, 71","rf_probs",0,373,645,482,0.248666666666667,0.366404715127701,0,0.43625730994152,0.366404715127701,0.398291510945008,"rf_probs",0,126,225,160,0.246575342465753,0.358974358974359,0,0.440559440559441,0.358974358974359,0.395604395604396,"rf_probs",0,247,420,322,0.249747219413549,0.370314842578711,0,0.434094903339192,0.370314842578711,0.399676375404531
2000,1000,80,0.3,0.05,"a",FALSE,0.5,0,324,"5, 26, 72, 71","rf_class",454,985,33,28,0.959333333333333,0.967583497053045,0.941908713692946,0.972359328726555,0.967583497053045,0.969965534219596,"rf_class",152,339,12,8,0.960861056751468,0.965811965811966,0.95,0.976945244956772,0.965811965811966,0.97134670487106,"rf_class",302,646,21,20,0.958543983822042,0.968515742128936,0.937888198757764,0.96996996996997,0.968515742128936,0.969242310577644
2000,1000,80,0.3,0.05,"a",FALSE,0.5,0,325,"57, 17, 5, 76","IRT",442,997,42,19,0.959333333333333,0.959576515880655,0.958785249457701,0.981299212598425,0.959576515880655,0.970316301703163,"IRT",150,336,12,7,0.962376237623762,0.96551724137931,0.955414012738854,0.979591836734694,0.96551724137931,0.972503617945007,"IRT",292,661,30,12,0.957788944723618,0.956584659913169,0.960526315789474,0.982169390787519,0.956584659913169,0.969208211143695
2000,1000,80,0.3,0.05,"a",FALSE,0.5,0,325,"57, 17, 5, 76","rf_probs",0,323,716,461,0.215333333333333,0.310875842155919,0,0.411989795918367,0.310875842155919,0.354360943499726,"rf_probs",0,98,250,157,0.194059405940594,0.281609195402299,0,0.384313725490196,0.281609195402299,0.325041459369818,"rf_probs",0,225,466,304,0.226130653266332,0.32561505065123,0,0.425330812854442,0.32561505065123,0.368852459016393
2000,1000,80,0.3,0.05,"a",FALSE,0.5,0,325,"57, 17, 5, 76","rf_class",435,1001,38,26,0.957333333333333,0.963426371511068,0.943600867678959,0.974683544303797,0.963426371511068,0.969022265246854,"rf_class",146,337,11,11,0.956435643564356,0.968390804597701,0.929936305732484,0.968390804597701,0.968390804597701,0.968390804597701,"rf_class",289,664,27,15,0.957788944723618,0.960926193921852,0.950657894736842,0.977908689248895,0.960926193921852,0.969343065693431
2000,1000,80,0.3,0.05,"a",FALSE,0.5,0,326,"13, 70, 59, 75","IRT",445,992,46,17,0.958,0.955684007707129,0.963203463203463,0.983151635282458,0.955684007707129,0.969223253541769,"IRT",141,313,14,6,0.957805907172996,0.957186544342508,0.959183673469388,0.981191222570533,0.957186544342508,0.969040247678018,"IRT",304,679,32,11,0.958089668615984,0.954992967651195,0.965079365079365,0.984057971014493,0.954992967651195,0.969307637401856
2000,1000,80,0.3,0.05,"a",FALSE,0.5,0,326,"13, 70, 59, 75","rf_probs",0,336,702,462,0.224,0.323699421965318,0,0.421052631578947,0.323699421965318,0.366013071895425,"rf_probs",0,99,228,147,0.208860759493671,0.302752293577982,0,0.402439024390244,0.302752293577982,0.345549738219895,"rf_probs",0,237,474,315,0.230994152046784,0.333333333333333,0,0.429347826086957,0.333333333333333,0.375296912114014
2000,1000,80,0.3,0.05,"a",FALSE,0.5,0,326,"13, 70, 59, 75","rf_class",430,1001,37,32,0.954,0.964354527938343,0.930735930735931,0.969022265246854,0.964354527938343,0.966682761950748,"rf_class",136,314,13,11,0.949367088607595,0.960244648318043,0.925170068027211,0.966153846153846,0.960244648318043,0.96319018404908,"rf_class",294,687,24,21,0.956140350877193,0.966244725738397,0.933333333333333,0.970338983050847,0.966244725738397,0.968287526427061
2000,1000,80,0.3,0.05,"a",FALSE,0.5,0,327,"21, 6, 59, 35","IRT",410,1034,38,18,0.962666666666667,0.96455223880597,0.957943925233645,0.982889733840304,0.96455223880597,0.973634651600753,"IRT",151,359,18,8,0.951492537313433,0.952254641909814,0.949685534591195,0.978201634877384,0.952254641909814,0.96505376344086,"IRT",259,675,20,10,0.968879668049793,0.971223021582734,0.962825278810409,0.985401459854015,0.971223021582734,0.978260869565217
2000,1000,80,0.3,0.05,"a",FALSE,0.5,0,327,"21, 6, 59, 35","rf_probs",0,414,658,428,0.276,0.386194029850746,0,0.491686460807601,0.386194029850746,0.432601880877743,"rf_probs",0,145,232,159,0.270522388059701,0.384615384615385,0,0.476973684210526,0.384615384615385,0.425844346549192,"rf_probs",0,269,426,269,0.279045643153527,0.38705035971223,0,0.5,0.38705035971223,0.436334144363341
2000,1000,80,0.3,0.05,"a",FALSE,0.5,0,327,"21, 6, 59, 35","rf_class",413,1014,58,15,0.951333333333333,0.94589552238806,0.964953271028037,0.985422740524781,0.94589552238806,0.965254640647311,"rf_class",154,351,26,5,0.942164179104478,0.931034482758621,0.968553459119497,0.985955056179775,0.931034482758621,0.957708049113233,"rf_class",259,663,32,10,0.95643153526971,0.953956834532374,0.962825278810409,0.985141158989599,0.953956834532374,0.969298245614035
2000,1000,80,0.3,0.05,"a",FALSE,0.5,0,328,"66, 46, 29, 67","IRT",432,1006,44,18,0.958666666666667,0.958095238095238,0.96,0.982421875,0.958095238095238,0.970106075216972,"IRT",140,330,16,7,0.953346855983773,0.953757225433526,0.952380952380952,0.979228486646884,0.953757225433526,0.966325036603221,"IRT",292,676,28,11,0.961271102284012,0.960227272727273,0.963696369636964,0.983988355167394,0.960227272727273,0.97196261682243
2000,1000,80,0.3,0.05,"a",FALSE,0.5,0,328,"66, 46, 29, 67","rf_probs",0,371,679,450,0.247333333333333,0.353333333333333,0,0.451887941534714,0.353333333333333,0.396579369321219,"rf_probs",0,122,224,147,0.247464503042596,0.352601156069364,0,0.453531598513011,0.352601156069364,0.396747967479675,"rf_probs",0,249,455,303,0.247269116186693,0.353693181818182,0,0.451086956521739,0.353693181818182,0.396496815286624
2000,1000,80,0.3,0.05,"a",FALSE,0.5,0,328,"66, 46, 29, 67","rf_class",414,1013,37,36,0.951333333333333,0.964761904761905,0.92,0.965681601525262,0.964761904761905,0.96522153406384,"rf_class",134,333,13,13,0.947261663286004,0.96242774566474,0.91156462585034,0.96242774566474,0.96242774566474,0.96242774566474,"rf_class",280,680,24,23,0.953326713008937,0.965909090909091,0.924092409240924,0.96728307254623,0.965909090909091,0.966595593461265
2000,1000,80,0.3,0.05,"a",FALSE,0.5,0,329,"69, 26, 12, 19","IRT",408,1027,27,38,0.956666666666667,0.97438330170778,0.914798206278027,0.964319248826291,0.97438330170778,0.969325153374233,"IRT",144,324,11,13,0.951219512195122,0.967164179104478,0.917197452229299,0.961424332344214,0.967164179104478,0.964285714285714,"IRT",264,703,16,25,0.959325396825397,0.977746870653686,0.913494809688581,0.965659340659341,0.977746870653686,0.971665514858328
2000,1000,80,0.3,0.05,"a",FALSE,0.5,0,329,"69, 26, 12, 19","rf_probs",0,382,672,446,0.254666666666667,0.362428842504744,0,0.461352657004831,0.362428842504744,0.405951115834219,"rf_probs",0,118,217,157,0.239837398373984,0.352238805970149,0,0.429090909090909,0.352238805970149,0.386885245901639,"rf_probs",0,264,455,289,0.261904761904762,0.367176634214186,0,0.477396021699819,0.367176634214186,0.415094339622642
2000,1000,80,0.3,0.05,"a",FALSE,0.5,0,329,"69, 26, 12, 19","rf_class",419,1013,41,27,0.954666666666667,0.961100569259962,0.939461883408072,0.974038461538462,0.961100569259962,0.967526265520535,"rf_class",147,320,15,10,0.949186991869919,0.955223880597015,0.936305732484076,0.96969696969697,0.955223880597015,0.962406015037594,"rf_class",272,693,26,17,0.95734126984127,0.963838664812239,0.941176470588235,0.976056338028169,0.963838664812239,0.969909027291812
2000,1000,80,0.3,0.05,"a",FALSE,0.5,0,330,"61, 26, 60, 80","IRT",430,1012,47,11,0.961333333333333,0.95561850802644,0.975056689342404,0.989247311827957,0.95561850802644,0.972142170989433,"IRT",149,343,17,1,0.964705882352941,0.952777777777778,0.993333333333333,0.997093023255814,0.952777777777778,0.974431818181818,"IRT",281,669,30,10,0.95959595959596,0.957081545064378,0.965635738831615,0.985272459499264,0.957081545064378,0.970972423802613
2000,1000,80,0.3,0.05,"a",FALSE,0.5,0,330,"61, 26, 60, 80","rf_probs",0,369,690,441,0.246,0.348441926345609,0,0.455555555555556,0.348441926345609,0.394863563402889,"rf_probs",0,125,235,150,0.245098039215686,0.347222222222222,0,0.454545454545455,0.347222222222222,0.393700787401575,"rf_probs",0,244,455,291,0.246464646464646,0.349070100143062,0,0.45607476635514,0.349070100143062,0.395461912479741
2000,1000,80,0.3,0.05,"a",FALSE,0.5,0,330,"61, 26, 60, 80","rf_class",413,1014,45,28,0.951333333333333,0.957507082152975,0.936507936507937,0.973128598848369,0.957507082152975,0.965254640647311,"rf_class",143,343,17,7,0.952941176470588,0.952777777777778,0.953333333333333,0.98,0.952777777777778,0.966197183098591,"rf_class",270,671,28,21,0.950505050505051,0.959942775393419,0.927835051546392,0.969653179190751,0.959942775393419,0.964773544212796
2000,1000,80,0.3,0.05,"a",FALSE,0.5,0,331,"5, 46, 51, 52","IRT",414,1041,41,4,0.97,0.962107208872458,0.990430622009569,0.996172248803828,0.962107208872458,0.978843441466855,"IRT",138,327,13,2,0.96875,0.961764705882353,0.985714285714286,0.993920972644377,0.961764705882353,0.977578475336323,"IRT",276,714,28,2,0.970588235294118,0.962264150943396,0.992805755395683,0.997206703910615,0.962264150943396,0.979423868312757
2000,1000,80,0.3,0.05,"a",FALSE,0.5,0,331,"5, 46, 51, 52","rf_probs",0,381,701,418,0.254,0.352125693160813,0,0.476846057571965,0.352125693160813,0.405103668261563,"rf_probs",0,114,226,140,0.2375,0.335294117647059,0,0.448818897637795,0.335294117647059,0.383838383838384,"rf_probs",0,267,475,278,0.261764705882353,0.359838274932615,0,0.489908256880734,0.359838274932615,0.414918414918415
2000,1000,80,0.3,0.05,"a",FALSE,0.5,0,331,"5, 46, 51, 52","rf_class",407,1043,39,11,0.966666666666667,0.963955637707948,0.973684210526316,0.989563567362429,0.963955637707948,0.976591760299625,"rf_class",135,328,12,5,0.964583333333333,0.964705882352941,0.964285714285714,0.984984984984985,0.964705882352941,0.974739970282318,"rf_class",272,715,27,6,0.967647058823529,0.963611859838275,0.97841726618705,0.991678224687933,0.963611859838275,0.977443609022556
2000,1000,80,0.3,0.05,"a",FALSE,0.5,0,332,"20, 75, 41, 1","IRT",396,1046,28,30,0.961333333333333,0.973929236499069,0.929577464788732,0.972118959107807,0.973929236499069,0.973023255813953,"IRT",132,325,7,9,0.966173361522199,0.978915662650602,0.936170212765957,0.973053892215569,0.978915662650602,0.975975975975976,"IRT",264,721,21,21,0.959104186952288,0.971698113207547,0.926315789473684,0.971698113207547,0.971698113207547,0.971698113207547
2000,1000,80,0.3,0.05,"a",FALSE,0.5,0,332,"20, 75, 41, 1","rf_probs",0,410,664,426,0.273333333333333,0.381750465549348,0,0.490430622009569,0.381750465549348,0.429319371727749,"rf_probs",0,122,210,141,0.257928118393235,0.367469879518072,0,0.463878326996198,0.367469879518072,0.410084033613445,"rf_probs",0,288,454,285,0.280428432327167,0.388140161725067,0,0.50261780104712,0.388140161725067,0.438022813688213
2000,1000,80,0.3,0.05,"a",FALSE,0.5,0,332,"20, 75, 41, 1","rf_class",399,1027,47,27,0.950666666666667,0.956238361266294,0.936619718309859,0.97438330170778,0.956238361266294,0.965225563909774,"rf_class",131,317,15,10,0.947145877378435,0.954819277108434,0.929078014184397,0.969418960244648,0.954819277108434,0.96206373292868,"rf_class",268,710,32,17,0.952288218111003,0.956873315363881,0.940350877192982,0.976616231086658,0.956873315363881,0.966643975493533
2000,1000,80,0.3,0.05,"a",FALSE,0.5,0,333,"76, 53, 64, 52","IRT",413,1034,43,10,0.964666666666667,0.960074280408542,0.976359338061466,0.990421455938697,0.960074280408542,0.975011786892975,"IRT",160,335,17,4,0.959302325581395,0.951704545454545,0.975609756097561,0.988200589970501,0.951704545454545,0.969609261939218,"IRT",253,699,26,6,0.967479674796748,0.964137931034483,0.976833976833977,0.991489361702128,0.964137931034483,0.977622377622378
2000,1000,80,0.3,0.05,"a",FALSE,0.5,0,333,"76, 53, 64, 52","rf_probs",0,367,710,423,0.244666666666667,0.340761374187558,0,0.464556962025316,0.340761374187558,0.393144081414033,"rf_probs",0,121,231,164,0.234496124031008,0.34375,0,0.424561403508772,0.34375,0.379905808477237,"rf_probs",0,246,479,259,0.25,0.339310344827586,0,0.487128712871287,0.339310344827586,0.4
2000,1000,80,0.3,0.05,"a",FALSE,0.5,0,333,"76, 53, 64, 52","rf_class",411,1032,45,12,0.962,0.958217270194986,0.971631205673759,0.988505747126437,0.958217270194986,0.973125884016973,"rf_class",161,335,17,3,0.961240310077519,0.951704545454545,0.981707317073171,0.99112426035503,0.951704545454545,0.971014492753623,"rf_class",250,697,28,9,0.96239837398374,0.961379310344828,0.965250965250965,0.987252124645892,0.961379310344828,0.974143955276031
2000,1000,80,0.3,0.05,"a",FALSE,0.5,0,334,"27, 35, 71, 43","IRT",438,1013,36,13,0.967333333333333,0.965681601525262,0.971175166297118,0.987329434697856,0.965681601525262,0.976385542168675,"IRT",157,333,15,5,0.96078431372549,0.956896551724138,0.969135802469136,0.985207100591716,0.956896551724138,0.970845481049563,"IRT",281,680,21,8,0.970707070707071,0.970042796005706,0.972318339100346,0.988372093023256,0.970042796005706,0.979121670266379
2000,1000,80,0.3,0.05,"a",FALSE,0.5,0,334,"27, 35, 71, 43","rf_probs",0,306,743,451,0.204,0.291706387035272,0,0.404227212681638,0.291706387035272,0.338870431893688,"rf_probs",0,96,252,162,0.188235294117647,0.275862068965517,0,0.372093023255814,0.275862068965517,0.316831683168317,"rf_probs",0,210,491,289,0.212121212121212,0.299572039942939,0,0.420841683366733,0.299572039942939,0.35
2000,1000,80,0.3,0.05,"a",FALSE,0.5,0,334,"27, 35, 71, 43","rf_class",432,1020,29,19,0.968,0.972354623450906,0.957871396895787,0.981713185755534,0.972354623450906,0.977011494252873,"rf_class",157,335,13,5,0.964705882352941,0.96264367816092,0.969135802469136,0.985294117647059,0.96264367816092,0.973837209302326,"rf_class",275,685,16,14,0.96969696969697,0.977175463623395,0.951557093425606,0.97997138769671,0.977175463623395,0.978571428571429
2000,1000,80,0.3,0.05,"a",FALSE,0.5,0,335,"35, 18, 26, 53","IRT",418,1024,42,16,0.961333333333333,0.960600375234522,0.963133640552995,0.984615384615385,0.960600375234522,0.972459639126306,"IRT",155,331,20,6,0.94921875,0.943019943019943,0.962732919254658,0.982195845697329,0.943019943019943,0.962209302325581,"IRT",263,693,22,10,0.967611336032389,0.969230769230769,0.963369963369963,0.985775248933144,0.969230769230769,0.977433004231312
2000,1000,80,0.3,0.05,"a",FALSE,0.5,0,335,"35, 18, 26, 53","rf_probs",0,364,702,434,0.242666666666667,0.341463414634146,0,0.456140350877193,0.341463414634146,0.390557939914163,"rf_probs",0,130,221,161,0.25390625,0.37037037037037,0,0.446735395189003,0.37037037037037,0.404984423676012,"rf_probs",0,234,481,273,0.236842105263158,0.327272727272727,0,0.461538461538462,0.327272727272727,0.382978723404255
2000,1000,80,0.3,0.05,"a",FALSE,0.5,0,335,"35, 18, 26, 53","rf_class",412,1031,35,22,0.962,0.967166979362101,0.949308755760369,0.979107312440646,0.967166979362101,0.973100519112789,"rf_class",153,333,18,8,0.94921875,0.948717948717949,0.950310559006211,0.976539589442815,0.948717948717949,0.96242774566474,"rf_class",259,698,17,14,0.968623481781376,0.976223776223776,0.948717948717949,0.980337078651685,0.976223776223776,0.978276103714085
2000,1000,80,0.3,0.05,"a",FALSE,0.5,0,336,"55, 59, 60, 66","IRT",417,1034,24,25,0.967333333333333,0.977315689981096,0.943438914027149,0.976392823418319,0.977315689981096,0.976854038734058,"IRT",120,338,7,5,0.974468085106383,0.979710144927536,0.96,0.985422740524781,0.979710144927536,0.982558139534884,"IRT",297,696,17,20,0.964077669902913,0.976157082748948,0.936908517350158,0.972067039106145,0.976157082748948,0.974107767669699
2000,1000,80,0.3,0.05,"a",FALSE,0.5,0,336,"55, 59, 60, 66","rf_probs",0,382,676,442,0.254666666666667,0.361058601134216,0,0.463592233009709,0.361058601134216,0.405951115834219,"rf_probs",0,128,217,125,0.272340425531915,0.371014492753623,0,0.505928853754941,0.371014492753623,0.42809364548495,"rf_probs",0,254,459,317,0.246601941747573,0.356241234221599,0,0.444833625218914,0.356241234221599,0.395638629283489
2000,1000,80,0.3,0.05,"a",FALSE,0.5,0,336,"55, 59, 60, 66","rf_class",422,1024,34,20,0.964,0.967863894139887,0.95475113122172,0.980842911877395,0.967863894139887,0.974310180780209,"rf_class",121,336,9,4,0.972340425531915,0.973913043478261,0.968,0.988235294117647,0.973913043478261,0.981021897810219,"rf_class",301,688,25,16,0.960194174757282,0.964936886395512,0.949526813880126,0.977272727272727,0.964936886395512,0.97106563161609
2000,1000,80,0.3,0.05,"a",FALSE,0.5,0,337,"61, 62, 7, 78","IRT",436,1014,37,13,0.966666666666667,0.964795432921028,0.971046770601336,0.987341772151899,0.964795432921028,0.975938402309913,"IRT",149,349,10,1,0.978388998035363,0.972144846796657,0.993333333333333,0.997142857142857,0.972144846796657,0.984485190409027,"IRT",287,665,27,12,0.960645812310797,0.960982658959538,0.959866220735786,0.982274741506647,0.960982658959538,0.971512052593134
2000,1000,80,0.3,0.05,"a",FALSE,0.5,0,337,"61, 62, 7, 78","rf_probs",0,305,746,449,0.203333333333333,0.290199809705043,0,0.404509283819629,0.290199809705043,0.337950138504155,"rf_probs",0,100,259,150,0.196463654223969,0.278551532033426,0,0.4,0.278551532033426,0.328407224958949,"rf_probs",0,205,487,299,0.20686175580222,0.296242774566474,0,0.406746031746032,0.296242774566474,0.342809364548495
2000,1000,80,0.3,0.05,"a",FALSE,0.5,0,337,"61, 62, 7, 78","rf_class",424,1020,31,25,0.962666666666667,0.970504281636537,0.944320712694877,0.976076555023923,0.970504281636537,0.973282442748092,"rf_class",147,352,7,3,0.980353634577603,0.98050139275766,0.98,0.991549295774648,0.98050139275766,0.985994397759104,"rf_class",277,668,24,22,0.953582240161453,0.965317919075145,0.926421404682274,0.968115942028986,0.965317919075145,0.96671490593343
2000,1000,80,0.3,0.05,"a",FALSE,0.5,0,338,"63, 42, 55, 27","IRT",429,1014,40,17,0.962,0.962049335863378,0.961883408071749,0.983511154219205,0.962049335863378,0.972661870503597,"IRT",139,332,17,4,0.957317073170732,0.951289398280802,0.972027972027972,0.988095238095238,0.951289398280802,0.969343065693431,"IRT",290,682,23,13,0.964285714285714,0.967375886524823,0.957095709570957,0.981294964028777,0.967375886524823,0.974285714285714
2000,1000,80,0.3,0.05,"a",FALSE,0.5,0,338,"63, 42, 55, 27","rf_probs",0,376,678,446,0.250666666666667,0.35673624288425,0,0.457420924574209,0.35673624288425,0.400852878464819,"rf_probs",0,128,221,143,0.260162601626016,0.36676217765043,0,0.472324723247232,0.36676217765043,0.412903225806452,"rf_probs",0,248,457,303,0.246031746031746,0.35177304964539,0,0.450090744101633,0.35177304964539,0.394904458598726
2000,1000,80,0.3,0.05,"a",FALSE,0.5,0,338,"63, 42, 55, 27","rf_class",426,1015,39,20,0.960666666666667,0.962998102466793,0.955156950672646,0.980676328502415,0.962998102466793,0.971756821445668,"rf_class",139,334,15,4,0.961382113821138,0.95702005730659,0.972027972027972,0.988165680473373,0.95702005730659,0.972343522561863,"rf_class",287,681,24,16,0.96031746031746,0.965957446808511,0.947194719471947,0.977044476327116,0.965957446808511,0.971469329529244
2000,1000,80,0.3,0.05,"a",FALSE,0.5,0,339,"19, 10, 79, 25","IRT",453,1008,25,14,0.974,0.975798644724105,0.970021413276231,0.986301369863014,0.975798644724105,0.981021897810219,"IRT",139,350,10,4,0.972166998011928,0.972222222222222,0.972027972027972,0.988700564971751,0.972222222222222,0.980392156862745,"IRT",314,658,15,10,0.974924774322969,0.977711738484398,0.969135802469136,0.985029940119761,0.977711738484398,0.981357196122297
2000,1000,80,0.3,0.05,"a",FALSE,0.5,0,339,"19, 10, 79, 25","rf_probs",0,349,684,467,0.232666666666667,0.3378509196515,0,0.427696078431373,0.3378509196515,0.377501352082207,"rf_probs",0,132,228,143,0.262425447316103,0.366666666666667,0,0.48,0.366666666666667,0.415748031496063,"rf_probs",0,217,456,324,0.21765295887663,0.322436849925706,0,0.401109057301294,0.322436849925706,0.357495881383855
2000,1000,80,0.3,0.05,"a",FALSE,0.5,0,339,"19, 10, 79, 25","rf_class",449,1007,26,18,0.970666666666667,0.974830590513069,0.961456102783726,0.982439024390244,0.974830590513069,0.978620019436346,"rf_class",138,353,7,5,0.976143141153082,0.980555555555556,0.965034965034965,0.986033519553073,0.980555555555556,0.983286908077994,"rf_class",311,654,19,13,0.9679037111334,0.971768202080238,0.959876543209877,0.980509745127436,0.971768202080238,0.976119402985075
2000,1000,80,0.3,0.05,"a",FALSE,0.5,0,340,"46, 80, 60, 26","IRT",406,1042,20,32,0.965333333333333,0.981167608286252,0.926940639269406,0.970204841713222,0.981167608286252,0.975655430711611,"IRT",139,346,6,6,0.975855130784708,0.982954545454545,0.958620689655172,0.982954545454545,0.982954545454545,0.982954545454545,"IRT",267,696,14,26,0.96011964107677,0.980281690140845,0.911262798634812,0.96398891966759,0.980281690140845,0.972067039106145
2000,1000,80,0.3,0.05,"a",FALSE,0.5,0,340,"46, 80, 60, 26","rf_probs",0,377,685,438,0.251333333333333,0.354990583804143,0,0.462576687116564,0.354990583804143,0.401704848161961,"rf_probs",0,143,209,145,0.287726358148893,0.40625,0,0.496527777777778,0.40625,0.446875,"rf_probs",0,234,476,293,0.233300099700897,0.329577464788732,0,0.444022770398482,0.329577464788732,0.378334680679062
2000,1000,80,0.3,0.05,"a",FALSE,0.5,0,340,"46, 80, 60, 26","rf_class",411,1030,32,27,0.960666666666667,0.969868173258004,0.938356164383562,0.97445600756859,0.969868173258004,0.97215667767815,"rf_class",139,339,13,6,0.961770623742455,0.963068181818182,0.958620689655172,0.982608695652174,0.963068181818182,0.972740315638451,"rf_class",272,691,19,21,0.96011964107677,0.973239436619718,0.928327645051195,0.970505617977528,0.973239436619718,0.971870604781997
2000,1000,80,0.3,0.05,"a",FALSE,0.5,0,341,"61, 17, 53, 24","IRT",445,1003,36,16,0.965333333333333,0.965351299326275,0.96529284164859,0.984298331697743,0.965351299326275,0.974732750242954,"IRT",125,334,12,3,0.968354430379747,0.965317919075145,0.9765625,0.991097922848665,0.965317919075145,0.978038067349927,"IRT",320,669,24,13,0.963937621832359,0.965367965367965,0.960960960960961,0.980938416422287,0.965367965367965,0.973090909090909
2000,1000,80,0.3,0.05,"a",FALSE,0.5,0,341,"61, 17, 53, 24","rf_probs",0,374,665,461,0.249333333333333,0.359961501443696,0,0.447904191616766,0.359961501443696,0.3991462113127,"rf_probs",0,109,237,128,0.229957805907173,0.315028901734104,0,0.459915611814346,0.315028901734104,0.373927958833619,"rf_probs",0,265,428,333,0.258284600389864,0.382395382395382,0,0.44314381270903,0.382395382395382,0.410534469403563
2000,1000,80,0.3,0.05,"a",FALSE,0.5,0,341,"61, 17, 53, 24","rf_class",437,996,43,24,0.955333333333333,0.958614051973051,0.947939262472885,0.976470588235294,0.958614051973051,0.967459932005828,"rf_class",123,335,11,5,0.966244725738397,0.968208092485549,0.9609375,0.985294117647059,0.968208092485549,0.97667638483965,"rf_class",314,661,32,19,0.950292397660819,0.953823953823954,0.942942942942943,0.972058823529412,0.953823953823954,0.96285506190823
2000,1000,80,0.3,0.05,"a",FALSE,0.5,0,342,"29, 62, 67, 39","IRT",454,1000,40,6,0.969333333333333,0.961538461538462,0.98695652173913,0.99403578528827,0.961538461538462,0.977517106549365,"IRT",155,337,17,2,0.962818003913894,0.951977401129944,0.987261146496815,0.994100294985251,0.951977401129944,0.972582972582973,"IRT",299,663,23,4,0.972699696663296,0.966472303206997,0.986798679867987,0.99400299850075,0.966472303206997,0.980044345898004
2000,1000,80,0.3,0.05,"a",FALSE,0.5,0,342,"29, 62, 67, 39","rf_probs",0,363,677,460,0.242,0.349038461538462,0,0.441069258809235,0.349038461538462,0.389694041867955,"rf_probs",0,119,235,157,0.232876712328767,0.336158192090395,0,0.431159420289855,0.336158192090395,0.377777777777778,"rf_probs",0,244,442,303,0.246713852376138,0.355685131195335,0,0.446069469835466,0.355685131195335,0.395782643957826
2000,1000,80,0.3,0.05,"a",FALSE,0.5,0,342,"29, 62, 67, 39","rf_class",442,1016,24,18,0.972,0.976923076923077,0.960869565217391,0.982591876208897,0.976923076923077,0.979749276759884,"rf_class",149,343,11,8,0.962818003913894,0.968926553672316,0.949044585987261,0.977207977207977,0.968926553672316,0.973049645390071,"rf_class",293,673,13,10,0.976744186046512,0.981049562682216,0.966996699669967,0.985358711566618,0.981049562682216,0.983199415631848
2000,1000,80,0.3,0.05,"a",FALSE,0.5,0,343,"32, 75, 49, 46","IRT",421,1026,40,13,0.964666666666667,0.962476547842402,0.970046082949309,0.987487969201155,0.962476547842402,0.974821852731592,"IRT",131,320,10,2,0.974082073434125,0.96969696969697,0.984962406015038,0.993788819875776,0.96969696969697,0.98159509202454,"IRT",290,706,30,11,0.96046287367406,0.959239130434783,0.963455149501661,0.98465829846583,0.959239130434783,0.971782518926359
2000,1000,80,0.3,0.05,"a",FALSE,0.5,0,343,"32, 75, 49, 46","rf_probs",0,341,725,434,0.227333333333333,0.319887429643527,0,0.44,0.319887429643527,0.370450841933732,"rf_probs",0,88,242,133,0.190064794816415,0.266666666666667,0,0.398190045248869,0.266666666666667,0.319419237749546,"rf_probs",0,253,483,301,0.24397299903568,0.34375,0,0.456678700361011,0.34375,0.392248062015504
2000,1000,80,0.3,0.05,"a",FALSE,0.5,0,343,"32, 75, 49, 46","rf_class",407,1028,38,27,0.956666666666667,0.964352720450281,0.93778801843318,0.974407582938389,0.964352720450281,0.969354078264969,"rf_class",130,318,12,3,0.967602591792657,0.963636363636364,0.977443609022556,0.990654205607477,0.963636363636364,0.976958525345622,"rf_class",277,710,26,24,0.951783992285439,0.964673913043478,0.920265780730897,0.967302452316076,0.964673913043478,0.965986394557823
2000,1000,80,0.3,0.05,"a",FALSE,0.5,0,344,"53, 65, 23, 43","IRT",445,1000,49,6,0.963333333333333,0.953288846520496,0.98669623059867,0.99403578528827,0.953288846520496,0.97323600973236,"IRT",156,338,18,4,0.957364341085271,0.949438202247191,0.975,0.988304093567251,0.949438202247191,0.968481375358166,"IRT",289,662,31,2,0.966463414634146,0.955266955266955,0.993127147766323,0.996987951807229,0.955266955266955,0.975681650700074
2000,1000,80,0.3,0.05,"a",FALSE,0.5,0,344,"53, 65, 23, 43","rf_probs",0,381,668,451,0.254,0.363203050524309,0,0.457932692307692,0.363203050524309,0.405103668261563,"rf_probs",0,119,237,160,0.23062015503876,0.334269662921348,0,0.426523297491039,0.334269662921348,0.374803149606299,"rf_probs",0,262,431,291,0.266260162601626,0.378066378066378,0,0.47377938517179,0.378066378066378,0.420545746388443
2000,1000,80,0.3,0.05,"a",FALSE,0.5,0,344,"53, 65, 23, 43","rf_class",431,1009,40,20,0.96,0.96186844613918,0.955654101995565,0.980563654033042,0.96186844613918,0.971126082771896,"rf_class",151,339,17,9,0.949612403100775,0.952247191011236,0.94375,0.974137931034483,0.952247191011236,0.963068181818182,"rf_class",280,670,23,11,0.965447154471545,0.966810966810967,0.962199312714777,0.983847283406755,0.966810966810967,0.975254730713246
2000,1000,80,0.3,0.05,"a",FALSE,0.5,0,345,"59, 60, 51, 46","IRT",438,1012,40,10,0.966666666666667,0.961977186311787,0.977678571428571,0.990215264187867,0.961977186311787,0.975891996142719,"IRT",120,339,13,2,0.968354430379747,0.963068181818182,0.983606557377049,0.994134897360704,0.963068181818182,0.978354978354978,"IRT",318,673,27,8,0.96588693957115,0.961428571428571,0.975460122699387,0.988252569750367,0.961428571428571,0.97465604634323
2000,1000,80,0.3,0.05,"a",FALSE,0.5,0,345,"59, 60, 51, 46","rf_probs",0,372,680,448,0.248,0.35361216730038,0,0.453658536585366,0.35361216730038,0.397435897435897,"rf_probs",0,119,233,122,0.251054852320675,0.338068181818182,0,0.493775933609959,0.338068181818182,0.401349072512648,"rf_probs",0,253,447,326,0.246588693957115,0.361428571428571,0,0.436960276338515,0.361428571428571,0.395621579358874
2000,1000,80,0.3,0.05,"a",FALSE,0.5,0,345,"59, 60, 51, 46","rf_class",424,1016,36,24,0.96,0.965779467680608,0.946428571428571,0.976923076923077,0.965779467680608,0.97131931166348,"rf_class",117,341,11,5,0.966244725738397,0.96875,0.959016393442623,0.985549132947977,0.96875,0.977077363896848,"rf_class",307,675,25,19,0.957115009746589,0.964285714285714,0.941717791411043,0.972622478386167,0.964285714285714,0.968436154949785
2000,1000,80,0.3,0.05,"a",FALSE,0.5,0,346,"36, 63, 61, 69","IRT",423,1025,37,15,0.965333333333333,0.965160075329567,0.965753424657534,0.985576923076923,0.965160075329567,0.975261655566127,"IRT",139,329,10,1,0.977035490605428,0.970501474926254,0.992857142857143,0.996969696969697,0.970501474926254,0.98355754857997,"IRT",284,696,27,14,0.959843290891283,0.962655601659751,0.953020134228188,0.980281690140845,0.962655601659751,0.971388695045359
2000,1000,80,0.3,0.05,"a",FALSE,0.5,0,346,"36, 63, 61, 69","rf_probs",0,363,699,438,0.242,0.34180790960452,0,0.453183520599251,0.34180790960452,0.389694041867955,"rf_probs",0,116,223,140,0.242171189979123,0.342182890855457,0,0.453125,0.342182890855457,0.389915966386555,"rf_probs",0,247,476,298,0.241919686581783,0.341632088520055,0,0.453211009174312,0.341632088520055,0.389589905362776
2000,1000,80,0.3,0.05,"a",FALSE,0.5,0,346,"36, 63, 61, 69","rf_class",419,1020,42,19,0.959333333333333,0.96045197740113,0.95662100456621,0.981713185755534,0.96045197740113,0.970966206568301,"rf_class",139,328,11,1,0.974947807933194,0.967551622418879,0.992857142857143,0.996960486322188,0.967551622418879,0.982035928143713,"rf_class",280,692,31,18,0.952007835455436,0.957123098201936,0.939597315436242,0.974647887323944,0.957123098201936,0.965806001395673
2000,1000,80,0.3,0.05,"a",FALSE,0.5,0,347,"21, 4, 65, 16","IRT",427,1014,39,20,0.960666666666667,0.962962962962963,0.955257270693512,0.980657640232108,0.962962962962963,0.971729755630091,"IRT",146,343,14,4,0.964497041420118,0.96078431372549,0.973333333333333,0.988472622478386,0.96078431372549,0.974431818181818,"IRT",281,671,25,16,0.958710976837865,0.964080459770115,0.946127946127946,0.976710334788937,0.964080459770115,0.970354302241504
2000,1000,80,0.3,0.05,"a",FALSE,0.5,0,347,"21, 4, 65, 16","rf_probs",0,405,648,447,0.27,0.384615384615385,0,0.475352112676056,0.384615384615385,0.425196850393701,"rf_probs",0,133,224,150,0.26232741617357,0.372549019607843,0,0.469964664310954,0.372549019607843,0.415625,"rf_probs",0,272,424,297,0.273917421953676,0.390804597701149,0,0.478031634446397,0.390804597701149,0.4300395256917
2000,1000,80,0.3,0.05,"a",FALSE,0.5,0,347,"21, 4, 65, 16","rf_class",420,1019,34,27,0.959333333333333,0.967711301044634,0.939597315436242,0.974187380497132,0.967711301044634,0.970938542162935,"rf_class",143,340,17,7,0.952662721893491,0.952380952380952,0.953333333333333,0.979827089337176,0.952380952380952,0.965909090909091,"rf_class",277,679,17,20,0.962739174219537,0.975574712643678,0.932659932659933,0.971387696709585,0.975574712643678,0.973476702508961
2000,1000,80,0.3,0.05,"a",FALSE,0.5,0,348,"8, 6, 57, 28","IRT",449,986,54,11,0.956666666666667,0.948076923076923,0.976086956521739,0.988966900702106,0.948076923076923,0.968090328915071,"IRT",146,327,20,5,0.949799196787149,0.942363112391931,0.966887417218543,0.984939759036145,0.942363112391931,0.963181148748159,"IRT",303,659,34,6,0.960079840319361,0.950937950937951,0.980582524271845,0.990977443609023,0.950937950937951,0.970544918998527
2000,1000,80,0.3,0.05,"a",FALSE,0.5,0,348,"8, 6, 57, 28","rf_probs",0,389,651,460,0.259333333333333,0.374038461538462,0,0.458186101295642,0.374038461538462,0.411858125992589,"rf_probs",0,130,217,151,0.261044176706827,0.37463976945245,0,0.462633451957295,0.37463976945245,0.414012738853503,"rf_probs",0,259,434,309,0.258483033932136,0.373737373737374,0,0.455985915492958,0.373737373737374,0.410785091197462
2000,1000,80,0.3,0.05,"a",FALSE,0.5,0,348,"8, 6, 57, 28","rf_class",433,1002,38,27,0.956666666666667,0.963461538461538,0.941304347826087,0.973760932944606,0.963461538461538,0.968583856935718,"rf_class",143,329,18,8,0.947791164658635,0.948126801152738,0.947019867549669,0.976261127596439,0.948126801152738,0.961988304093567,"rf_class",290,673,20,19,0.961077844311377,0.971139971139971,0.938511326860841,0.972543352601156,0.971139971139971,0.971841155234657
2000,1000,80,0.3,0.05,"a",FALSE,0.5,0,349,"5, 58, 3, 43","IRT",427,1023,41,9,0.966666666666667,0.961466165413534,0.979357798165138,0.991279069767442,0.961466165413534,0.976145038167939,"IRT",142,342,11,1,0.975806451612903,0.968838526912181,0.993006993006993,0.997084548104956,0.968838526912181,0.982758620689655,"IRT",285,681,30,8,0.962151394422311,0.957805907172996,0.972696245733788,0.988388969521045,0.957805907172996,0.972857142857143
2000,1000,80,0.3,0.05,"a",FALSE,0.5,0,349,"5, 58, 3, 43","rf_probs",0,376,688,436,0.250666666666667,0.353383458646617,0,0.463054187192118,0.353383458646617,0.400852878464819,"rf_probs",0,112,241,143,0.225806451612903,0.31728045325779,0,0.43921568627451,0.31728045325779,0.368421052631579,"rf_probs",0,264,447,293,0.262948207171315,0.371308016877637,0,0.473967684021544,0.371308016877637,0.416403785488959
2000,1000,80,0.3,0.05,"a",FALSE,0.5,0,349,"5, 58, 3, 43","rf_class",416,1008,56,20,0.949333333333333,0.947368421052632,0.954128440366973,0.980544747081712,0.947368421052632,0.963671128107074,"rf_class",139,339,14,4,0.963709677419355,0.960339943342776,0.972027972027972,0.988338192419825,0.960339943342776,0.974137931034483,"rf_class",277,669,42,16,0.942231075697211,0.940928270042194,0.945392491467577,0.976642335766423,0.940928270042194,0.958452722063037
2000,1000,80,0.3,0.05,"a",FALSE,0.5,0,350,"28, 7, 8, 69","IRT",449,988,48,15,0.958,0.953667953667954,0.967672413793103,0.985044865403789,0.953667953667954,0.969102501226091,"IRT",145,333,19,6,0.950298210735587,0.946022727272727,0.960264900662252,0.982300884955752,0.946022727272727,0.963820549927641,"IRT",304,655,29,9,0.961885656970913,0.957602339181287,0.971246006389776,0.98644578313253,0.957602339181287,0.971810089020771
2000,1000,80,0.3,0.05,"a",FALSE,0.5,0,350,"28, 7, 8, 69","rf_probs",0,354,682,464,0.236,0.341698841698842,0,0.432762836185819,0.341698841698842,0.381877022653722,"rf_probs",0,121,231,151,0.240556660039761,0.34375,0,0.444852941176471,0.34375,0.387820512820513,"rf_probs",0,233,451,313,0.23370110330993,0.340643274853801,0,0.426739926739927,0.340643274853801,0.378861788617886
2000,1000,80,0.3,0.05,"a",FALSE,0.5,0,350,"28, 7, 8, 69","rf_class",436,1001,35,28,0.958,0.966216216216216,0.939655172413793,0.972789115646258,0.966216216216216,0.969491525423729,"rf_class",139,339,13,12,0.950298210735587,0.963068181818182,0.920529801324503,0.965811965811966,0.963068181818182,0.964438122332859,"rf_class",297,662,22,16,0.961885656970913,0.967836257309941,0.94888178913738,0.976401179941003,0.967836257309941,0.972099853157122
2000,1000,80,0.3,0.05,"a",FALSE,0.5,0,351,"44, 5, 36, 28","IRT",443,998,46,13,0.960666666666667,0.955938697318008,0.971491228070175,0.987141444114738,0.955938697318008,0.971289537712895,"IRT",136,345,18,4,0.956262425447316,0.950413223140496,0.971428571428571,0.988538681948424,0.950413223140496,0.969101123595506,"IRT",307,653,28,9,0.962888665997994,0.958883994126285,0.971518987341772,0.986404833836858,0.958883994126285,0.972449739389427
2000,1000,80,0.3,0.05,"a",FALSE,0.5,0,351,"44, 5, 36, 28","rf_probs",0,339,705,456,0.226,0.324712643678161,0,0.426415094339623,0.324712643678161,0.368678629690049,"rf_probs",0,122,241,140,0.242544731610338,0.336088154269972,0,0.465648854961832,0.336088154269972,0.3904,"rf_probs",0,217,464,316,0.21765295887663,0.318649045521292,0,0.407129455909944,0.318649045521292,0.357495881383855
2000,1000,80,0.3,0.05,"a",FALSE,0.5,0,351,"44, 5, 36, 28","rf_class",433,1002,42,23,0.956666666666667,0.959770114942529,0.949561403508772,0.977560975609756,0.959770114942529,0.968583856935718,"rf_class",132,347,16,8,0.952286282306163,0.955922865013774,0.942857142857143,0.977464788732394,0.955922865013774,0.966573816155989,"rf_class",301,655,26,15,0.958876629889669,0.961820851688693,0.95253164556962,0.977611940298508,0.961820851688693,0.969652109548483
2000,1000,80,0.3,0.05,"a",FALSE,0.5,0,352,"45, 19, 60, 20","IRT",445,1002,37,16,0.964666666666667,0.964388835418672,0.96529284164859,0.984282907662082,0.964388835418672,0.974234321827905,"IRT",143,318,13,4,0.964435146443515,0.960725075528701,0.972789115646258,0.987577639751553,0.960725075528701,0.973966309341501,"IRT",302,684,24,12,0.964774951076321,0.966101694915254,0.961783439490446,0.982758620689655,0.966101694915254,0.974358974358974
2000,1000,80,0.3,0.05,"a",FALSE,0.5,0,352,"45, 19, 60, 20","rf_probs",0,334,705,461,0.222666666666667,0.321462945139557,0,0.420125786163522,0.321462945139557,0.36423118865867,"rf_probs",0,108,223,147,0.225941422594142,0.326283987915408,0,0.423529411764706,0.326283987915408,0.368600682593857,"rf_probs",0,226,482,314,0.221135029354207,0.319209039548023,0,0.418518518518519,0.319209039548023,0.362179487179487
2000,1000,80,0.3,0.05,"a",FALSE,0.5,0,352,"45, 19, 60, 20","rf_class",443,996,43,18,0.959333333333333,0.958614051973051,0.960954446854664,0.982248520710059,0.958614051973051,0.970287384315636,"rf_class",140,316,15,7,0.95397489539749,0.954682779456193,0.952380952380952,0.978328173374613,0.954682779456193,0.966360856269113,"rf_class",303,680,28,11,0.961839530332681,0.96045197740113,0.964968152866242,0.984081041968162,0.96045197740113,0.972122944960686
2000,1000,80,0.3,0.05,"a",FALSE,0.5,0,353,"79, 2, 15, 72","IRT",449,987,45,19,0.957333333333333,0.956395348837209,0.959401709401709,0.981113320079523,0.956395348837209,0.968596663395486,"IRT",162,311,15,7,0.955555555555556,0.95398773006135,0.958579881656805,0.977987421383648,0.95398773006135,0.96583850931677,"IRT",287,676,30,12,0.958208955223881,0.957507082152975,0.959866220735786,0.982558139534884,0.957507082152975,0.96987087517934
2000,1000,80,0.3,0.05,"a",FALSE,0.5,0,353,"79, 2, 15, 72","rf_probs",0,355,677,468,0.236666666666667,0.343992248062016,0,0.43134872417983,0.343992248062016,0.382749326145553,"rf_probs",0,105,221,169,0.212121212121212,0.322085889570552,0,0.383211678832117,0.322085889570552,0.35,"rf_probs",0,250,456,299,0.248756218905473,0.354107648725212,0,0.455373406193078,0.354107648725212,0.398406374501992
2000,1000,80,0.3,0.05,"a",FALSE,0.5,0,353,"79, 2, 15, 72","rf_class",438,995,37,30,0.955333333333333,0.964147286821705,0.935897435897436,0.970731707317073,0.964147286821705,0.967428293631502,"rf_class",156,315,11,13,0.951515151515152,0.966257668711656,0.923076923076923,0.960365853658537,0.966257668711656,0.963302752293578,"rf_class",282,680,26,17,0.957213930348259,0.963172804532578,0.94314381270903,0.975609756097561,0.963172804532578,0.969351389878831
2000,1000,80,0.3,0.05,"a",FALSE,0.5,0,354,"22, 47, 6, 25","IRT",414,1041,36,9,0.97,0.966573816155989,0.978723404255319,0.991428571428571,0.966573816155989,0.978843441466855,"IRT",122,344,15,2,0.9648033126294,0.958217270194986,0.983870967741935,0.994219653179191,0.958217270194986,0.975886524822695,"IRT",292,697,21,7,0.972468043264503,0.97075208913649,0.976588628762542,0.990056818181818,0.97075208913649,0.980309423347398
2000,1000,80,0.3,0.05,"a",FALSE,0.5,0,354,"22, 47, 6, 25","rf_probs",0,391,686,423,0.260666666666667,0.363045496750232,0,0.48034398034398,0.363045496750232,0.413537810682179,"rf_probs",0,139,220,124,0.287784679089027,0.387186629526462,0,0.52851711026616,0.387186629526462,0.446945337620579,"rf_probs",0,252,466,299,0.247787610619469,0.350974930362117,0,0.457350272232305,0.350974930362117,0.397163120567376
2000,1000,80,0.3,0.05,"a",FALSE,0.5,0,354,"22, 47, 6, 25","rf_class",413,1026,51,10,0.959333333333333,0.952646239554318,0.976359338061466,0.99034749034749,0.952646239554318,0.971131093232371,"rf_class",124,341,18,0,0.962732919254658,0.949860724233983,1,1,0.949860724233983,0.974285714285714,"rf_class",289,685,33,10,0.95771878072763,0.954038997214485,0.966555183946488,0.985611510791367,0.954038997214485,0.969568294409059
2000,1000,80,0.3,0.05,"a",FALSE,0.5,0,355,"29, 60, 80, 79","IRT",437,1000,50,13,0.958,0.952380952380952,0.971111111111111,0.987166831194472,0.952380952380952,0.969461948618517,"IRT",163,342,14,3,0.967432950191571,0.960674157303371,0.981927710843373,0.991304347826087,0.960674157303371,0.975748930099857,"IRT",274,658,36,10,0.952965235173824,0.948126801152738,0.964788732394366,0.985029940119761,0.948126801152738,0.966226138032305
2000,1000,80,0.3,0.05,"a",FALSE,0.5,0,355,"29, 60, 80, 79","rf_probs",0,392,658,450,0.261333333333333,0.373333333333333,0,0.465558194774347,0.373333333333333,0.414376321353066,"rf_probs",0,139,217,166,0.266283524904215,0.390449438202247,0,0.455737704918033,0.390449438202247,0.420574886535552,"rf_probs",0,253,441,284,0.258691206543967,0.364553314121037,0,0.471135940409683,0.364553314121037,0.411047928513404
2000,1000,80,0.3,0.05,"a",FALSE,0.5,0,355,"29, 60, 80, 79","rf_class",426,1014,36,24,0.96,0.965714285714286,0.946666666666667,0.976878612716763,0.965714285714286,0.971264367816092,"rf_class",158,345,11,8,0.96360153256705,0.969101123595506,0.951807228915663,0.977337110481586,0.969101123595506,0.973201692524683,"rf_class",268,669,25,16,0.958077709611452,0.963976945244957,0.943661971830986,0.976642335766423,0.963976945244957,0.970268310369833
2000,1000,80,0.3,0.05,"a",FALSE,0.5,0,356,"45, 5, 44, 54","IRT",435,1008,43,14,0.962,0.959086584205519,0.968819599109131,0.986301369863014,0.959086584205519,0.972503617945007,"IRT",144,328,16,6,0.955465587044534,0.953488372093023,0.96,0.982035928143713,0.953488372093023,0.967551622418879,"IRT",291,680,27,8,0.965208747514911,0.961810466760962,0.973244147157191,0.988372093023256,0.961810466760962,0.974910394265233
2000,1000,80,0.3,0.05,"a",FALSE,0.5,0,356,"45, 5, 44, 54","rf_probs",0,347,704,449,0.231333333333333,0.330161750713606,0,0.435929648241206,0.330161750713606,0.375744450460206,"rf_probs",0,122,222,150,0.246963562753036,0.354651162790698,0,0.448529411764706,0.354651162790698,0.396103896103896,"rf_probs",0,225,482,299,0.223658051689861,0.318246110325318,0,0.429389312977099,0.318246110325318,0.365556458164094
2000,1000,80,0.3,0.05,"a",FALSE,0.5,0,356,"45, 5, 44, 54","rf_class",426,1026,25,23,0.968,0.976213130352046,0.948775055679287,0.978074356530029,0.976213130352046,0.977142857142857,"rf_class",144,337,7,6,0.973684210526316,0.979651162790698,0.96,0.982507288629738,0.979651162790698,0.981077147016012,"rf_class",282,689,18,17,0.965208747514911,0.974540311173975,0.94314381270903,0.975920679886686,0.974540311173975,0.975230007077141
2000,1000,80,0.3,0.05,"a",FALSE,0.5,0,357,"45, 52, 37, 76","IRT",416,1027,31,26,0.962,0.97069943289225,0.941176470588235,0.975308641975309,0.97069943289225,0.972998578872572,"IRT",140,353,10,6,0.968565815324165,0.972451790633609,0.958904109589041,0.983286908077994,0.972451790633609,0.977839335180055,"IRT",276,674,21,20,0.958627648839556,0.969784172661871,0.932432432432432,0.971181556195965,0.969784172661871,0.970482361411087
2000,1000,80,0.3,0.05,"a",FALSE,0.5,0,357,"45, 52, 37, 76","rf_probs",0,330,728,442,0.22,0.311909262759924,0,0.427461139896373,0.311909262759924,0.360655737704918,"rf_probs",0,110,253,146,0.216110019646365,0.303030303030303,0,0.4296875,0.303030303030303,0.355411954765751,"rf_probs",0,220,475,296,0.221997981836529,0.316546762589928,0,0.426356589147287,0.316546762589928,0.363336085879438
2000,1000,80,0.3,0.05,"a",FALSE,0.5,0,357,"45, 52, 37, 76","rf_class",420,1021,37,22,0.960666666666667,0.965028355387524,0.950226244343891,0.978906999041227,0.965028355387524,0.971918134221799,"rf_class",141,354,9,5,0.972495088408644,0.975206611570248,0.965753424657534,0.986072423398329,0.975206611570248,0.980609418282548,"rf_class",279,667,28,17,0.954591321897074,0.959712230215827,0.942567567567568,0.975146198830409,0.959712230215827,0.967367657722988
2000,1000,80,0.3,0.05,"a",FALSE,0.5,0,358,"21, 24, 51, 7","IRT",456,986,46,12,0.961333333333333,0.955426356589147,0.974358974358974,0.987975951903808,0.955426356589147,0.971428571428571,"IRT",174,318,9,4,0.974257425742574,0.972477064220184,0.97752808988764,0.987577639751553,0.972477064220184,0.979969183359014,"IRT",282,668,37,8,0.954773869346734,0.947517730496454,0.972413793103448,0.988165680473373,0.947517730496454,0.96741491672701
2000,1000,80,0.3,0.05,"a",FALSE,0.5,0,358,"21, 24, 51, 7","rf_probs",0,386,646,468,0.257333333333333,0.374031007751938,0,0.451990632318501,0.374031007751938,0.409331919406151,"rf_probs",0,118,209,178,0.233663366336634,0.36085626911315,0,0.398648648648649,0.36085626911315,0.378812199036918,"rf_probs",0,268,437,290,0.269346733668342,0.380141843971631,0,0.480286738351254,0.380141843971631,0.424386381631037
2000,1000,80,0.3,0.05,"a",FALSE,0.5,0,358,"21, 24, 51, 7","rf_class",442,994,38,26,0.957333333333333,0.963178294573643,0.944444444444444,0.974509803921569,0.963178294573643,0.968810916179337,"rf_class",170,318,9,8,0.966336633663366,0.972477064220184,0.955056179775281,0.975460122699387,0.972477064220184,0.973966309341501,"rf_class",272,676,29,18,0.952763819095477,0.95886524822695,0.937931034482759,0.974063400576369,0.95886524822695,0.966404574696212
2000,1000,80,0.3,0.05,"a",FALSE,0.5,0,359,"53, 15, 78, 58","IRT",438,995,56,11,0.955333333333333,0.946717411988582,0.975501113585746,0.989065606361829,0.946717411988582,0.967428293631502,"IRT",161,347,20,3,0.95668549905838,0.94550408719346,0.981707317073171,0.991428571428571,0.94550408719346,0.96792189679219,"IRT",277,648,36,8,0.954592363261094,0.947368421052632,0.971929824561404,0.98780487804878,0.947368421052632,0.967164179104478
2000,1000,80,0.3,0.05,"a",FALSE,0.5,0,359,"53, 15, 78, 58","rf_probs",0,349,702,449,0.232666666666667,0.332064700285442,0,0.43734335839599,0.332064700285442,0.377501352082207,"rf_probs",0,134,233,164,0.252354048964218,0.365122615803815,0,0.449664429530201,0.365122615803815,0.403007518796993,"rf_probs",0,215,469,285,0.2218782249742,0.314327485380117,0,0.43,0.314327485380117,0.363175675675676
2000,1000,80,0.3,0.05,"a",FALSE,0.5,0,359,"53, 15, 78, 58","rf_class",422,1010,41,27,0.954666666666667,0.960989533777355,0.939866369710468,0.973963355834137,0.960989533777355,0.967432950191571,"rf_class",156,350,17,8,0.952919020715631,0.953678474114441,0.951219512195122,0.977653631284916,0.953678474114441,0.96551724137931,"rf_class",266,660,24,19,0.95562435500516,0.964912280701754,0.933333333333333,0.972017673048601,0.964912280701754,0.968451944240646
2000,1000,80,0.3,0.05,"a",FALSE,0.5,0,360,"19, 30, 3, 14","IRT",456,999,24,21,0.97,0.976539589442815,0.955974842767296,0.979411764705882,0.976539589442815,0.977973568281938,"IRT",149,324,4,6,0.979296066252588,0.98780487804878,0.961290322580645,0.981818181818182,0.98780487804878,0.984802431610942,"IRT",307,675,20,15,0.965585054080629,0.971223021582734,0.953416149068323,0.978260869565217,0.971223021582734,0.974729241877256
2000,1000,80,0.3,0.05,"a",FALSE,0.5,0,360,"19, 30, 3, 14","rf_probs",0,338,685,477,0.225333333333333,0.330400782013685,0,0.414723926380368,0.330400782013685,0.367791077257889,"rf_probs",0,113,215,155,0.233954451345756,0.344512195121951,0,0.421641791044776,0.344512195121951,0.379194630872483,"rf_probs",0,225,470,322,0.221238938053097,0.323741007194245,0,0.411334552102377,0.323741007194245,0.36231884057971
2000,1000,80,0.3,0.05,"a",FALSE,0.5,0,360,"19, 30, 3, 14","rf_class",455,1008,15,22,0.975333333333333,0.98533724340176,0.953878406708595,0.978640776699029,0.98533724340176,0.981977593765222,"rf_class",150,323,5,5,0.979296066252588,0.984756097560976,0.967741935483871,0.984756097560976,0.984756097560976,0.984756097560976,"rf_class",305,685,10,17,0.973451327433628,0.985611510791367,0.947204968944099,0.975783475783476,0.985611510791367,0.98067287043665
2000,1000,80,0.3,0.05,"a",FALSE,0.5,0,361,"20, 13, 40, 67","IRT",446,1009,34,11,0.97,0.967401725790987,0.975929978118162,0.98921568627451,0.967401725790987,0.978187106156083,"IRT",150,314,11,5,0.966666666666667,0.966153846153846,0.967741935483871,0.984326018808777,0.966153846153846,0.975155279503106,"IRT",296,695,23,6,0.97156862745098,0.967966573816156,0.980132450331126,0.991440798858773,0.967966573816156,0.979563072586328
2000,1000,80,0.3,0.05,"a",FALSE,0.5,0,361,"20, 13, 40, 67","rf_probs",0,331,712,457,0.220666666666667,0.317353787152445,0,0.42005076142132,0.317353787152445,0.361551064991808,"rf_probs",0,97,228,155,0.202083333333333,0.298461538461538,0,0.384920634920635,0.298461538461538,0.336221837088388,"rf_probs",0,234,484,302,0.229411764705882,0.325905292479109,0,0.436567164179104,0.325905292479109,0.373205741626794
2000,1000,80,0.3,0.05,"a",FALSE,0.5,0,361,"20, 13, 40, 67","rf_class",433,1005,38,24,0.958666666666667,0.963566634707574,0.947483588621444,0.97667638483965,0.963566634707574,0.97007722007722,"rf_class",143,311,14,12,0.945833333333333,0.956923076923077,0.92258064516129,0.962848297213622,0.956923076923077,0.959876543209876,"rf_class",290,694,24,12,0.964705882352941,0.966573816155989,0.960264900662252,0.98300283286119,0.966573816155989,0.974719101123595
2000,1000,80,0.3,0.05,"a",FALSE,0.5,0,362,"36, 38, 7, 74","IRT",433,1015,39,13,0.965333333333333,0.962998102466793,0.97085201793722,0.987354085603113,0.962998102466793,0.975024015369837,"IRT",150,329,12,3,0.969635627530364,0.964809384164223,0.980392156862745,0.990963855421687,0.964809384164223,0.977711738484398,"IRT",283,686,27,10,0.963220675944334,0.962131837307153,0.965870307167236,0.985632183908046,0.962131837307153,0.973740241305891
2000,1000,80,0.3,0.05,"a",FALSE,0.5,0,362,"36, 38, 7, 74","rf_probs",0,403,651,446,0.268666666666667,0.382352941176471,0,0.474676089517079,0.382352941176471,0.423541776142932,"rf_probs",0,138,203,153,0.279352226720648,0.404692082111437,0,0.474226804123711,0.404692082111437,0.436708860759494,"rf_probs",0,265,448,293,0.263419483101392,0.371669004207574,0,0.474910394265233,0.371669004207574,0.41699449252557
2000,1000,80,0.3,0.05,"a",FALSE,0.5,0,362,"36, 38, 7, 74","rf_class",422,1012,42,24,0.956,0.960151802656547,0.946188340807175,0.976833976833977,0.960151802656547,0.968421052631579,"rf_class",146,326,15,7,0.955465587044534,0.956011730205279,0.954248366013072,0.978978978978979,0.956011730205279,0.967359050445104,"rf_class",276,686,27,17,0.956262425447316,0.962131837307153,0.9419795221843,0.975817923186344,0.962131837307153,0.968926553672316
2000,1000,80,0.3,0.05,"a",FALSE,0.5,0,363,"42, 3, 60, 28","IRT",444,995,51,10,0.959333333333333,0.951242829827916,0.977973568281938,0.990049751243781,0.951242829827916,0.970258410531448,"IRT",163,317,20,3,0.95427435387674,0.940652818991098,0.981927710843373,0.990625,0.940652818991098,0.964992389649924,"IRT",281,678,31,7,0.961885656970913,0.956276445698166,0.975694444444444,0.98978102189781,0.956276445698166,0.97274031563845
2000,1000,80,0.3,0.05,"a",FALSE,0.5,0,363,"42, 3, 60, 28","rf_probs",0,398,648,454,0.265333333333333,0.380497131931166,0,0.467136150234742,0.380497131931166,0.419388830347734,"rf_probs",0,124,213,166,0.246520874751491,0.367952522255193,0,0.427586206896552,0.367952522255193,0.395534290271132,"rf_probs",0,274,435,288,0.274824473420261,0.386459802538787,0,0.487544483985765,0.386459802538787,0.431156569630212
2000,1000,80,0.3,0.05,"a",FALSE,0.5,0,363,"42, 3, 60, 28","rf_class",438,1006,40,16,0.962666666666667,0.961759082217973,0.964757709251101,0.984344422700587,0.961759082217973,0.972920696324952,"rf_class",159,320,17,7,0.952286282306163,0.949554896142433,0.957831325301205,0.978593272171254,0.949554896142433,0.963855421686747,"rf_class",279,686,23,9,0.9679037111334,0.967559943582511,0.96875,0.98705035971223,0.967559943582511,0.977207977207977
2000,1000,80,0.3,0.05,"a",FALSE,0.5,0,364,"54, 60, 68, 69","IRT",440,995,48,17,0.956666666666667,0.953978906999041,0.962800875273523,0.983201581027668,0.953978906999041,0.968369829683698,"IRT",146,354,12,6,0.965250965250965,0.967213114754098,0.960526315789474,0.983333333333333,0.967213114754098,0.975206611570248,"IRT",294,641,36,11,0.95213849287169,0.946824224519941,0.963934426229508,0.983128834355828,0.946824224519941,0.964635063957863
2000,1000,80,0.3,0.05,"a",FALSE,0.5,0,364,"54, 60, 68, 69","rf_probs",0,334,709,457,0.222666666666667,0.320230105465005,0,0.422250316055626,0.320230105465005,0.36423118865867,"rf_probs",0,123,243,152,0.237451737451737,0.336065573770492,0,0.447272727272727,0.336065573770492,0.383775351014041,"rf_probs",0,211,466,305,0.214867617107943,0.311669128508124,0,0.408914728682171,0.311669128508124,0.353730092204526
2000,1000,80,0.3,0.05,"a",FALSE,0.5,0,364,"54, 60, 68, 69","rf_class",425,1002,41,32,0.951333333333333,0.960690316395014,0.929978118161926,0.969052224371373,0.960690316395014,0.964853153586904,"rf_class",142,355,11,10,0.959459459459459,0.969945355191257,0.934210526315789,0.972602739726027,0.969945355191257,0.971272229822161,"rf_class",283,647,30,22,0.947046843177189,0.955686853766617,0.927868852459016,0.96711509715994,0.955686853766617,0.961367013372957
2000,1000,80,0.3,0.05,"a",FALSE,0.5,0,365,"13, 70, 42, 66","IRT",436,1000,46,18,0.957333333333333,0.956022944550669,0.960352422907489,0.982318271119843,0.956022944550669,0.968992248062015,"IRT",144,337,15,5,0.960079840319361,0.957386363636364,0.966442953020134,0.985380116959064,0.957386363636364,0.971181556195965,"IRT",292,663,31,13,0.955955955955956,0.955331412103746,0.957377049180328,0.980769230769231,0.955331412103746,0.967883211678832
2000,1000,80,0.3,0.05,"a",FALSE,0.5,0,365,"13, 70, 42, 66","rf_probs",0,379,667,454,0.252666666666667,0.362332695984704,0,0.454981992797119,0.362332695984704,0.403406067056945,"rf_probs",0,112,240,149,0.223552894211577,0.318181818181818,0,0.42911877394636,0.318181818181818,0.365415986949429,"rf_probs",0,267,427,305,0.267267267267267,0.384726224783862,0,0.466783216783217,0.384726224783862,0.421800947867299
2000,1000,80,0.3,0.05,"a",FALSE,0.5,0,365,"13, 70, 42, 66","rf_class",426,1003,43,28,0.952666666666667,0.958891013384321,0.938325991189427,0.972841901066925,0.958891013384321,0.965816080885893,"rf_class",142,337,15,7,0.956087824351297,0.957386363636364,0.953020134228188,0.979651162790698,0.957386363636364,0.968390804597701,"rf_class",284,666,28,21,0.950950950950951,0.959654178674352,0.931147540983607,0.96943231441048,0.959654178674352,0.964518464880521
2000,1000,80,0.3,0.05,"a",FALSE,0.5,0,366,"40, 34, 31, 70","IRT",459,995,30,16,0.969333333333333,0.970731707317073,0.966315789473684,0.984174085064293,0.970731707317073,0.977406679764244,"IRT",146,338,9,5,0.971887550200803,0.974063400576369,0.966887417218543,0.985422740524781,0.974063400576369,0.979710144927536,"IRT",313,657,21,11,0.968063872255489,0.969026548672566,0.966049382716049,0.983532934131736,0.969026548672566,0.976225854383358
2000,1000,80,0.3,0.05,"a",FALSE,0.5,0,366,"40, 34, 31, 70","rf_probs",0,340,685,475,0.226666666666667,0.331707317073171,0,0.417177914110429,0.331707317073171,0.369565217391304,"rf_probs",0,113,234,151,0.226907630522088,0.325648414985591,0,0.428030303030303,0.325648414985591,0.369885433715221,"rf_probs",0,227,451,324,0.226546906187625,0.334808259587021,0,0.411978221415608,0.334808259587021,0.369406021155411
2000,1000,80,0.3,0.05,"a",FALSE,0.5,0,366,"40, 34, 31, 70","rf_class",453,991,34,22,0.962666666666667,0.966829268292683,0.953684210526316,0.978282329713722,0.966829268292683,0.97252208047105,"rf_class",143,339,8,8,0.967871485943775,0.976945244956772,0.947019867549669,0.976945244956772,0.976945244956772,0.976945244956772,"rf_class",310,652,26,14,0.960079840319361,0.96165191740413,0.95679012345679,0.978978978978979,0.96165191740413,0.970238095238095
2000,1000,80,0.3,0.05,"a",FALSE,0.5,0,367,"1, 43, 66, 58","IRT",446,995,51,8,0.960666666666667,0.951242829827916,0.982378854625551,0.992023928215354,0.951242829827916,0.971205466081015,"IRT",147,327,16,5,0.957575757575758,0.9533527696793,0.967105263157895,0.984939759036145,0.9533527696793,0.968888888888889,"IRT",299,668,35,3,0.962189054726368,0.950213371266003,0.990066225165563,0.995529061102832,0.950213371266003,0.972343522561863
2000,1000,80,0.3,0.05,"a",FALSE,0.5,0,367,"1, 43, 66, 58","rf_probs",0,343,703,454,0.228666666666667,0.32791586998088,0,0.430363864491844,0.32791586998088,0.372219207813348,"rf_probs",0,105,238,152,0.212121212121212,0.306122448979592,0,0.408560311284047,0.306122448979592,0.35,"rf_probs",0,238,465,302,0.23681592039801,0.338549075391181,0,0.440740740740741,0.338549075391181,0.382944489139179
2000,1000,80,0.3,0.05,"a",FALSE,0.5,0,367,"1, 43, 66, 58","rf_class",433,993,53,21,0.950666666666667,0.949330783938815,0.95374449339207,0.979289940828402,0.949330783938815,0.964077669902913,"rf_class",143,326,17,9,0.947474747474747,0.950437317784257,0.940789473684211,0.973134328358209,0.950437317784257,0.96165191740413,"rf_class",290,667,36,12,0.952238805970149,0.948790896159317,0.960264900662252,0.982326951399116,0.948790896159317,0.965267727930535
2000,1000,80,0.3,0.05,"a",FALSE,0.5,0,368,"37, 73, 56, 20","IRT",442,1019,20,19,0.974,0.980750721847931,0.958785249457701,0.981695568400771,0.980750721847931,0.981222917669716,"IRT",135,313,9,8,0.963440860215054,0.972049689440994,0.944055944055944,0.975077881619938,0.972049689440994,0.973561430793157,"IRT",307,706,11,11,0.978743961352657,0.98465829846583,0.965408805031447,0.98465829846583,0.98465829846583,0.98465829846583
2000,1000,80,0.3,0.05,"a",FALSE,0.5,0,368,"37, 73, 56, 20","rf_probs",0,316,723,461,0.210666666666667,0.304138594802695,0,0.406692406692407,0.304138594802695,0.348017621145374,"rf_probs",0,105,217,143,0.225806451612903,0.326086956521739,0,0.423387096774194,0.326086956521739,0.368421052631579,"rf_probs",0,211,506,318,0.203864734299517,0.294281729428173,0,0.398865784499055,0.294281729428173,0.33868378812199
2000,1000,80,0.3,0.05,"a",FALSE,0.5,0,368,"37, 73, 56, 20","rf_class",435,1016,23,26,0.967333333333333,0.97786333012512,0.943600867678959,0.975047984644914,0.97786333012512,0.976453628063431,"rf_class",130,312,10,13,0.950537634408602,0.968944099378882,0.909090909090909,0.96,0.968944099378882,0.964451313755796,"rf_class",305,704,13,13,0.97487922705314,0.98186889818689,0.959119496855346,0.98186889818689,0.98186889818689,0.98186889818689
2000,1000,80,0.3,0.05,"a",FALSE,0.5,0,369,"22, 34, 48, 40","IRT",438,1009,44,9,0.964666666666667,0.958214624881291,0.979865771812081,0.991159135559921,0.958214624881291,0.974408498309995,"IRT",138,348,14,2,0.968127490039841,0.961325966850829,0.985714285714286,0.994285714285714,0.961325966850829,0.977528089887641,"IRT",300,661,30,7,0.962925851703407,0.956584659913169,0.977198697068404,0.989520958083832,0.956584659913169,0.972774098601913
2000,1000,80,0.3,0.05,"a",FALSE,0.5,0,369,"22, 34, 48, 40","rf_probs",0,355,698,447,0.236666666666667,0.33713200379867,0,0.442643391521197,0.33713200379867,0.382749326145553,"rf_probs",0,116,246,140,0.231075697211155,0.320441988950276,0,0.453125,0.320441988950276,0.375404530744337,"rf_probs",0,239,452,307,0.239478957915832,0.345875542691751,0,0.437728937728938,0.345875542691751,0.386418755052547
2000,1000,80,0.3,0.05,"a",FALSE,0.5,0,369,"22, 34, 48, 40","rf_class",429,1009,44,18,0.958666666666667,0.958214624881291,0.959731543624161,0.982473222979552,0.958214624881291,0.970192307692308,"rf_class",137,349,13,3,0.968127490039841,0.964088397790055,0.978571428571429,0.991477272727273,0.964088397790055,0.977591036414566,"rf_class",292,660,31,15,0.953907815631262,0.955137481910275,0.95114006514658,0.977777777777778,0.955137481910275,0.966325036603221
2000,1000,80,0.3,0.05,"a",FALSE,0.5,0,370,"21, 13, 42, 67","IRT",460,983,56,1,0.962,0.946102021174206,0.997830802603037,0.998983739837398,0.946102021174206,0.971824023727138,"IRT",144,328,22,0,0.955465587044534,0.937142857142857,1,1,0.937142857142857,0.967551622418879,"IRT",316,655,34,1,0.965208747514911,0.950653120464441,0.996845425867508,0.998475609756098,0.950653120464441,0.973977695167286
2000,1000,80,0.3,0.05,"a",FALSE,0.5,0,370,"21, 13, 42, 67","rf_probs",0,355,684,461,0.236666666666667,0.34167468719923,0,0.435049019607843,0.34167468719923,0.382749326145553,"rf_probs",0,118,232,144,0.238866396761134,0.337142857142857,0,0.450381679389313,0.337142857142857,0.38562091503268,"rf_probs",0,237,452,317,0.23558648111332,0.343976777939042,0,0.427797833935018,0.343976777939042,0.381335478680611
2000,1000,80,0.3,0.05,"a",FALSE,0.5,0,370,"21, 13, 42, 67","rf_class",447,1009,30,14,0.970666666666667,0.971126082771896,0.969631236442516,0.986314760508309,0.971126082771896,0.978661493695441,"rf_class",137,338,12,7,0.961538461538462,0.965714285714286,0.951388888888889,0.979710144927536,0.965714285714286,0.972661870503597,"rf_class",310,671,18,7,0.975149105367793,0.973875181422351,0.977917981072555,0.989675516224189,0.973875181422351,0.981711777615216
2000,1000,80,0.3,0.05,"a",FALSE,0.5,0,371,"71, 80, 73, 12","IRT",410,1018,61,11,0.952,0.943466172381835,0.973871733966746,0.989310009718173,0.943466172381835,0.96584440227704,"IRT",127,369,21,3,0.953846153846154,0.946153846153846,0.976923076923077,0.991935483870968,0.946153846153846,0.968503937007874,"IRT",283,649,40,8,0.951020408163265,0.941944847605225,0.972508591065292,0.987823439878234,0.941944847605225,0.964338781575037
2000,1000,80,0.3,0.05,"a",FALSE,0.5,0,371,"71, 80, 73, 12","rf_probs",0,360,719,421,0.24,0.333642261353105,0,0.460947503201024,0.333642261353105,0.387096774193548,"rf_probs",0,133,257,130,0.255769230769231,0.341025641025641,0,0.505703422053232,0.341025641025641,0.407350689127106,"rf_probs",0,227,462,291,0.231632653061224,0.329462989840348,0,0.438223938223938,0.329462989840348,0.376139188069594
2000,1000,80,0.3,0.05,"a",FALSE,0.5,0,371,"71, 80, 73, 12","rf_class",396,1039,40,25,0.956666666666667,0.962928637627433,0.94061757719715,0.976503759398496,0.962928637627433,0.969668688754083,"rf_class",123,376,14,7,0.959615384615385,0.964102564102564,0.946153846153846,0.981723237597911,0.964102564102564,0.972833117723157,"rf_class",273,663,26,18,0.955102040816327,0.962264150943396,0.938144329896907,0.973568281938326,0.962264150943396,0.967883211678832
2000,1000,80,0.3,0.05,"a",FALSE,0.5,0,372,"9, 18, 76, 17","IRT",437,1006,39,18,0.962,0.962679425837321,0.96043956043956,0.982421875,0.962679425837321,0.972450459159014,"IRT",150,321,19,5,0.951515151515152,0.944117647058824,0.967741935483871,0.984662576687117,0.944117647058824,0.963963963963964,"IRT",287,685,20,13,0.967164179104478,0.971631205673759,0.956666666666667,0.981375358166189,0.971631205673759,0.97647897362794
2000,1000,80,0.3,0.05,"a",FALSE,0.5,0,372,"9, 18, 76, 17","rf_probs",0,347,698,455,0.231333333333333,0.332057416267943,0,0.432668329177057,0.332057416267943,0.375744450460206,"rf_probs",0,110,230,155,0.222222222222222,0.323529411764706,0,0.415094339622642,0.323529411764706,0.363636363636364,"rf_probs",0,237,468,300,0.235820895522388,0.336170212765957,0,0.441340782122905,0.336170212765957,0.381642512077295
2000,1000,80,0.3,0.05,"a",FALSE,0.5,0,372,"9, 18, 76, 17","rf_class",426,1010,35,29,0.957333333333333,0.966507177033493,0.936263736263736,0.9720885466795,0.966507177033493,0.969289827255278,"rf_class",145,323,17,10,0.945454545454545,0.95,0.935483870967742,0.96996996996997,0.95,0.959881129271917,"rf_class",281,687,18,19,0.96318407960199,0.974468085106383,0.936666666666667,0.973087818696884,0.974468085106383,0.973777462792346
2000,1000,80,0.3,0.05,"a",FALSE,0.5,0,373,"76, 47, 18, 67","IRT",443,1003,44,10,0.964,0.957975167144222,0.977924944812362,0.990128331688055,0.957975167144222,0.97378640776699,"IRT",153,336,13,2,0.970238095238095,0.962750716332378,0.987096774193548,0.994082840236686,0.962750716332378,0.978165938864629,"IRT",290,667,31,8,0.960843373493976,0.955587392550143,0.973154362416107,0.988148148148148,0.955587392550143,0.971595047341588
2000,1000,80,0.3,0.05,"a",FALSE,0.5,0,373,"76, 47, 18, 67","rf_probs",0,344,703,453,0.229333333333333,0.328557784145177,0,0.431618569636135,0.328557784145177,0.373101952277657,"rf_probs",0,110,239,155,0.218253968253968,0.315186246418338,0,0.415094339622642,0.315186246418338,0.358306188925081,"rf_probs",0,234,464,298,0.234939759036145,0.335243553008596,0,0.43984962406015,0.335243553008596,0.380487804878049
2000,1000,80,0.3,0.05,"a",FALSE,0.5,0,373,"76, 47, 18, 67","rf_class",430,1014,33,23,0.962666666666667,0.968481375358166,0.949227373068433,0.977820636451302,0.968481375358166,0.973128598848369,"rf_class",149,339,10,6,0.968253968253968,0.97134670487106,0.961290322580645,0.982608695652174,0.97134670487106,0.976945244956772,"rf_class",281,675,23,17,0.959839357429719,0.967048710601719,0.942953020134228,0.975433526011561,0.967048710601719,0.971223021582734
2000,1000,80,0.3,0.05,"a",FALSE,0.5,0,374,"20, 69, 58, 13","IRT",423,1028,37,12,0.967333333333333,0.965258215962441,0.972413793103448,0.988461538461539,0.965258215962441,0.976722090261283,"IRT",142,383,15,2,0.968634686346863,0.962311557788945,0.986111111111111,0.994805194805195,0.962311557788945,0.978288633461047,"IRT",281,645,22,10,0.966597077244259,0.967016491754123,0.965635738831615,0.984732824427481,0.967016491754123,0.975794251134644
2000,1000,80,0.3,0.05,"a",FALSE,0.5,0,374,"20, 69, 58, 13","rf_probs",0,340,725,435,0.226666666666667,0.31924882629108,0,0.438709677419355,0.31924882629108,0.369565217391304,"rf_probs",0,129,269,144,0.238007380073801,0.324120603015075,0,0.472527472527473,0.324120603015075,0.384500745156483,"rf_probs",0,211,456,291,0.220250521920668,0.316341829085457,0,0.420318725099602,0.316341829085457,0.360992301112062
2000,1000,80,0.3,0.05,"a",FALSE,0.5,0,374,"20, 69, 58, 13","rf_class",407,1035,30,28,0.961333333333333,0.971830985915493,0.935632183908046,0.973659454374412,0.971830985915493,0.972744360902256,"rf_class",136,388,10,8,0.966789667896679,0.974874371859296,0.944444444444444,0.97979797979798,0.974874371859296,0.977329974811083,"rf_class",271,647,20,20,0.958246346555324,0.970014992503748,0.93127147766323,0.970014992503748,0.970014992503748,0.970014992503748
2000,1000,80,0.3,0.05,"a",FALSE,0.5,0,375,"67, 59, 35, 63","IRT",428,1014,37,21,0.961333333333333,0.964795432921028,0.953229398663697,0.979710144927536,0.964795432921028,0.972195589645254,"IRT",138,348,16,7,0.954813359528487,0.956043956043956,0.951724137931034,0.980281690140845,0.956043956043956,0.968011126564673,"IRT",290,666,21,14,0.96468213925328,0.96943231441048,0.953947368421053,0.979411764705882,0.96943231441048,0.974396488661302
2000,1000,80,0.3,0.05,"a",FALSE,0.5,0,375,"67, 59, 35, 63","rf_probs",0,336,715,449,0.224,0.319695528068506,0,0.428025477707006,0.319695528068506,0.366013071895425,"rf_probs",0,117,247,145,0.229862475442043,0.321428571428571,0,0.446564885496183,0.321428571428571,0.373801916932907,"rf_probs",0,219,468,304,0.220988900100908,0.318777292576419,0,0.418738049713193,0.318777292576419,0.36198347107438
2000,1000,80,0.3,0.05,"a",FALSE,0.5,0,375,"67, 59, 35, 63","rf_class",416,1009,42,33,0.95,0.960038058991437,0.926503340757238,0.968330134357006,0.960038058991437,0.964166268514095,"rf_class",134,347,17,11,0.944990176817289,0.953296703296703,0.924137931034483,0.96927374301676,0.953296703296703,0.961218836565097,"rf_class",282,662,25,22,0.952573158425832,0.963609898107715,0.927631578947368,0.967836257309941,0.963609898107715,0.965718453683443
2000,1000,80,0.3,0.05,"a",FALSE,0.5,0,376,"37, 49, 61, 48","IRT",461,970,65,4,0.954,0.93719806763285,0.991397849462366,0.995893223819302,0.93719806763285,0.965654554504729,"IRT",148,333,18,1,0.962,0.948717948717949,0.993288590604027,0.997005988023952,0.948717948717949,0.972262773722628,"IRT",313,637,47,3,0.95,0.931286549707602,0.990506329113924,0.9953125,0.931286549707602,0.962235649546828
2000,1000,80,0.3,0.05,"a",FALSE,0.5,0,376,"37, 49, 61, 48","rf_probs",0,400,635,465,0.266666666666667,0.386473429951691,0,0.46242774566474,0.386473429951691,0.421052631578947,"rf_probs",0,129,222,149,0.258,0.367521367521368,0,0.464028776978417,0.367521367521368,0.410174880763116,"rf_probs",0,271,413,316,0.271,0.396198830409357,0,0.461669505962521,0.396198830409357,0.426435877261998
2000,1000,80,0.3,0.05,"a",FALSE,0.5,0,376,"37, 49, 61, 48","rf_class",448,998,37,17,0.964,0.964251207729469,0.963440860215054,0.983251231527094,0.964251207729469,0.973658536585366,"rf_class",143,342,9,6,0.97,0.974358974358974,0.959731543624161,0.982758620689655,0.974358974358974,0.978540772532189,"rf_class",305,656,28,11,0.961,0.95906432748538,0.965189873417722,0.983508245877061,0.95906432748538,0.971132494448557
2000,1000,80,0.3,0.05,"a",FALSE,0.5,0,377,"70, 10, 60, 57","IRT",428,1006,47,19,0.956,0.955365622032289,0.957494407158837,0.981463414634146,0.955365622032289,0.968238691049086,"IRT",145,362,9,5,0.973128598848369,0.975741239892183,0.966666666666667,0.986376021798365,0.975741239892183,0.981029810298103,"IRT",283,644,38,14,0.946884576098059,0.944281524926686,0.952861952861953,0.978723404255319,0.944281524926686,0.961194029850746
2000,1000,80,0.3,0.05,"a",FALSE,0.5,0,377,"70, 10, 60, 57","rf_probs",0,381,672,447,0.254,0.361823361823362,0,0.460144927536232,0.361823361823362,0.405103668261563,"rf_probs",0,133,238,150,0.255278310940499,0.358490566037736,0,0.469964664310954,0.358490566037736,0.406727828746177,"rf_probs",0,248,434,297,0.253319713993871,0.363636363636364,0,0.455045871559633,0.363636363636364,0.404237978810106
2000,1000,80,0.3,0.05,"a",FALSE,0.5,0,377,"70, 10, 60, 57","rf_class",415,1009,44,32,0.949333333333333,0.958214624881291,0.92841163310962,0.96926032660903,0.958214624881291,0.96370582617001,"rf_class",143,358,13,7,0.961612284069098,0.964959568733154,0.953333333333333,0.980821917808219,0.964959568733154,0.972826086956522,"rf_class",272,651,31,25,0.942798774259448,0.954545454545455,0.915824915824916,0.96301775147929,0.954545454545455,0.958762886597938
2000,1000,80,0.3,0.05,"a",FALSE,0.5,0,378,"17, 29, 24, 37","IRT",470,978,44,8,0.965333333333333,0.956947162426614,0.98326359832636,0.991886409736308,0.956947162426614,0.97410358565737,"IRT",143,328,10,2,0.975155279503106,0.970414201183432,0.986206896551724,0.993939393939394,0.970414201183432,0.982035928143713,"IRT",327,650,34,6,0.960668633235005,0.950292397660819,0.981981981981982,0.990853658536585,0.950292397660819,0.970149253731343
2000,1000,80,0.3,0.05,"a",FALSE,0.5,0,378,"17, 29, 24, 37","rf_probs",0,352,670,478,0.234666666666667,0.344422700587084,0,0.424096385542169,0.344422700587084,0.380129589632829,"rf_probs",0,108,230,145,0.22360248447205,0.319526627218935,0,0.426877470355731,0.319526627218935,0.365482233502538,"rf_probs",0,244,440,333,0.23992133726647,0.35672514619883,0,0.422876949740035,0.35672514619883,0.386994448850119
2000,1000,80,0.3,0.05,"a",FALSE,0.5,0,378,"17, 29, 24, 37","rf_class",451,992,30,27,0.962,0.970645792563601,0.943514644351464,0.973503434739941,0.970645792563601,0.972072513473787,"rf_class",135,329,9,10,0.960662525879917,0.973372781065089,0.931034482758621,0.970501474926254,0.973372781065089,0.971935007385524,"rf_class",316,663,21,17,0.962635201573255,0.969298245614035,0.948948948948949,0.975,0.969298245614035,0.972140762463343
2000,1000,80,0.3,0.05,"a",FALSE,0.5,0,379,"57, 7, 72, 44","IRT",460,990,32,18,0.966666666666667,0.968688845401174,0.96234309623431,0.982142857142857,0.968688845401174,0.975369458128079,"IRT",168,323,7,2,0.982,0.978787878787879,0.988235294117647,0.993846153846154,0.978787878787879,0.986259541984733,"IRT",292,667,25,16,0.959,0.963872832369942,0.948051948051948,0.976573938506589,0.963872832369942,0.970181818181818
2000,1000,80,0.3,0.05,"a",FALSE,0.5,0,379,"57, 7, 72, 44","rf_probs",0,339,683,478,0.226,0.331702544031311,0,0.414932680538556,0.331702544031311,0.368678629690049,"rf_probs",0,112,218,170,0.224,0.339393939393939,0,0.397163120567376,0.339393939393939,0.366013071895425,"rf_probs",0,227,465,308,0.227,0.328034682080925,0,0.424299065420561,0.328034682080925,0.37000814995925
2000,1000,80,0.3,0.05,"a",FALSE,0.5,0,379,"57, 7, 72, 44","rf_class",458,995,27,20,0.968666666666667,0.973581213307241,0.9581589958159,0.980295566502463,0.973581213307241,0.976926853215513,"rf_class",166,324,6,4,0.98,0.981818181818182,0.976470588235294,0.98780487804878,0.981818181818182,0.984802431610942,"rf_class",292,671,21,16,0.963,0.969653179190751,0.948051948051948,0.976710334788937,0.969653179190751,0.973168963016679
2000,1000,80,0.3,0.05,"a",FALSE,0.5,0,380,"49, 69, 77, 51","IRT",447,997,49,7,0.962666666666667,0.953154875717017,0.984581497797357,0.993027888446215,0.953154875717017,0.972682926829268,"IRT",146,340,19,2,0.958579881656805,0.947075208913649,0.986486486486487,0.994152046783626,0.947075208913649,0.970042796005706,"IRT",301,657,30,5,0.964753272910373,0.956331877729258,0.983660130718954,0.992447129909366,0.956331877729258,0.97405485544848
2000,1000,80,0.3,0.05,"a",FALSE,0.5,0,380,"49, 69, 77, 51","rf_probs",407,0,1046,47,0.271333333333333,0,0.89647577092511,0,0,NA,"rf_probs",130,0,359,18,0.256410256410256,0,0.878378378378378,0,0,NA,"rf_probs",277,0,687,29,0.278952668680765,0,0.905228758169935,0,0,NA
2000,1000,80,0.3,0.05,"a",FALSE,0.5,0,380,"49, 69, 77, 51","rf_class",440,1003,43,14,0.962,0.958891013384321,0.969162995594714,0.986234021632252,0.958891013384321,0.972370334464372,"rf_class",143,345,14,5,0.962524654832347,0.96100278551532,0.966216216216216,0.985714285714286,0.96100278551532,0.973201692524683,"rf_class",297,658,29,9,0.961732124874119,0.957787481804949,0.970588235294118,0.986506746626687,0.957787481804949,0.971935007385524
2000,1000,80,0.3,0.05,"a",FALSE,0.5,0,381,"32, 50, 38, 80","IRT",423,1022,36,19,0.963333333333333,0.965973534971645,0.957013574660634,0.981748318924111,0.965973534971645,0.973797046212482,"IRT",133,350,11,9,0.960238568588469,0.969529085872576,0.936619718309859,0.974930362116992,0.969529085872576,0.972222222222222,"IRT",290,672,25,10,0.964894684052157,0.964131994261119,0.966666666666667,0.98533724340176,0.964131994261119,0.974619289340101
2000,1000,80,0.3,0.05,"a",FALSE,0.5,0,381,"32, 50, 38, 80","rf_probs",0,351,707,442,0.234,0.331758034026465,0,0.442622950819672,0.331758034026465,0.379254457050243,"rf_probs",0,129,232,142,0.256461232604374,0.357340720221607,0,0.476014760147601,0.357340720221607,0.408227848101266,"rf_probs",0,222,475,300,0.222668004012036,0.318507890961263,0,0.425287356321839,0.318507890961263,0.364232977850697
2000,1000,80,0.3,0.05,"a",FALSE,0.5,0,381,"32, 50, 38, 80","rf_class",412,1026,32,30,0.958666666666667,0.969754253308129,0.932126696832579,0.971590909090909,0.969754253308129,0.970671712393567,"rf_class",131,353,8,11,0.962226640159046,0.977839335180055,0.922535211267606,0.96978021978022,0.977839335180055,0.973793103448276,"rf_class",281,673,24,19,0.956870611835506,0.965566714490674,0.936666666666667,0.972543352601156,0.965566714490674,0.969042476601872
2000,1000,80,0.3,0.05,"a",FALSE,0.5,0,382,"29, 18, 19, 11","IRT",436,1004,49,11,0.96,0.95346628679962,0.975391498881432,0.989162561576355,0.95346628679962,0.970986460348162,"IRT",146,320,17,3,0.958847736625514,0.949554896142433,0.979865771812081,0.990712074303406,0.949554896142433,0.96969696969697,"IRT",290,684,32,8,0.960552268244576,0.955307262569832,0.973154362416107,0.988439306358382,0.955307262569832,0.971590909090909
2000,1000,80,0.3,0.05,"a",FALSE,0.5,0,382,"29, 18, 19, 11","rf_probs",0,326,727,447,0.217333333333333,0.309591642924976,0,0.421733505821475,0.309591642924976,0.357064622124863,"rf_probs",0,101,236,149,0.207818930041152,0.299703264094956,0,0.404,0.299703264094956,0.34412265758092,"rf_probs",0,225,491,298,0.22189349112426,0.314245810055866,0,0.430210325047801,0.314245810055866,0.36319612590799
2000,1000,80,0.3,0.05,"a",FALSE,0.5,0,382,"29, 18, 19, 11","rf_class",418,1020,33,29,0.958666666666667,0.968660968660969,0.935123042505593,0.972354623450906,0.968660968660969,0.970504281636537,"rf_class",142,328,9,7,0.967078189300412,0.973293768545994,0.953020134228188,0.97910447761194,0.973293768545994,0.976190476190476,"rf_class",276,692,24,22,0.954635108481262,0.966480446927374,0.926174496644295,0.969187675070028,0.966480446927374,0.967832167832168
2000,1000,80,0.3,0.05,"a",FALSE,0.5,0,383,"2, 13, 69, 46","IRT",438,1003,46,13,0.960666666666667,0.956148713060057,0.971175166297118,0.987204724409449,0.956148713060057,0.971428571428571,"IRT",149,336,19,5,0.952848722986248,0.946478873239437,0.967532467532468,0.98533724340176,0.946478873239437,0.96551724137931,"IRT",289,667,27,8,0.96468213925328,0.961095100864553,0.973063973063973,0.988148148148148,0.961095100864553,0.974433893352812
2000,1000,80,0.3,0.05,"a",FALSE,0.5,0,383,"2, 13, 69, 46","rf_probs",0,360,689,451,0.24,0.343183984747378,0,0.443896424167694,0.343183984747378,0.387096774193548,"rf_probs",0,119,236,154,0.233791748526523,0.335211267605634,0,0.435897435897436,0.335211267605634,0.378980891719745,"rf_probs",0,241,453,297,0.243188698284561,0.347262247838617,0,0.447955390334572,0.347262247838617,0.391233766233766
2000,1000,80,0.3,0.05,"a",FALSE,0.5,0,383,"2, 13, 69, 46","rf_class",426,1001,48,25,0.951333333333333,0.954242135367016,0.944567627494457,0.975633528265107,0.954242135367016,0.964819277108434,"rf_class",145,337,18,9,0.946954813359528,0.949295774647887,0.941558441558442,0.973988439306358,0.949295774647887,0.961483594864479,"rf_class",281,664,30,16,0.953582240161453,0.956772334293948,0.946127946127946,0.976470588235294,0.956772334293948,0.966521106259097
2000,1000,80,0.3,0.05,"a",FALSE,0.5,0,384,"60, 9, 62, 18","IRT",451,997,39,13,0.965333333333333,0.962355212355212,0.97198275862069,0.987128712871287,0.962355212355212,0.974584555229717,"IRT",141,337,8,4,0.975510204081633,0.976811594202899,0.972413793103448,0.988269794721408,0.976811594202899,0.982507288629738,"IRT",310,660,31,9,0.96039603960396,0.955137481910275,0.971786833855799,0.986547085201794,0.955137481910275,0.970588235294118
2000,1000,80,0.3,0.05,"a",FALSE,0.5,0,384,"60, 9, 62, 18","rf_probs",0,332,704,464,0.221333333333333,0.32046332046332,0,0.417085427135678,0.32046332046332,0.362445414847162,"rf_probs",0,104,241,145,0.212244897959184,0.301449275362319,0,0.417670682730924,0.301449275362319,0.35016835016835,"rf_probs",0,228,463,319,0.225742574257426,0.329956584659913,0,0.416819012797075,0.329956584659913,0.368336025848142
2000,1000,80,0.3,0.05,"a",FALSE,0.5,0,384,"60, 9, 62, 18","rf_class",439,1004,32,25,0.962,0.969111969111969,0.946120689655172,0.975704567541302,0.969111969111969,0.972397094430993,"rf_class",139,338,7,6,0.973469387755102,0.979710144927536,0.958620689655172,0.982558139534884,0.979710144927536,0.981132075471698,"rf_class",300,666,25,19,0.956435643564356,0.963820549927641,0.940438871473354,0.972262773722628,0.963820549927641,0.968023255813953
2000,1000,80,0.3,0.05,"a",FALSE,0.5,0,385,"75, 1, 59, 15","IRT",439,1014,35,12,0.968666666666667,0.966634890371783,0.973392461197339,0.988304093567251,0.966634890371783,0.977349397590361,"IRT",135,346,10,1,0.977642276422764,0.971910112359551,0.992647058823529,0.997118155619596,0.971910112359551,0.984352773826458,"IRT",304,668,25,11,0.964285714285714,0.963924963924964,0.965079365079365,0.98379970544919,0.963924963924964,0.973760932944606
2000,1000,80,0.3,0.05,"a",FALSE,0.5,0,385,"75, 1, 59, 15","rf_probs",0,343,706,451,0.228666666666667,0.32697807435653,0,0.431989924433249,0.32697807435653,0.372219207813348,"rf_probs",0,117,239,136,0.23780487804878,0.328651685393258,0,0.462450592885375,0.328651685393258,0.384236453201971,"rf_probs",0,226,467,315,0.224206349206349,0.326118326118326,0,0.417744916820702,0.326118326118326,0.366288492706645
2000,1000,80,0.3,0.05,"a",FALSE,0.5,0,385,"75, 1, 59, 15","rf_class",419,1021,28,32,0.96,0.973307912297426,0.929046563192905,0.969610636277303,0.973307912297426,0.971455756422455,"rf_class",127,347,9,9,0.963414634146341,0.974719101123595,0.933823529411765,0.974719101123595,0.974719101123595,0.974719101123595,"rf_class",292,674,19,23,0.958333333333333,0.972582972582973,0.926984126984127,0.96700143472023,0.972582972582973,0.96978417266187
2000,1000,80,0.3,0.05,"a",FALSE,0.5,0,386,"14, 74, 58, 57","IRT",415,1032,41,12,0.964666666666667,0.961789375582479,0.971896955503513,0.988505747126437,0.961789375582479,0.974964572508266,"IRT",150,329,15,5,0.959919839679359,0.956395348837209,0.967741935483871,0.985029940119761,0.956395348837209,0.970501474926254,"IRT",265,703,26,7,0.967032967032967,0.964334705075446,0.974264705882353,0.990140845070423,0.964334705075446,0.977067407922168
2000,1000,80,0.3,0.05,"a",FALSE,0.5,0,386,"14, 74, 58, 57","rf_probs",0,375,698,427,0.25,0.349487418452936,0,0.467581047381546,0.349487418452936,0.4,"rf_probs",0,140,204,155,0.280561122244489,0.406976744186047,0,0.474576271186441,0.406976744186047,0.438184663536776,"rf_probs",0,235,494,272,0.234765234765235,0.322359396433471,0,0.463510848126233,0.322359396433471,0.380258899676375
2000,1000,80,0.3,0.05,"a",FALSE,0.5,0,386,"14, 74, 58, 57","rf_class",404,1039,34,23,0.962,0.968313140726934,0.946135831381733,0.97834274952919,0.968313140726934,0.973302107728337,"rf_class",149,331,13,6,0.961923847695391,0.962209302325581,0.961290322580645,0.982195845697329,0.962209302325581,0.972099853157122,"rf_class",255,708,21,17,0.962037962037962,0.97119341563786,0.9375,0.976551724137931,0.97119341563786,0.973865199449794
2000,1000,80,0.3,0.05,"a",FALSE,0.5,0,387,"7, 3, 26, 17","IRT",441,1012,38,9,0.968666666666667,0.963809523809524,0.98,0.991185112634672,0.963809523809524,0.977305649444713,"IRT",160,303,17,3,0.958592132505176,0.946875,0.98159509202454,0.990196078431373,0.946875,0.968051118210863,"IRT",281,709,21,6,0.973451327433628,0.971232876712329,0.979094076655052,0.991608391608392,0.971232876712329,0.981314878892734
2000,1000,80,0.3,0.05,"a",FALSE,0.5,0,387,"7, 3, 26, 17","rf_probs",0,363,687,450,0.242,0.345714285714286,0,0.446494464944649,0.345714285714286,0.389694041867955,"rf_probs",0,101,219,163,0.209109730848861,0.315625,0,0.382575757575758,0.315625,0.345890410958904,"rf_probs",0,262,468,287,0.257620452310718,0.358904109589041,0,0.477231329690346,0.358904109589041,0.409695074276779
2000,1000,80,0.3,0.05,"a",FALSE,0.5,0,387,"7, 3, 26, 17","rf_class",436,1010,40,14,0.964,0.961904761904762,0.968888888888889,0.986328125,0.961904761904762,0.973963355834137,"rf_class",159,306,14,4,0.962732919254658,0.95625,0.975460122699387,0.987096774193548,0.95625,0.971428571428572,"rf_class",277,704,26,10,0.964601769911504,0.964383561643836,0.965156794425087,0.985994397759104,0.964383561643836,0.975069252077562
2000,1000,80,0.3,0.05,"a",FALSE,0.5,0,388,"66, 21, 6, 11","IRT",416,1043,31,10,0.972666666666667,0.971135940409683,0.976525821596244,0.990503323836657,0.971135940409683,0.980724024447579,"IRT",119,369,10,5,0.970178926441352,0.973614775725594,0.959677419354839,0.986631016042781,0.973614775725594,0.9800796812749,"IRT",297,674,21,5,0.973921765295888,0.969784172661871,0.983443708609272,0.992636229749632,0.969784172661871,0.981077147016012
2000,1000,80,0.3,0.05,"a",FALSE,0.5,0,388,"66, 21, 6, 11","rf_probs",0,375,699,426,0.25,0.349162011173184,0,0.468164794007491,0.349162011173184,0.4,"rf_probs",0,123,256,124,0.244532803180915,0.324538258575198,0,0.497975708502024,0.324538258575198,0.39297124600639,"rf_probs",0,252,443,302,0.252758274824473,0.362589928057554,0,0.454873646209386,0.362589928057554,0.403522818254604
2000,1000,80,0.3,0.05,"a",FALSE,0.5,0,388,"66, 21, 6, 11","rf_class",414,1035,39,12,0.966,0.963687150837989,0.971830985915493,0.988538681948424,0.963687150837989,0.975954738330976,"rf_class",122,368,11,2,0.974155069582505,0.970976253298153,0.983870967741935,0.994594594594595,0.970976253298153,0.9826435246996,"rf_class",292,667,28,10,0.961885656970913,0.959712230215827,0.966887417218543,0.985228951255539,0.959712230215827,0.972303206997085
2000,1000,80,0.3,0.05,"a",FALSE,0.5,0,389,"61, 19, 32, 36","IRT",415,1030,31,24,0.963333333333333,0.970782280867106,0.945330296127563,0.977229601518027,0.970782280867106,0.973995271867612,"IRT",135,356,14,7,0.958984375,0.962162162162162,0.950704225352113,0.980716253443526,0.962162162162162,0.971350613915416,"IRT",280,674,17,17,0.965587044534413,0.975397973950796,0.942760942760943,0.975397973950796,0.975397973950796,0.975397973950796
2000,1000,80,0.3,0.05,"a",FALSE,0.5,0,389,"61, 19, 32, 36","rf_probs",0,370,691,439,0.246666666666667,0.348727615457116,0,0.457354758961681,0.348727615457116,0.39572192513369,"rf_probs",0,131,239,142,0.255859375,0.354054054054054,0,0.47985347985348,0.354054054054054,0.40746500777605,"rf_probs",0,239,452,297,0.241902834008097,0.345875542691751,0,0.44589552238806,0.345875542691751,0.389568052159739
2000,1000,80,0.3,0.05,"a",FALSE,0.5,0,389,"61, 19, 32, 36","rf_class",415,1011,50,24,0.950666666666667,0.952874646559849,0.945330296127563,0.976811594202899,0.952874646559849,0.96469465648855,"rf_class",131,351,19,11,0.94140625,0.948648648648649,0.922535211267606,0.969613259668508,0.948648648648649,0.959016393442623,"rf_class",284,660,31,13,0.955465587044534,0.955137481910275,0.956228956228956,0.980683506686478,0.955137481910275,0.967741935483871
2000,1000,80,0.3,0.05,"a",FALSE,0.5,0,390,"6, 63, 60, 31","IRT",436,987,76,1,0.948666666666667,0.928504233301976,0.997711670480549,0.998987854251012,0.928504233301976,0.962457337883959,"IRT",148,332,26,0,0.948616600790514,0.927374301675978,1,1,0.927374301675978,0.96231884057971,"IRT",288,655,50,1,0.948692152917505,0.929078014184397,0.996539792387543,0.998475609756098,0.929078014184397,0.962527553269655
2000,1000,80,0.3,0.05,"a",FALSE,0.5,0,390,"6, 63, 60, 31","rf_probs",0,389,674,437,0.259333333333333,0.365945437441204,0,0.470944309927361,0.365945437441204,0.411858125992589,"rf_probs",0,135,223,148,0.266798418972332,0.377094972067039,0,0.477031802120141,0.377094972067039,0.421216848673947,"rf_probs",0,254,451,289,0.255533199195171,0.360283687943262,0,0.467771639042357,0.360283687943262,0.407051282051282
2000,1000,80,0.3,0.05,"a",FALSE,0.5,0,390,"6, 63, 60, 31","rf_class",414,1005,58,23,0.946,0.945437441204139,0.947368421052632,0.977626459143969,0.945437441204139,0.961262553802009,"rf_class",139,336,22,9,0.938735177865613,0.93854748603352,0.939189189189189,0.973913043478261,0.93854748603352,0.955903271692745,"rf_class",275,669,36,14,0.949698189134809,0.948936170212766,0.951557093425606,0.979502196193265,0.948936170212766,0.963976945244957
2000,1000,80,0.3,0.05,"a",FALSE,0.5,0,391,"76, 73, 46, 10","IRT",433,1011,48,8,0.962666666666667,0.954674220963173,0.981859410430839,0.992149165848871,0.954674220963173,0.973051010587103,"IRT",127,338,21,4,0.948979591836735,0.94150417827298,0.969465648854962,0.988304093567251,0.94150417827298,0.964336661911555,"IRT",306,673,27,4,0.969306930693069,0.961428571428571,0.987096774193548,0.994091580502216,0.961428571428571,0.977487291212781
2000,1000,80,0.3,0.05,"a",FALSE,0.5,0,391,"76, 73, 46, 10","rf_probs",0,389,670,441,0.259333333333333,0.367327667610954,0,0.468674698795181,0.367327667610954,0.411858125992589,"rf_probs",0,132,227,131,0.269387755102041,0.367688022284123,0,0.501901140684411,0.367688022284123,0.42443729903537,"rf_probs",0,257,443,310,0.254455445544554,0.367142857142857,0,0.45326278659612,0.367142857142857,0.40568271507498
2000,1000,80,0.3,0.05,"a",FALSE,0.5,0,391,"76, 73, 46, 10","rf_class",420,1026,33,21,0.964,0.968838526912181,0.952380952380952,0.979942693409742,0.968838526912181,0.974358974358974,"rf_class",124,348,11,7,0.963265306122449,0.969359331476323,0.946564885496183,0.980281690140845,0.969359331476323,0.974789915966387,"rf_class",296,678,22,14,0.964356435643564,0.968571428571429,0.954838709677419,0.979768786127168,0.968571428571429,0.974137931034483
2000,1000,80,0.3,0.05,"a",FALSE,0.5,0,392,"43, 33, 16, 38","IRT",469,980,30,21,0.966,0.97029702970297,0.957142857142857,0.979020979020979,0.97029702970297,0.974639482844356,"IRT",160,323,7,4,0.977732793522267,0.978787878787879,0.975609756097561,0.987767584097859,0.978787878787879,0.983257229832572,"IRT",309,657,23,17,0.960238568588469,0.966176470588235,0.947852760736196,0.974777448071217,0.966176470588235,0.970457902511078
2000,1000,80,0.3,0.05,"a",FALSE,0.5,0,392,"43, 33, 16, 38","rf_probs",0,308,702,490,0.205333333333333,0.304950495049505,0,0.385964912280702,0.304950495049505,0.34070796460177,"rf_probs",0,91,239,164,0.184210526315789,0.275757575757576,0,0.356862745098039,0.275757575757576,0.311111111111111,"rf_probs",0,217,463,326,0.215705765407555,0.319117647058824,0,0.39963167587477,0.319117647058824,0.354865085854456
2000,1000,80,0.3,0.05,"a",FALSE,0.5,0,392,"43, 33, 16, 38","rf_class",457,981,29,33,0.958666666666667,0.971287128712871,0.93265306122449,0.967455621301775,0.971287128712871,0.969367588932806,"rf_class",157,321,9,7,0.967611336032389,0.972727272727273,0.957317073170732,0.978658536585366,0.972727272727273,0.975683890577508,"rf_class",300,660,20,26,0.95427435387674,0.970588235294118,0.920245398773006,0.962099125364432,0.970588235294118,0.966325036603221
2000,1000,80,0.3,0.05,"a",FALSE,0.5,0,393,"23, 30, 6, 73","IRT",433,1011,42,14,0.962666666666667,0.96011396011396,0.968680089485459,0.986341463414634,0.96011396011396,0.973051010587103,"IRT",150,345,13,4,0.966796875,0.963687150837989,0.974025974025974,0.988538681948424,0.963687150837989,0.975954738330976,"IRT",283,666,29,10,0.960526315789474,0.958273381294964,0.965870307167236,0.985207100591716,0.958273381294964,0.971553610503282
2000,1000,80,0.3,0.05,"a",FALSE,0.5,0,393,"23, 30, 6, 73","rf_probs",0,316,737,447,0.210666666666667,0.300094966761633,0,0.414154652686763,0.300094966761633,0.348017621145374,"rf_probs",0,96,262,154,0.1875,0.268156424581006,0,0.384,0.268156424581006,0.315789473684211,"rf_probs",0,220,475,293,0.222672064777328,0.316546762589928,0,0.428849902534113,0.316546762589928,0.364238410596026
2000,1000,80,0.3,0.05,"a",FALSE,0.5,0,393,"23, 30, 6, 73","rf_class",424,1019,34,23,0.962,0.967711301044634,0.948545861297539,0.977927063339731,0.967711301044634,0.972792362768496,"rf_class",146,345,13,8,0.958984375,0.963687150837989,0.948051948051948,0.977337110481586,0.963687150837989,0.970464135021097,"rf_class",278,674,21,15,0.963562753036437,0.969784172661871,0.948805460750853,0.978229317851959,0.969784172661871,0.973988439306358
2000,1000,80,0.3,0.05,"a",FALSE,0.5,0,394,"41, 53, 47, 57","IRT",445,996,39,20,0.960666666666667,0.96231884057971,0.956989247311828,0.980314960629921,0.96231884057971,0.971233544612384,"IRT",153,331,12,9,0.958415841584158,0.965014577259475,0.944444444444444,0.973529411764706,0.965014577259475,0.969253294289897,"IRT",292,665,27,11,0.961809045226131,0.960982658959538,0.963696369636964,0.983727810650888,0.960982658959538,0.972222222222222
2000,1000,80,0.3,0.05,"a",FALSE,0.5,0,394,"41, 53, 47, 57","rf_probs",0,355,680,465,0.236666666666667,0.342995169082126,0,0.432926829268293,0.342995169082126,0.382749326145553,"rf_probs",0,112,231,162,0.221782178217822,0.326530612244898,0,0.408759124087591,0.326530612244898,0.363047001620745,"rf_probs",0,243,449,303,0.244221105527638,0.351156069364162,0,0.445054945054945,0.351156069364162,0.392568659127625
2000,1000,80,0.3,0.05,"a",FALSE,0.5,0,394,"41, 53, 47, 57","rf_class",448,993,42,17,0.960666666666667,0.959420289855072,0.963440860215054,0.983168316831683,0.959420289855072,0.971149144254279,"rf_class",154,330,13,8,0.958415841584158,0.962099125364432,0.950617283950617,0.976331360946746,0.962099125364432,0.969162995594714,"rf_class",294,663,29,9,0.961809045226131,0.958092485549133,0.97029702970297,0.986607142857143,0.958092485549133,0.972140762463343
2000,1000,80,0.3,0.05,"a",FALSE,0.5,0,395,"53, 28, 39, 20","IRT",460,987,48,5,0.964666666666667,0.953623188405797,0.989247311827957,0.994959677419355,0.953623188405797,0.973852984706463,"IRT",161,330,11,0,0.97808764940239,0.967741935483871,1,1,0.967741935483871,0.983606557377049,"IRT",299,657,37,5,0.957915831663327,0.946685878962536,0.983552631578947,0.992447129909366,0.946685878962536,0.969026548672566
2000,1000,80,0.3,0.05,"a",FALSE,0.5,0,395,"53, 28, 39, 20","rf_probs",0,333,702,465,0.222,0.321739130434783,0,0.417293233082707,0.321739130434783,0.363338788870704,"rf_probs",0,103,238,161,0.205179282868526,0.302052785923754,0,0.390151515151515,0.302052785923754,0.340495867768595,"rf_probs",0,230,464,304,0.230460921843687,0.331412103746398,0,0.430711610486891,0.331412103746398,0.374592833876221
2000,1000,80,0.3,0.05,"a",FALSE,0.5,0,395,"53, 28, 39, 20","rf_class",442,1011,24,23,0.968666666666667,0.976811594202899,0.950537634408602,0.977756286266925,0.976811594202899,0.977283711938134,"rf_class",155,337,4,6,0.9800796812749,0.988269794721408,0.962732919254658,0.982507288629738,0.988269794721408,0.985380116959064,"rf_class",287,674,20,17,0.962925851703407,0.971181556195965,0.944078947368421,0.975397973950796,0.971181556195965,0.973285198555957
2000,1000,80,0.3,0.05,"a",FALSE,0.5,0,396,"26, 50, 19, 79","IRT",417,1029,35,19,0.964,0.967105263157895,0.956422018348624,0.981870229007634,0.967105263157895,0.974431818181818,"IRT",137,345,18,9,0.946954813359528,0.950413223140496,0.938356164383562,0.974576271186441,0.950413223140496,0.96234309623431,"IRT",280,684,17,10,0.972754793138244,0.975748930099857,0.96551724137931,0.985590778097983,0.975748930099857,0.980645161290322
2000,1000,80,0.3,0.05,"a",FALSE,0.5,0,396,"26, 50, 19, 79","rf_probs",0,341,723,436,0.227333333333333,0.320488721804511,0,0.438867438867439,0.320488721804511,0.370450841933732,"rf_probs",0,112,251,146,0.220039292730845,0.308539944903581,0,0.434108527131783,0.308539944903581,0.360708534621578,"rf_probs",0,229,472,290,0.231079717457114,0.326676176890157,0,0.441233140655106,0.326676176890157,0.375409836065574
2000,1000,80,0.3,0.05,"a",FALSE,0.5,0,396,"26, 50, 19, 79","rf_class",416,1018,46,20,0.956,0.956766917293233,0.954128440366973,0.980732177263969,0.956766917293233,0.9686013320647,"rf_class",137,341,22,9,0.93909626719057,0.939393939393939,0.938356164383562,0.974285714285714,0.939393939393939,0.956521739130435,"rf_class",279,677,24,11,0.96468213925328,0.965763195435093,0.962068965517241,0.984011627906977,0.965763195435093,0.974802015838733
2000,1000,80,0.3,0.05,"a",FALSE,0.5,0,397,"55, 46, 49, 33","IRT",442,1006,42,10,0.965333333333333,0.959923664122137,0.97787610619469,0.990157480314961,0.959923664122137,0.974806201550388,"IRT",152,337,11,5,0.968316831683168,0.968390804597701,0.968152866242038,0.985380116959064,0.968390804597701,0.976811594202899,"IRT",290,669,31,5,0.963819095477387,0.955714285714286,0.983050847457627,0.992581602373887,0.955714285714286,0.973799126637555
2000,1000,80,0.3,0.05,"a",FALSE,0.5,0,397,"55, 46, 49, 33","rf_probs",0,328,720,452,0.218666666666667,0.312977099236641,0,0.420512820512821,0.312977099236641,0.358862144420131,"rf_probs",0,108,240,157,0.213861386138614,0.310344827586207,0,0.407547169811321,0.310344827586207,0.352365415986949,"rf_probs",0,220,480,295,0.221105527638191,0.314285714285714,0,0.427184466019417,0.314285714285714,0.362139917695473
2000,1000,80,0.3,0.05,"a",FALSE,0.5,0,397,"55, 46, 49, 33","rf_class",431,1004,44,21,0.956666666666667,0.958015267175573,0.95353982300885,0.979512195121951,0.958015267175573,0.968644476603956,"rf_class",145,337,11,12,0.954455445544554,0.968390804597701,0.923566878980892,0.965616045845272,0.968390804597701,0.967001434720229,"rf_class",286,667,33,9,0.957788944723618,0.952857142857143,0.969491525423729,0.986686390532544,0.952857142857143,0.969476744186047
2000,1000,80,0.3,0.05,"a",FALSE,0.5,0,398,"67, 20, 26, 30","IRT",439,1003,50,8,0.961333333333333,0.952516619183286,0.982102908277405,0.992087042532146,0.952516619183286,0.971899224806202,"IRT",148,341,12,3,0.970238095238095,0.96600566572238,0.980132450331126,0.991279069767442,0.96600566572238,0.978479196556671,"IRT",291,662,38,5,0.956827309236948,0.945714285714286,0.983108108108108,0.992503748125937,0.945714285714286,0.968544257498171
2000,1000,80,0.3,0.05,"a",FALSE,0.5,0,398,"67, 20, 26, 30","rf_probs",0,348,705,447,0.232,0.33048433048433,0,0.437735849056604,0.33048433048433,0.376623376623377,"rf_probs",0,100,253,151,0.198412698412698,0.28328611898017,0,0.398406374501992,0.28328611898017,0.33112582781457,"rf_probs",0,248,452,296,0.248995983935743,0.354285714285714,0,0.455882352941176,0.354285714285714,0.398713826366559
2000,1000,80,0.3,0.05,"a",FALSE,0.5,0,398,"67, 20, 26, 30","rf_class",424,1016,37,23,0.96,0.964862298195632,0.948545861297539,0.97786333012512,0.964862298195632,0.97131931166348,"rf_class",144,342,11,7,0.964285714285714,0.968838526912181,0.95364238410596,0.979942693409742,0.968838526912181,0.974358974358974,"rf_class",280,674,26,16,0.957831325301205,0.962857142857143,0.945945945945946,0.976811594202899,0.962857142857143,0.969784172661871
2000,1000,80,0.3,0.05,"a",FALSE,0.5,0,399,"37, 35, 23, 75","IRT",438,991,49,22,0.952666666666667,0.952884615384615,0.952173913043478,0.978282329713722,0.952884615384615,0.965416463711641,"IRT",144,336,10,12,0.956175298804781,0.971098265895954,0.923076923076923,0.96551724137931,0.971098265895954,0.968299711815562,"IRT",294,655,39,10,0.950901803607214,0.943804034582133,0.967105263157895,0.984962406015038,0.943804034582133,0.963944076526858
2000,1000,80,0.3,0.05,"a",FALSE,0.5,0,399,"37, 35, 23, 75","rf_probs",0,357,683,460,0.238,0.343269230769231,0,0.436964504283966,0.343269230769231,0.384491114701131,"rf_probs",0,107,239,156,0.213147410358566,0.309248554913295,0,0.406844106463878,0.309248554913295,0.351395730706075,"rf_probs",0,250,444,304,0.250501002004008,0.360230547550432,0,0.451263537906137,0.360230547550432,0.400641025641026
2000,1000,80,0.3,0.05,"a",FALSE,0.5,0,399,"37, 35, 23, 75","rf_class",429,1005,35,31,0.956,0.966346153846154,0.932608695652174,0.97007722007722,0.966346153846154,0.968208092485549,"rf_class",140,339,7,16,0.954183266932271,0.979768786127168,0.897435897435897,0.954929577464789,0.979768786127168,0.967189728958631,"rf_class",289,666,28,15,0.956913827655311,0.959654178674352,0.950657894736842,0.977973568281938,0.959654178674352,0.968727272727273
2000,1000,80,0.3,0.05,"a",FALSE,0.5,0,400,"74, 44, 42, 15","IRT",441,1006,41,12,0.964666666666667,0.960840496657116,0.973509933774834,0.988212180746562,0.960840496657116,0.974334140435835,"IRT",130,333,15,3,0.962577962577963,0.956896551724138,0.977443609022556,0.991071428571429,0.956896551724138,0.973684210526316,"IRT",311,673,26,9,0.965652600588813,0.962804005722461,0.971875,0.986803519061584,0.962804005722461,0.97465604634323
2000,1000,80,0.3,0.05,"a",FALSE,0.5,0,400,"74, 44, 42, 15","rf_probs",0,352,695,453,0.234666666666667,0.336198662846227,0,0.437267080745342,0.336198662846227,0.380129589632829,"rf_probs",0,117,231,133,0.243243243243243,0.336206896551724,0,0.468,0.336206896551724,0.391304347826087,"rf_probs",0,235,464,320,0.230618253189401,0.336194563662375,0,0.423423423423423,0.336194563662375,0.374800637958533
2000,1000,80,0.3,0.05,"a",FALSE,0.5,0,400,"74, 44, 42, 15","rf_class",431,1016,31,22,0.964666666666667,0.970391595033429,0.951434878587196,0.978805394990366,0.970391595033429,0.974580335731415,"rf_class",128,335,13,5,0.962577962577963,0.96264367816092,0.962406015037594,0.985294117647059,0.96264367816092,0.973837209302326,"rf_class",303,681,18,17,0.965652600588813,0.974248927038627,0.946875,0.975644699140401,0.974248927038627,0.974946313528991
2000,1000,80,0.3,0.05,"a",FALSE,0.5,0,401,"44, 2, 48, 27","IRT",440,987,65,8,0.951333333333333,0.938212927756654,0.982142857142857,0.991959798994975,0.938212927756654,0.964338055691256,"IRT",140,332,19,2,0.957403651115619,0.945868945868946,0.985915492957746,0.994011976047904,0.945868945868946,0.969343065693431,"IRT",300,655,46,6,0.948361469712016,0.934379457917261,0.980392156862745,0.990922844175492,0.934379457917261,0.961820851688693
2000,1000,80,0.3,0.05,"a",FALSE,0.5,0,401,"44, 2, 48, 27","rf_probs",0,367,685,448,0.244666666666667,0.348859315589354,0,0.450306748466258,0.348859315589354,0.393144081414033,"rf_probs",0,107,244,142,0.217038539553753,0.304843304843305,0,0.429718875502008,0.304843304843305,0.356666666666667,"rf_probs",0,260,441,306,0.258192651439921,0.370898716119829,0,0.459363957597173,0.370898716119829,0.410418310970797
2000,1000,80,0.3,0.05,"a",FALSE,0.5,0,401,"44, 2, 48, 27","rf_class",424,1015,37,24,0.959333333333333,0.964828897338403,0.946428571428571,0.976900866217517,0.964828897338403,0.970827355332377,"rf_class",136,341,10,6,0.967545638945233,0.971509971509972,0.957746478873239,0.982708933717579,0.971509971509972,0.977077363896848,"rf_class",288,674,27,18,0.955312810327706,0.961483594864479,0.941176470588235,0.973988439306358,0.961483594864479,0.967695620961953
2000,1000,80,0.3,0.05,"a",FALSE,0.5,0,402,"12, 68, 37, 25","IRT",433,1018,37,12,0.967333333333333,0.964928909952607,0.973033707865169,0.988349514563107,0.964928909952607,0.976498800959233,"IRT",145,321,11,4,0.968814968814969,0.966867469879518,0.973154362416107,0.987692307692308,0.966867469879518,0.97716894977169,"IRT",288,697,26,8,0.966633954857704,0.964038727524205,0.972972972972973,0.988652482269504,0.964038727524205,0.976190476190476
2000,1000,80,0.3,0.05,"a",FALSE,0.5,0,402,"12, 68, 37, 25","rf_probs",0,358,697,445,0.238666666666667,0.339336492890995,0,0.445828144458281,0.339336492890995,0.385360602798708,"rf_probs",0,119,213,149,0.247401247401247,0.358433734939759,0,0.444029850746269,0.358433734939759,0.396666666666667,"rf_probs",0,239,484,296,0.234543670264966,0.330567081604426,0,0.446728971962617,0.330567081604426,0.379968203497615
2000,1000,80,0.3,0.05,"a",FALSE,0.5,0,402,"12, 68, 37, 25","rf_class",422,1026,29,23,0.965333333333333,0.972511848341232,0.948314606741573,0.978074356530029,0.972511848341232,0.975285171102662,"rf_class",141,322,10,8,0.962577962577963,0.969879518072289,0.946308724832215,0.975757575757576,0.969879518072289,0.972809667673716,"rf_class",281,704,19,15,0.966633954857704,0.97372060857538,0.949324324324324,0.97913769123783,0.97372060857538,0.976421636615811
2000,1000,80,0.3,0.05,"a",FALSE,0.5,0,403,"43, 41, 2, 68","IRT",455,995,39,11,0.966666666666667,0.962282398452611,0.976394849785408,0.989065606361829,0.962282398452611,0.975490196078431,"IRT",157,332,11,3,0.972166998011928,0.967930029154519,0.98125,0.991044776119403,0.967930029154519,0.979351032448378,"IRT",298,663,28,8,0.963891675025075,0.959479015918958,0.973856209150327,0.988077496274218,0.959479015918958,0.973568281938326
2000,1000,80,0.3,0.05,"a",FALSE,0.5,0,403,"43, 41, 2, 68","rf_probs",0,305,729,466,0.203333333333333,0.294970986460348,0,0.395590142671855,0.294970986460348,0.337950138504155,"rf_probs",0,100,243,160,0.198807157057654,0.291545189504373,0,0.384615384615385,0.291545189504373,0.33167495854063,"rf_probs",0,205,486,306,0.205616850551655,0.296671490593343,0,0.401174168297456,0.296671490593343,0.341098169717138
2000,1000,80,0.3,0.05,"a",FALSE,0.5,0,403,"43, 41, 2, 68","rf_class",437,1007,27,29,0.962666666666667,0.973887814313346,0.937768240343348,0.972007722007722,0.973887814313346,0.972946859903382,"rf_class",151,335,8,9,0.966202783300199,0.97667638483965,0.94375,0.973837209302326,0.97667638483965,0.975254730713246,"rf_class",286,672,19,20,0.960882647943831,0.972503617945007,0.934640522875817,0.971098265895954,0.972503617945007,0.971800433839479
2000,1000,80,0.3,0.05,"a",FALSE,0.5,0,404,"70, 40, 71, 63","IRT",443,1007,36,14,0.966666666666667,0.965484180249281,0.969365426695842,0.986287952987267,0.965484180249281,0.97577519379845,"IRT",141,324,11,2,0.972803347280335,0.967164179104478,0.986013986013986,0.993865030674847,0.967164179104478,0.980332829046899,"IRT",302,683,25,12,0.963796477495108,0.964689265536723,0.961783439490446,0.98273381294964,0.964689265536723,0.973627940128297
2000,1000,80,0.3,0.05,"a",FALSE,0.5,0,404,"70, 40, 71, 63","rf_probs",0,353,690,457,0.235333333333333,0.338446788111218,0,0.435802469135802,0.338446788111218,0.381003777657852,"rf_probs",0,110,225,143,0.230125523012552,0.328358208955224,0,0.434782608695652,0.328358208955224,0.374149659863946,"rf_probs",0,243,465,314,0.237769080234834,0.343220338983051,0,0.436265709156194,0.343220338983051,0.384189723320158
2000,1000,80,0.3,0.05,"a",FALSE,0.5,0,404,"70, 40, 71, 63","rf_class",436,1002,41,21,0.958666666666667,0.960690316395014,0.954048140043764,0.979472140762463,0.960690316395014,0.96999031945789,"rf_class",138,317,18,5,0.951882845188284,0.946268656716418,0.965034965034965,0.984472049689441,0.946268656716418,0.964992389649924,"rf_class",298,685,23,16,0.961839530332681,0.967514124293785,0.949044585987261,0.977175463623395,0.967514124293785,0.972320794889993
2000,1000,80,0.3,0.05,"a",FALSE,0.5,0,405,"8, 76, 41, 14","IRT",421,1027,42,10,0.965333333333333,0.960710944808232,0.976798143851508,0.990356798457088,0.960710944808232,0.975308641975309,"IRT",152,332,14,3,0.966067864271457,0.959537572254335,0.980645161290323,0.991044776119403,0.959537572254335,0.97503671071953,"IRT",269,695,28,7,0.964964964964965,0.961272475795297,0.97463768115942,0.99002849002849,0.961272475795297,0.975438596491228
2000,1000,80,0.3,0.05,"a",FALSE,0.5,0,405,"8, 76, 41, 14","rf_probs",0,389,680,431,0.259333333333333,0.363891487371375,0,0.474390243902439,0.363891487371375,0.411858125992589,"rf_probs",0,122,224,155,0.243512974051896,0.352601156069364,0,0.44043321299639,0.352601156069364,0.391653290529695,"rf_probs",0,267,456,276,0.267267267267267,0.369294605809129,0,0.49171270718232,0.369294605809129,0.421800947867299
2000,1000,80,0.3,0.05,"a",FALSE,0.5,0,405,"8, 76, 41, 14","rf_class",416,1024,45,15,0.96,0.957904583723106,0.965197215777262,0.985563041385948,0.957904583723106,0.971537001897533,"rf_class",151,334,12,4,0.968063872255489,0.965317919075145,0.974193548387097,0.988165680473373,0.965317919075145,0.976608187134503,"rf_class",265,690,33,11,0.955955955955956,0.954356846473029,0.960144927536232,0.984308131241084,0.954356846473029,0.969101123595505
2000,1000,80,0.3,0.05,"a",FALSE,0.5,0,406,"78, 61, 62, 14","IRT",430,1022,25,23,0.968,0.976122254059217,0.949227373068433,0.97799043062201,0.976122254059217,0.977055449330784,"IRT",146,318,9,7,0.966666666666667,0.972477064220184,0.954248366013072,0.978461538461538,0.972477064220184,0.975460122699387,"IRT",284,704,16,16,0.968627450980392,0.977777777777778,0.946666666666667,0.977777777777778,0.977777777777778,0.977777777777778
2000,1000,80,0.3,0.05,"a",FALSE,0.5,0,406,"78, 61, 62, 14","rf_probs",0,357,690,453,0.238,0.340974212034384,0,0.440740740740741,0.340974212034384,0.384491114701131,"rf_probs",0,106,221,153,0.220833333333333,0.324159021406728,0,0.409266409266409,0.324159021406728,0.361774744027304,"rf_probs",0,251,469,300,0.246078431372549,0.348611111111111,0,0.455535390199637,0.348611111111111,0.394964594807238
2000,1000,80,0.3,0.05,"a",FALSE,0.5,0,406,"78, 61, 62, 14","rf_class",427,1011,36,26,0.958666666666667,0.965616045845272,0.942604856512141,0.974927675988428,0.965616045845272,0.970249520153551,"rf_class",145,316,11,8,0.960416666666667,0.966360856269113,0.947712418300654,0.975308641975309,0.966360856269113,0.970814132104455,"rf_class",282,695,25,18,0.957843137254902,0.965277777777778,0.94,0.974754558204769,0.965277777777778,0.969993021632938
2000,1000,80,0.3,0.05,"a",FALSE,0.5,0,407,"32, 36, 31, 52","IRT",428,1024,29,19,0.968,0.972459639126306,0.957494407158837,0.981783317353787,0.972459639126306,0.977099236641221,"IRT",161,330,10,8,0.964636542239686,0.970588235294118,0.952662721893491,0.976331360946746,0.970588235294118,0.973451327433628,"IRT",267,694,19,11,0.969727547931382,0.973352033660589,0.960431654676259,0.984397163120567,0.973352033660589,0.978843441466855
2000,1000,80,0.3,0.05,"a",FALSE,0.5,0,407,"32, 36, 31, 52","rf_probs",0,328,725,447,0.218666666666667,0.311490978157645,0,0.423225806451613,0.311490978157645,0.358862144420131,"rf_probs",0,98,242,169,0.192534381139489,0.288235294117647,0,0.367041198501873,0.288235294117647,0.322899505766063,"rf_probs",0,230,483,278,0.232088799192735,0.32258064516129,0,0.452755905511811,0.32258064516129,0.376740376740377
2000,1000,80,0.3,0.05,"a",FALSE,0.5,0,407,"32, 36, 31, 52","rf_class",425,1025,28,22,0.966666666666667,0.97340930674264,0.950782997762864,0.978987583572111,0.97340930674264,0.976190476190476,"rf_class",159,328,12,10,0.956777996070727,0.964705882352941,0.940828402366864,0.970414201183432,0.964705882352941,0.967551622418879,"rf_class",266,697,16,12,0.971745711402624,0.977559607293128,0.956834532374101,0.983074753173484,0.977559607293128,0.980309423347398
2000,1000,80,0.3,0.05,"a",FALSE,0.5,0,408,"5, 53, 77, 24","IRT",431,1011,54,4,0.961333333333333,0.949295774647887,0.990804597701149,0.996059113300493,0.949295774647887,0.972115384615385,"IRT",142,342,13,1,0.971887550200803,0.963380281690141,0.993006993006993,0.997084548104956,0.963380281690141,0.979942693409742,"IRT",289,669,41,3,0.956087824351297,0.942253521126761,0.98972602739726,0.995535714285714,0.942253521126761,0.968162083936324
2000,1000,80,0.3,0.05,"a",FALSE,0.5,0,408,"5, 53, 77, 24","rf_probs",0,406,659,435,0.270666666666667,0.381220657276995,0,0.482758620689655,0.381220657276995,0.426023084994753,"rf_probs",0,113,242,143,0.226907630522088,0.31830985915493,0,0.44140625,0.31830985915493,0.369885433715221,"rf_probs",0,293,417,292,0.292415169660679,0.412676056338028,0,0.500854700854701,0.412676056338028,0.452509652509652
2000,1000,80,0.3,0.05,"a",FALSE,0.5,0,408,"5, 53, 77, 24","rf_class",417,1029,36,18,0.964,0.966197183098592,0.958620689655172,0.982808022922636,0.966197183098592,0.974431818181818,"rf_class",139,345,10,4,0.971887550200803,0.971830985915493,0.972027972027972,0.988538681948424,0.971830985915493,0.980113636363636,"rf_class",278,684,26,14,0.960079840319361,0.963380281690141,0.952054794520548,0.979942693409742,0.963380281690141,0.971590909090909
2000,1000,80,0.3,0.05,"a",FALSE,0.5,0,409,"17, 32, 31, 59","IRT",425,1024,27,24,0.966,0.974310180780209,0.946547884187082,0.977099236641221,0.974310180780209,0.975702715578847,"IRT",145,341,6,8,0.972,0.982708933717579,0.947712418300654,0.977077363896848,0.982708933717579,0.979885057471264,"IRT",280,683,21,16,0.963,0.970170454545455,0.945945945945946,0.977110157367668,0.970170454545455,0.973627940128297
2000,1000,80,0.3,0.05,"a",FALSE,0.5,0,409,"17, 32, 31, 59","rf_probs",0,326,725,449,0.217333333333333,0.310180780209324,0,0.420645161290323,0.310180780209324,0.357064622124863,"rf_probs",0,103,244,153,0.206,0.296829971181556,0,0.40234375,0.296829971181556,0.341625207296849,"rf_probs",0,223,481,296,0.223,0.316761363636364,0,0.429672447013488,0.316761363636364,0.364677023712183
2000,1000,80,0.3,0.05,"a",FALSE,0.5,0,409,"17, 32, 31, 59","rf_class",424,1018,33,25,0.961333333333333,0.9686013320647,0.944320712694877,0.976030680728667,0.9686013320647,0.972301814708692,"rf_class",144,336,11,9,0.96,0.968299711815562,0.941176470588235,0.973913043478261,0.968299711815562,0.971098265895954,"rf_class",280,682,22,16,0.962,0.96875,0.945945945945946,0.977077363896848,0.96875,0.972895863052782
2000,1000,80,0.3,0.05,"a",FALSE,0.5,0,410,"41, 21, 3, 34","IRT",479,968,46,7,0.964666666666667,0.954635108481262,0.98559670781893,0.992820512820513,0.954635108481262,0.973353443941679,"IRT",149,332,15,3,0.963927855711423,0.956772334293948,0.980263157894737,0.991044776119403,0.956772334293948,0.973607038123167,"IRT",330,636,31,4,0.965034965034965,0.95352323838081,0.988023952095808,0.99375,0.95352323838081,0.973221117061974
2000,1000,80,0.3,0.05,"a",FALSE,0.5,0,410,"41, 21, 3, 34","rf_probs",0,324,690,486,0.216,0.319526627218935,0,0.4,0.319526627218935,0.355263157894737,"rf_probs",0,113,234,152,0.226452905811623,0.325648414985591,0,0.426415094339623,0.325648414985591,0.369281045751634,"rf_probs",0,211,456,334,0.210789210789211,0.316341829085457,0,0.387155963302752,0.316341829085457,0.348184818481848
2000,1000,80,0.3,0.05,"a",FALSE,0.5,0,410,"41, 21, 3, 34","rf_class",461,983,31,25,0.962666666666667,0.969428007889546,0.948559670781893,0.975198412698413,0.969428007889546,0.972304648862512,"rf_class",145,339,8,7,0.969939879759519,0.976945244956772,0.953947368421053,0.979768786127168,0.976945244956772,0.978354978354978,"rf_class",316,644,23,18,0.959040959040959,0.96551724137931,0.946107784431138,0.972809667673716,0.96551724137931,0.969149736644093
2000,1000,80,0.3,0.05,"a",FALSE,0.5,0,411,"39, 74, 14, 17","IRT",451,959,88,2,0.94,0.915950334288443,0.995584988962472,0.997918834547347,0.915950334288443,0.955179282868526,"IRT",162,320,34,0,0.934108527131783,0.903954802259887,1,1,0.903954802259887,0.949554896142433,"IRT",289,639,54,2,0.943089430894309,0.922077922077922,0.993127147766323,0.996879875195008,0.922077922077922,0.958020989505247
2000,1000,80,0.3,0.05,"a",FALSE,0.5,0,411,"39, 74, 14, 17","rf_probs",0,392,655,453,0.261333333333333,0.37440305635148,0,0.463905325443787,0.37440305635148,0.414376321353066,"rf_probs",0,123,231,162,0.238372093023256,0.347457627118644,0,0.431578947368421,0.347457627118644,0.384976525821596,"rf_probs",0,269,424,291,0.273373983739837,0.388167388167388,0,0.480357142857143,0.388167388167388,0.429369513168396
2000,1000,80,0.3,0.05,"a",FALSE,0.5,0,411,"39, 74, 14, 17","rf_class",432,998,49,21,0.953333333333333,0.953199617956065,0.95364238410596,0.979391560353288,0.953199617956065,0.966118102613746,"rf_class",156,333,21,6,0.947674418604651,0.940677966101695,0.962962962962963,0.982300884955752,0.940677966101695,0.961038961038961,"rf_class",276,665,28,15,0.95630081300813,0.95959595959596,0.948453608247423,0.977941176470588,0.95959595959596,0.968681718863802
2000,1000,80,0.3,0.05,"a",FALSE,0.5,0,412,"41, 31, 61, 25","IRT",455,988,51,6,0.962,0.950914340712223,0.986984815618221,0.993963782696177,0.950914340712223,0.97196261682243,"IRT",140,361,20,1,0.959770114942529,0.94750656167979,0.99290780141844,0.997237569060773,0.94750656167979,0.971736204576043,"IRT",315,627,31,5,0.96319018404908,0.952887537993921,0.984375,0.992088607594937,0.952887537993921,0.972093023255814
2000,1000,80,0.3,0.05,"a",FALSE,0.5,0,412,"41, 31, 61, 25","rf_probs",0,334,705,461,0.222666666666667,0.321462945139557,0,0.420125786163522,0.321462945139557,0.36423118865867,"rf_probs",0,111,270,141,0.21264367816092,0.291338582677165,0,0.44047619047619,0.291338582677165,0.350710900473934,"rf_probs",0,223,435,320,0.2280163599182,0.338905775075988,0,0.410681399631676,0.338905775075988,0.371357202331391
2000,1000,80,0.3,0.05,"a",FALSE,0.5,0,412,"41, 31, 61, 25","rf_class",442,1003,36,19,0.963333333333333,0.965351299326275,0.958785249457701,0.981409001956947,0.965351299326275,0.973313925278991,"rf_class",137,370,11,4,0.971264367816092,0.971128608923885,0.971631205673759,0.989304812834225,0.971128608923885,0.980132450331126,"rf_class",305,633,25,15,0.959100204498977,0.962006079027356,0.953125,0.976851851851852,0.962006079027356,0.96937212863706
2000,1000,80,0.3,0.05,"a",FALSE,0.5,0,413,"7, 18, 54, 4","IRT",431,1017,36,16,0.965333333333333,0.965811965811966,0.96420581655481,0.984511132623427,0.965811965811966,0.975071907957814,"IRT",148,344,15,5,0.9609375,0.958217270194986,0.967320261437909,0.98567335243553,0.958217270194986,0.971751412429379,"IRT",283,673,21,11,0.967611336032389,0.969740634005764,0.962585034013605,0.983918128654971,0.969740634005764,0.97677793904209
2000,1000,80,0.3,0.05,"a",FALSE,0.5,0,413,"7, 18, 54, 4","rf_probs",0,363,690,447,0.242,0.344729344729345,0,0.448148148148148,0.344729344729345,0.389694041867955,"rf_probs",0,117,242,153,0.228515625,0.325905292479109,0,0.433333333333333,0.325905292479109,0.372019077901431,"rf_probs",0,246,448,294,0.248987854251012,0.354466858789625,0,0.455555555555556,0.354466858789625,0.39870340356564
2000,1000,80,0.3,0.05,"a",FALSE,0.5,0,413,"7, 18, 54, 4","rf_class",428,1020,33,19,0.965333333333333,0.968660968660969,0.957494407158837,0.981713185755534,0.968660968660969,0.975143403441683,"rf_class",147,344,15,6,0.958984375,0.958217270194986,0.96078431372549,0.982857142857143,0.958217270194986,0.970380818053597,"rf_class",281,676,18,13,0.968623481781376,0.974063400576369,0.95578231292517,0.981132075471698,0.974063400576369,0.977584960231381
2000,1000,80,0.3,0.05,"a",FALSE,0.5,0,414,"34, 55, 8, 59","IRT",432,1016,44,8,0.965333333333333,0.958490566037736,0.981818181818182,0.9921875,0.958490566037736,0.975047984644914,"IRT",141,338,11,3,0.971602434077079,0.968481375358166,0.979166666666667,0.991202346041056,0.968481375358166,0.979710144927536,"IRT",291,678,33,5,0.962264150943396,0.953586497890295,0.983108108108108,0.992679355783309,0.953586497890295,0.972740315638451
2000,1000,80,0.3,0.05,"a",FALSE,0.5,0,414,"34, 55, 8, 59","rf_probs",0,368,692,440,0.245333333333333,0.347169811320755,0,0.455445544554455,0.347169811320755,0.394004282655246,"rf_probs",0,114,235,144,0.231237322515213,0.326647564469914,0,0.441860465116279,0.326647564469914,0.375617792421746,"rf_probs",0,254,457,296,0.252234359483615,0.357243319268636,0,0.461818181818182,0.357243319268636,0.402854877081681
2000,1000,80,0.3,0.05,"a",FALSE,0.5,0,414,"34, 55, 8, 59","rf_class",414,1031,29,26,0.963333333333333,0.972641509433962,0.940909090909091,0.975402081362346,0.972641509433962,0.974019839395371,"rf_class",131,345,4,13,0.96551724137931,0.988538681948424,0.909722222222222,0.963687150837989,0.988538681948424,0.975954738330976,"rf_class",283,686,25,13,0.962264150943396,0.964838255977497,0.956081081081081,0.98140200286123,0.964838255977497,0.973049645390071
2000,1000,80,0.3,0.05,"a",FALSE,0.5,0,415,"13, 17, 30, 6","IRT",419,1011,64,6,0.953333333333333,0.94046511627907,0.985882352941176,0.994100294985251,0.94046511627907,0.966539196940727,"IRT",144,327,26,4,0.940119760479042,0.926345609065156,0.972972972972973,0.987915407854985,0.926345609065156,0.956140350877193,"IRT",275,684,38,2,0.95995995995996,0.947368421052632,0.992779783393502,0.997084548104956,0.947368421052632,0.971590909090909
2000,1000,80,0.3,0.05,"a",FALSE,0.5,0,415,"13, 17, 30, 6","rf_probs",0,346,729,425,0.230666666666667,0.321860465116279,0,0.448767833981842,0.321860465116279,0.374864572047671,"rf_probs",0,123,230,148,0.245508982035928,0.348441926345609,0,0.453874538745387,0.348441926345609,0.394230769230769,"rf_probs",0,223,499,277,0.223223223223223,0.308864265927978,0,0.446,0.308864265927978,0.364975450081833
2000,1000,80,0.3,0.05,"a",FALSE,0.5,0,415,"13, 17, 30, 6","rf_class",399,1032,43,26,0.954,0.96,0.938823529411765,0.975425330812854,0.96,0.967651195499297,"rf_class",140,337,16,8,0.952095808383233,0.954674220963173,0.945945945945946,0.976811594202899,0.954674220963173,0.965616045845272,"rf_class",259,695,27,18,0.954954954954955,0.962603878116344,0.935018050541516,0.974754558204769,0.962603878116344,0.968641114982578
2000,1000,80,0.3,0.05,"a",FALSE,0.5,0,416,"72, 54, 76, 38","IRT",432,1018,39,11,0.966666666666667,0.963103122043519,0.975169300225734,0.989310009718173,0.963103122043519,0.976030680728667,"IRT",136,347,13,2,0.969879518072289,0.963888888888889,0.985507246376812,0.994269340974212,0.963888888888889,0.978843441466855,"IRT",296,671,26,9,0.965069860279441,0.962697274031564,0.970491803278689,0.986764705882353,0.962697274031564,0.974582425562818
2000,1000,80,0.3,0.05,"a",FALSE,0.5,0,416,"72, 54, 76, 38","rf_probs",0,369,688,443,0.246,0.349101229895932,0,0.454433497536946,0.349101229895932,0.394863563402889,"rf_probs",0,117,243,138,0.234939759036145,0.325,0,0.458823529411765,0.325,0.380487804878049,"rf_probs",0,252,445,305,0.251497005988024,0.36154949784792,0,0.452423698384201,0.36154949784792,0.401913875598086
2000,1000,80,0.3,0.05,"a",FALSE,0.5,0,416,"72, 54, 76, 38","rf_class",417,1020,37,26,0.958,0.964995269631031,0.941309255079007,0.975143403441683,0.964995269631031,0.970042796005706,"rf_class",134,349,11,4,0.969879518072289,0.969444444444444,0.971014492753623,0.988668555240793,0.969444444444444,0.978962131837307,"rf_class",283,671,26,22,0.952095808383233,0.962697274031564,0.927868852459016,0.968253968253968,0.962697274031564,0.965467625899281
2000,1000,80,0.3,0.05,"a",FALSE,0.5,0,417,"77, 24, 76, 13","IRT",448,998,39,15,0.964,0.962391513982642,0.967602591792657,0.985192497532083,0.962391513982642,0.973658536585366,"IRT",132,334,11,6,0.9648033126294,0.968115942028986,0.956521739130435,0.982352941176471,0.968115942028986,0.975182481751825,"IRT",316,664,28,9,0.96361848574238,0.959537572254335,0.972307692307692,0.986627043090639,0.959537572254335,0.972893772893773
2000,1000,80,0.3,0.05,"a",FALSE,0.5,0,417,"77, 24, 76, 13","rf_probs",0,326,711,463,0.217333333333333,0.314368370298939,0,0.41318124207858,0.314368370298939,0.357064622124863,"rf_probs",0,95,250,138,0.196687370600414,0.27536231884058,0,0.407725321888412,0.27536231884058,0.328719723183391,"rf_probs",0,231,461,325,0.227138643067847,0.333815028901734,0,0.415467625899281,0.333815028901734,0.370192307692308
2000,1000,80,0.3,0.05,"a",FALSE,0.5,0,417,"77, 24, 76, 13","rf_class",435,1006,31,28,0.960666666666667,0.970106075216972,0.939524838012959,0.972920696324952,0.970106075216972,0.971511347175278,"rf_class",129,336,9,9,0.962732919254658,0.973913043478261,0.934782608695652,0.973913043478261,0.973913043478261,0.973913043478261,"rf_class",306,670,22,19,0.95968534906588,0.968208092485549,0.941538461538462,0.972423802612482,0.968208092485549,0.970311368573497
2000,1000,80,0.3,0.05,"a",FALSE,0.5,0,418,"79, 56, 68, 32","IRT",439,988,58,15,0.951333333333333,0.944550669216061,0.966960352422907,0.985044865403789,0.944550669216061,0.964372864812103,"IRT",143,327,18,8,0.94758064516129,0.947826086956522,0.947019867549669,0.976119402985075,0.947826086956522,0.961764705882353,"IRT",296,661,40,7,0.953187250996016,0.942938659058488,0.976897689768977,0.989520958083832,0.942938659058488,0.965668371073777
2000,1000,80,0.3,0.05,"a",FALSE,0.5,0,418,"79, 56, 68, 32","rf_probs",0,392,654,454,0.261333333333333,0.374760994263862,0,0.463356973995272,0.374760994263862,0.414376321353066,"rf_probs",0,121,224,151,0.243951612903226,0.350724637681159,0,0.444852941176471,0.350724637681159,0.392220421393841,"rf_probs",0,271,430,303,0.2699203187251,0.386590584878745,0,0.47212543554007,0.386590584878745,0.425098039215686
2000,1000,80,0.3,0.05,"a",FALSE,0.5,0,418,"79, 56, 68, 32","rf_class",424,1007,39,30,0.954,0.962715105162524,0.933920704845815,0.971070395371263,0.962715105162524,0.966874699951992,"rf_class",136,332,13,15,0.943548387096774,0.96231884057971,0.900662251655629,0.956772334293948,0.96231884057971,0.959537572254335,"rf_class",288,675,26,15,0.959163346613546,0.962910128388017,0.95049504950495,0.978260869565217,0.962910128388017,0.970524802300503
2000,1000,80,0.3,0.05,"a",FALSE,0.5,0,419,"36, 76, 22, 38","IRT",443,1008,41,8,0.967333333333333,0.96091515729266,0.982261640798226,0.992125984251969,0.96091515729266,0.976271186440678,"IRT",138,344,13,3,0.967871485943775,0.963585434173669,0.978723404255319,0.99135446685879,0.963585434173669,0.977272727272727,"IRT",305,664,28,5,0.967065868263473,0.959537572254335,0.983870967741935,0.992526158445441,0.959537572254335,0.975753122703894
2000,1000,80,0.3,0.05,"a",FALSE,0.5,0,419,"36, 76, 22, 38","rf_probs",0,326,723,451,0.217333333333333,0.310772163965682,0,0.41956241956242,0.310772163965682,0.357064622124863,"rf_probs",0,107,250,141,0.214859437751004,0.299719887955182,0,0.431451612903226,0.299719887955182,0.353719008264463,"rf_probs",0,219,473,310,0.218562874251497,0.316473988439306,0,0.413988657844991,0.316473988439306,0.358722358722359
2000,1000,80,0.3,0.05,"a",FALSE,0.5,0,419,"36, 76, 22, 38","rf_class",434,1022,27,17,0.970666666666667,0.974261201143947,0.962305986696231,0.983638113570741,0.974261201143947,0.978927203065134,"rf_class",135,350,7,6,0.973895582329317,0.980392156862745,0.957446808510638,0.98314606741573,0.980392156862745,0.981767180925666,"rf_class",299,672,20,11,0.969061876247505,0.971098265895954,0.964516129032258,0.98389458272328,0.971098265895954,0.977454545454545
2000,1000,80,0.3,0.05,"a",FALSE,0.5,0,420,"2, 30, 12, 27","IRT",444,1003,30,23,0.964666666666667,0.970958373668925,0.950749464668094,0.977582846003899,0.970958373668925,0.97425934919864,"IRT",153,303,8,6,0.970212765957447,0.97427652733119,0.962264150943396,0.980582524271845,0.97427652733119,0.97741935483871,"IRT",291,700,22,17,0.962135922330097,0.969529085872576,0.944805194805195,0.97629009762901,0.969529085872576,0.972897845726199
2000,1000,80,0.3,0.05,"a",FALSE,0.5,0,420,"2, 30, 12, 27","rf_probs",0,357,676,467,0.238,0.345595353339787,0,0.433252427184466,0.345595353339787,0.384491114701131,"rf_probs",0,105,206,159,0.223404255319149,0.337620578778135,0,0.397727272727273,0.337620578778135,0.365217391304348,"rf_probs",0,252,470,308,0.244660194174757,0.349030470914127,0,0.45,0.349030470914127,0.393135725429017
2000,1000,80,0.3,0.05,"a",FALSE,0.5,0,420,"2, 30, 12, 27","rf_class",426,1005,28,41,0.954,0.972894482090997,0.91220556745182,0.960803059273423,0.972894482090997,0.966810966810967,"rf_class",147,306,5,12,0.963829787234043,0.983922829581994,0.924528301886792,0.962264150943396,0.983922829581994,0.972972972972973,"rf_class",279,699,23,29,0.949514563106796,0.96814404432133,0.905844155844156,0.960164835164835,0.96814404432133,0.964137931034483
2000,1000,80,0.3,0.05,"a",FALSE,0.5,0,421,"56, 43, 13, 69","IRT",445,997,40,18,0.961333333333333,0.961427193828351,0.961123110151188,0.982266009852217,0.961427193828351,0.971734892787524,"IRT",140,339,14,6,0.959919839679359,0.960339943342776,0.958904109589041,0.982608695652174,0.960339943342776,0.97134670487106,"IRT",305,658,26,12,0.962037962037962,0.961988304093567,0.962145110410095,0.982089552238806,0.961988304093567,0.971935007385524
2000,1000,80,0.3,0.05,"a",FALSE,0.5,0,421,"56, 43, 13, 69","rf_probs",0,355,682,463,0.236666666666667,0.342333654773385,0,0.43398533007335,0.342333654773385,0.382749326145553,"rf_probs",0,120,233,146,0.240480961923848,0.339943342776204,0,0.451127819548872,0.339943342776204,0.387722132471729,"rf_probs",0,235,449,317,0.234765234765235,0.343567251461988,0,0.425724637681159,0.343567251461988,0.380258899676375
2000,1000,80,0.3,0.05,"a",FALSE,0.5,0,421,"56, 43, 13, 69","rf_class",431,1010,27,32,0.960666666666667,0.973963355834137,0.930885529157667,0.969289827255278,0.973963355834137,0.971620971620972,"rf_class",138,344,9,8,0.965931863727455,0.974504249291785,0.945205479452055,0.977272727272727,0.974504249291785,0.975886524822695,"rf_class",293,666,18,24,0.958041958041958,0.973684210526316,0.924290220820189,0.965217391304348,0.973684210526316,0.969432314410481
2000,1000,80,0.3,0.05,"a",FALSE,0.5,0,422,"17, 50, 34, 64","IRT",465,965,61,9,0.953333333333333,0.940545808966862,0.981012658227848,0.990759753593429,0.940545808966862,0.965,"IRT",156,328,17,1,0.964143426294821,0.950724637681159,0.993630573248408,0.996960486322188,0.950724637681159,0.973293768545994,"IRT",309,637,44,8,0.947895791583166,0.935389133627019,0.974763406940063,0.987596899224806,0.935389133627019,0.96078431372549
2000,1000,80,0.3,0.05,"a",FALSE,0.5,0,422,"17, 50, 34, 64","rf_probs",0,390,636,474,0.26,0.380116959064327,0,0.451388888888889,0.380116959064327,0.412698412698413,"rf_probs",0,122,223,157,0.243027888446215,0.353623188405797,0,0.437275985663082,0.353623188405797,0.391025641025641,"rf_probs",0,268,413,317,0.268537074148297,0.393538913362702,0,0.458119658119658,0.393538913362702,0.423380726698262
2000,1000,80,0.3,0.05,"a",FALSE,0.5,0,422,"17, 50, 34, 64","rf_class",448,981,45,26,0.952666666666667,0.956140350877193,0.945147679324895,0.974180734856008,0.956140350877193,0.965076242006886,"rf_class",149,329,16,8,0.952191235059761,0.953623188405797,0.949044585987261,0.976261127596439,0.953623188405797,0.964809384164223,"rf_class",299,652,29,18,0.952905811623247,0.957415565345081,0.943217665615142,0.973134328358209,0.957415565345081,0.965210954848261
2000,1000,80,0.3,0.05,"a",FALSE,0.5,0,423,"7, 54, 29, 15","IRT",447,992,41,20,0.959333333333333,0.960309777347531,0.957173447537473,0.980237154150198,0.960309777347531,0.970171149144254,"IRT",140,344,9,4,0.973843058350101,0.974504249291785,0.972222222222222,0.988505747126437,0.974504249291785,0.981455064194009,"IRT",307,648,32,16,0.952143569292124,0.952941176470588,0.95046439628483,0.975903614457831,0.952941176470588,0.964285714285714
2000,1000,80,0.3,0.05,"a",FALSE,0.5,0,423,"7, 54, 29, 15","rf_probs",0,343,690,467,0.228666666666667,0.332042594385286,0,0.423456790123457,0.332042594385286,0.372219207813348,"rf_probs",0,120,233,144,0.241448692152918,0.339943342776204,0,0.454545454545455,0.339943342776204,0.388978930307942,"rf_probs",0,223,457,323,0.222333000997009,0.327941176470588,0,0.408424908424908,0.327941176470588,0.363784665579119
2000,1000,80,0.3,0.05,"a",FALSE,0.5,0,423,"7, 54, 29, 15","rf_class",438,997,36,29,0.956666666666667,0.965150048402711,0.937901498929336,0.971734892787524,0.965150048402711,0.968431277319087,"rf_class",131,343,10,13,0.953722334004024,0.971671388101983,0.909722222222222,0.963483146067416,0.971671388101983,0.967559943582511,"rf_class",307,654,26,16,0.958125623130608,0.961764705882353,0.95046439628483,0.976119402985075,0.961764705882353,0.968888888888889
2000,1000,80,0.3,0.05,"a",FALSE,0.5,0,424,"60, 2, 52, 68","IRT",445,1007,37,11,0.968,0.96455938697318,0.975877192982456,0.989194499017682,0.96455938697318,0.976721629485936,"IRT",151,336,14,4,0.964356435643564,0.96,0.974193548387097,0.988235294117647,0.96,0.973913043478261,"IRT",294,671,23,7,0.969849246231156,0.96685878962536,0.976744186046512,0.989675516224189,0.96685878962536,0.978134110787172
2000,1000,80,0.3,0.05,"a",FALSE,0.5,0,424,"60, 2, 52, 68","rf_probs",0,350,694,456,0.233333333333333,0.335249042145594,0,0.43424317617866,0.335249042145594,0.378378378378378,"rf_probs",0,117,233,155,0.231683168316832,0.334285714285714,0,0.430147058823529,0.334285714285714,0.37620578778135,"rf_probs",0,233,461,301,0.234170854271357,0.335734870317003,0,0.436329588014981,0.335734870317003,0.379478827361563
2000,1000,80,0.3,0.05,"a",FALSE,0.5,0,424,"60, 2, 52, 68","rf_class",445,1002,42,11,0.964666666666667,0.959770114942529,0.975877192982456,0.989141164856861,0.959770114942529,0.974234321827905,"rf_class",151,334,16,4,0.96039603960396,0.954285714285714,0.974193548387097,0.988165680473373,0.954285714285714,0.97093023255814,"rf_class",294,668,26,7,0.966834170854271,0.962536023054755,0.976744186046512,0.98962962962963,0.962536023054755,0.975894813732652
2000,1000,80,0.3,0.05,"a",FALSE,0.5,0,425,"53, 59, 65, 49","IRT",443,976,73,8,0.946,0.930409914204004,0.982261640798226,0.991869918699187,0.930409914204004,0.960157402852927,"IRT",166,319,26,1,0.947265625,0.92463768115942,0.994011976047904,0.996875,0.92463768115942,0.959398496240601,"IRT",277,657,47,7,0.945344129554656,0.933238636363636,0.975352112676056,0.989457831325301,0.933238636363636,0.960526315789474
2000,1000,80,0.3,0.05,"a",FALSE,0.5,0,425,"53, 59, 65, 49","rf_probs",0,377,672,451,0.251333333333333,0.359389895138227,0,0.455314009661836,0.359389895138227,0.401704848161961,"rf_probs",0,127,218,167,0.248046875,0.368115942028986,0,0.431972789115646,0.368115942028986,0.397496087636933,"rf_probs",0,250,454,284,0.253036437246964,0.355113636363636,0,0.468164794007491,0.355113636363636,0.403877221324717
2000,1000,80,0.3,0.05,"a",FALSE,0.5,0,425,"53, 59, 65, 49","rf_class",427,1008,41,24,0.956666666666667,0.96091515729266,0.946784922394678,0.976744186046512,0.96091515729266,0.968765016818837,"rf_class",161,332,13,6,0.962890625,0.96231884057971,0.964071856287425,0.982248520710059,0.96231884057971,0.972181551976574,"rf_class",266,676,28,18,0.953441295546559,0.960227272727273,0.936619718309859,0.974063400576369,0.960227272727273,0.967095851216023
2000,1000,80,0.3,0.05,"a",FALSE,0.5,0,426,"51, 18, 59, 35","IRT",419,1031,37,13,0.966666666666667,0.965355805243446,0.969907407407407,0.987547892720307,0.965355805243446,0.976325757575758,"IRT",146,321,16,1,0.964876033057851,0.952522255192878,0.993197278911565,0.996894409937888,0.952522255192878,0.974203338391502,"IRT",273,710,21,12,0.96751968503937,0.971272229822161,0.957894736842105,0.983379501385042,0.971272229822161,0.977288368891948
2000,1000,80,0.3,0.05,"a",FALSE,0.5,0,426,"51, 18, 59, 35","rf_probs",0,384,684,432,0.256,0.359550561797753,0,0.470588235294118,0.359550561797753,0.407643312101911,"rf_probs",0,122,215,147,0.252066115702479,0.362017804154303,0,0.453531598513011,0.362017804154303,0.402640264026403,"rf_probs",0,262,469,285,0.257874015748031,0.358413132694938,0,0.478976234003656,0.358413132694938,0.410015649452269
2000,1000,80,0.3,0.05,"a",FALSE,0.5,0,426,"51, 18, 59, 35","rf_class",409,1026,42,23,0.956666666666667,0.960674157303371,0.946759259259259,0.978074356530029,0.960674157303371,0.969296173830893,"rf_class",141,324,13,6,0.960743801652893,0.961424332344214,0.959183673469388,0.981818181818182,0.961424332344214,0.971514242878561,"rf_class",268,702,29,17,0.954724409448819,0.960328317373461,0.940350877192982,0.976356050069541,0.960328317373461,0.968275862068966
2000,1000,80,0.3,0.05,"a",FALSE,0.5,0,427,"47, 73, 72, 64","IRT",416,1025,46,13,0.960666666666667,0.957049486461251,0.96969696969697,0.98747591522158,0.957049486461251,0.972024656235183,"IRT",142,355,15,3,0.96504854368932,0.959459459459459,0.979310344827586,0.991620111731844,0.959459459459459,0.975274725274725,"IRT",274,670,31,10,0.958375634517767,0.955777460770328,0.964788732394366,0.985294117647059,0.955777460770328,0.970311368573498
2000,1000,80,0.3,0.05,"a",FALSE,0.5,0,427,"47, 73, 72, 64","rf_probs",0,394,677,429,0.262666666666667,0.367880485527544,0,0.478736330498177,0.367880485527544,0.416050686378036,"rf_probs",0,128,242,145,0.248543689320388,0.345945945945946,0,0.468864468864469,0.345945945945946,0.398133748055988,"rf_probs",0,266,435,284,0.27005076142132,0.379457917261056,0,0.483636363636364,0.379457917261056,0.425259792166267
2000,1000,80,0.3,0.05,"a",FALSE,0.5,0,427,"47, 73, 72, 64","rf_class",409,1027,44,20,0.957333333333333,0.958916900093371,0.953379953379953,0.980897803247373,0.958916900093371,0.969782813975449,"rf_class",139,354,16,6,0.957281553398058,0.956756756756757,0.958620689655172,0.983333333333333,0.956756756756757,0.96986301369863,"rf_class",270,673,28,14,0.957360406091371,0.960057061340941,0.950704225352113,0.97962154294032,0.960057061340941,0.969740634005764
2000,1000,80,0.3,0.05,"a",FALSE,0.5,0,428,"48, 59, 51, 45","IRT",437,1010,37,16,0.964666666666667,0.964660936007641,0.964679911699779,0.984405458089669,0.964660936007641,0.974433188615533,"IRT",144,338,10,6,0.967871485943775,0.971264367816092,0.96,0.982558139534884,0.971264367816092,0.976878612716763,"IRT",293,672,27,10,0.963073852295409,0.96137339055794,0.966996699669967,0.98533724340176,0.96137339055794,0.973207820419986
2000,1000,80,0.3,0.05,"a",FALSE,0.5,0,428,"48, 59, 51, 45","rf_probs",0,367,680,453,0.244666666666667,0.350525310410697,0,0.447560975609756,0.350525310410697,0.393144081414033,"rf_probs",0,122,226,150,0.244979919678715,0.350574712643678,0,0.448529411764706,0.350574712643678,0.393548387096774,"rf_probs",0,245,454,303,0.244510978043912,0.350500715307582,0,0.447080291970803,0.350500715307582,0.392943063352045
2000,1000,80,0.3,0.05,"a",FALSE,0.5,0,428,"48, 59, 51, 45","rf_class",433,1004,43,20,0.958,0.958930276981853,0.955849889624724,0.98046875,0.958930276981853,0.969579913085466,"rf_class",143,337,11,7,0.963855421686747,0.968390804597701,0.953333333333333,0.979651162790698,0.968390804597701,0.973988439306358,"rf_class",290,667,32,13,0.955089820359281,0.954220314735336,0.957095709570957,0.980882352941176,0.954220314735336,0.967367657722988
2000,1000,80,0.3,0.05,"a",FALSE,0.5,0,429,"73, 42, 9, 71","IRT",456,973,57,14,0.952666666666667,0.944660194174757,0.970212765957447,0.985815602836879,0.944660194174757,0.964799206742687,"IRT",169,340,24,4,0.947858472998138,0.934065934065934,0.976878612716763,0.988372093023256,0.934065934065934,0.96045197740113,"IRT",287,633,33,10,0.955347871235722,0.95045045045045,0.966329966329966,0.984447900466563,0.95045045045045,0.967150496562261
2000,1000,80,0.3,0.05,"a",FALSE,0.5,0,429,"73, 42, 9, 71","rf_probs",0,374,656,470,0.249333333333333,0.363106796116505,0,0.443127962085308,0.363106796116505,0.3991462113127,"rf_probs",0,140,224,173,0.260707635009311,0.384615384615385,0,0.447284345047923,0.384615384615385,0.413589364844904,"rf_probs",0,234,432,297,0.242990654205607,0.351351351351351,0,0.440677966101695,0.351351351351351,0.390977443609023
2000,1000,80,0.3,0.05,"a",FALSE,0.5,0,429,"73, 42, 9, 71","rf_class",441,997,33,29,0.958666666666667,0.967961165048544,0.938297872340425,0.971734892787524,0.967961165048544,0.969844357976654,"rf_class",165,351,13,8,0.960893854748603,0.964285714285714,0.953757225433526,0.977715877437326,0.964285714285714,0.970954356846473,"rf_class",276,646,20,21,0.95742471443406,0.96996996996997,0.929292929292929,0.968515742128936,0.96996996996997,0.969242310577644
2000,1000,80,0.3,0.05,"a",FALSE,0.5,0,430,"8, 68, 12, 38","IRT",432,1009,43,16,0.960666666666667,0.959125475285171,0.964285714285714,0.984390243902439,0.959125475285171,0.971593644679827,"IRT",144,347,12,3,0.970355731225296,0.966573816155989,0.979591836734694,0.991428571428571,0.966573816155989,0.978843441466855,"IRT",288,662,31,13,0.955734406438632,0.955266955266955,0.956810631229236,0.980740740740741,0.955266955266955,0.967836257309941
2000,1000,80,0.3,0.05,"a",FALSE,0.5,0,430,"8, 68, 12, 38","rf_probs",0,353,699,448,0.235333333333333,0.335551330798479,0,0.440699126092385,0.335551330798479,0.381003777657852,"rf_probs",0,121,238,147,0.239130434782609,0.337047353760446,0,0.451492537313433,0.337047353760446,0.385964912280702,"rf_probs",0,232,461,301,0.233400402414487,0.334776334776335,0,0.435272045028143,0.334776334776335,0.378466557911909
2000,1000,80,0.3,0.05,"a",FALSE,0.5,0,430,"8, 68, 12, 38","rf_class",422,1018,34,26,0.96,0.967680608365019,0.941964285714286,0.975095785440613,0.967680608365019,0.971374045801527,"rf_class",138,350,9,9,0.964426877470356,0.974930362116992,0.938775510204082,0.974930362116992,0.974930362116992,0.974930362116992,"rf_class",284,668,25,17,0.957746478873239,0.963924963924964,0.943521594684385,0.975182481751825,0.963924963924964,0.969521044992743
2000,1000,80,0.3,0.05,"a",FALSE,0.5,0,431,"64, 15, 16, 17","IRT",451,993,47,9,0.962666666666667,0.954807692307692,0.980434782608696,0.991017964071856,0.954807692307692,0.972575905974535,"IRT",144,327,14,3,0.965163934426229,0.958944281524927,0.979591836734694,0.990909090909091,0.958944281524927,0.974664679582712,"IRT",307,666,33,6,0.961462450592885,0.952789699570815,0.980830670926518,0.991071428571429,0.952789699570815,0.971553610503282
2000,1000,80,0.3,0.05,"a",FALSE,0.5,0,431,"64, 15, 16, 17","rf_probs",0,392,648,460,0.261333333333333,0.376923076923077,0,0.460093896713615,0.376923076923077,0.414376321353066,"rf_probs",0,133,208,147,0.272540983606557,0.390029325513196,0,0.475,0.390029325513196,0.428341384863124,"rf_probs",0,259,440,313,0.255928853754941,0.370529327610873,0,0.452797202797203,0.370529327610873,0.407553107789142
2000,1000,80,0.3,0.05,"a",FALSE,0.5,0,431,"64, 15, 16, 17","rf_class",436,1003,37,24,0.959333333333333,0.964423076923077,0.947826086956522,0.976630963972736,0.964423076923077,0.970488630865989,"rf_class",140,330,11,7,0.963114754098361,0.967741935483871,0.952380952380952,0.979228486646884,0.967741935483871,0.973451327433628,"rf_class",296,673,26,17,0.957509881422925,0.962804005722461,0.945686900958466,0.97536231884058,0.962804005722461,0.969042476601872
2000,1000,80,0.3,0.05,"a",FALSE,0.5,0,432,"78, 79, 16, 4","IRT",437,996,53,14,0.955333333333333,0.949475691134414,0.968957871396896,0.986138613861386,0.949475691134414,0.967459932005828,"IRT",168,328,18,3,0.959381044487427,0.947976878612717,0.982456140350877,0.990936555891239,0.947976878612717,0.968980797636632,"IRT",269,668,35,11,0.953204476093591,0.950213371266003,0.960714285714286,0.98379970544919,0.950213371266003,0.96671490593343
2000,1000,80,0.3,0.05,"a",FALSE,0.5,0,432,"78, 79, 16, 4","rf_probs",0,363,686,451,0.242,0.34604385128694,0,0.445945945945946,0.34604385128694,0.389694041867955,"rf_probs",0,123,223,171,0.237911025145068,0.355491329479769,0,0.418367346938776,0.355491329479769,0.384375,"rf_probs",0,240,463,280,0.244150559511699,0.341394025604552,0,0.461538461538462,0.341394025604552,0.392477514309076
2000,1000,80,0.3,0.05,"a",FALSE,0.5,0,432,"78, 79, 16, 4","rf_class",430,1002,47,21,0.954666666666667,0.955195424213537,0.953436807095344,0.979472140762463,0.955195424213537,0.967181467181467,"rf_class",166,334,12,5,0.967117988394584,0.965317919075145,0.970760233918129,0.985250737463127,0.965317919075145,0.975182481751825,"rf_class",264,668,35,16,0.948118006103764,0.950213371266003,0.942857142857143,0.976608187134503,0.950213371266003,0.963229992790195
2000,1000,80,0.3,0.05,"a",FALSE,0.5,0,433,"25, 77, 31, 65","IRT",431,1018,38,13,0.966,0.964015151515151,0.970720720720721,0.987390882638215,0.964015151515151,0.975563009103977,"IRT",142,344,12,5,0.966202783300199,0.966292134831461,0.965986394557823,0.98567335243553,0.966292134831461,0.975886524822695,"IRT",289,674,26,8,0.965897693079238,0.962857142857143,0.973063973063973,0.988269794721408,0.962857142857143,0.975397973950796
2000,1000,80,0.3,0.05,"a",FALSE,0.5,0,433,"25, 77, 31, 65","rf_probs",0,354,702,444,0.236,0.335227272727273,0,0.443609022556391,0.335227272727273,0.381877022653722,"rf_probs",0,122,234,147,0.242544731610338,0.342696629213483,0,0.453531598513011,0.342696629213483,0.3904,"rf_probs",0,232,468,297,0.232698094282849,0.331428571428571,0,0.438563327032136,0.331428571428571,0.377542717656631
2000,1000,80,0.3,0.05,"a",FALSE,0.5,0,433,"25, 77, 31, 65","rf_class",427,1023,33,17,0.966666666666667,0.96875,0.961711711711712,0.983653846153846,0.96875,0.976145038167939,"rf_class",142,348,8,5,0.974155069582505,0.97752808988764,0.965986394557823,0.985835694050991,0.97752808988764,0.981664315937941,"rf_class",285,675,25,12,0.962888665997994,0.964285714285714,0.95959595959596,0.982532751091703,0.964285714285714,0.973323720259553
2000,1000,80,0.3,0.05,"a",FALSE,0.5,0,434,"57, 59, 73, 66","IRT",460,978,57,5,0.958666666666667,0.944927536231884,0.989247311827957,0.994913530010173,0.944927536231884,0.969276511397423,"IRT",156,343,19,1,0.961464354527938,0.947513812154696,0.993630573248408,0.997093023255814,0.947513812154696,0.971671388101983,"IRT",304,635,38,4,0.957186544342508,0.943536404160475,0.987012987012987,0.993740219092332,0.943536404160475,0.967987804878049
2000,1000,80,0.3,0.05,"a",FALSE,0.5,0,434,"57, 59, 73, 66","rf_probs",0,353,682,465,0.235333333333333,0.341062801932367,0,0.431540342298289,0.341062801932367,0.381003777657852,"rf_probs",0,120,242,157,0.23121387283237,0.331491712707182,0,0.433212996389892,0.331491712707182,0.375586854460094,"rf_probs",0,233,440,308,0.237512742099898,0.346210995542348,0,0.430683918669131,0.346210995542348,0.383855024711697
2000,1000,80,0.3,0.05,"a",FALSE,0.5,0,434,"57, 59, 73, 66","rf_class",443,995,40,22,0.958666666666667,0.961352657004831,0.952688172043011,0.978367748279253,0.961352657004831,0.969785575048733,"rf_class",149,349,13,8,0.959537572254335,0.964088397790055,0.949044585987261,0.977591036414566,0.964088397790055,0.970792767732962,"rf_class",294,646,27,14,0.958205912334353,0.959881129271917,0.954545454545455,0.978787878787879,0.959881129271917,0.969242310577645
2000,1000,80,0.3,0.05,"a",FALSE,0.5,0,435,"67, 40, 30, 48","IRT",440,1003,31,26,0.962,0.970019342359768,0.944206008583691,0.974732750242954,0.970019342359768,0.972370334464372,"IRT",124,338,10,6,0.96652719665272,0.971264367816092,0.953846153846154,0.982558139534884,0.971264367816092,0.976878612716763,"IRT",316,665,21,20,0.959882583170254,0.969387755102041,0.94047619047619,0.970802919708029,0.969387755102041,0.970094821298322
2000,1000,80,0.3,0.05,"a",FALSE,0.5,0,435,"67, 40, 30, 48","rf_probs",0,339,695,466,0.226,0.327852998065764,0,0.42111801242236,0.327852998065764,0.368678629690049,"rf_probs",0,111,237,130,0.232217573221757,0.318965517241379,0,0.460580912863071,0.318965517241379,0.376910016977929,"rf_probs",0,228,458,336,0.223091976516634,0.332361516034985,0,0.404255319148936,0.332361516034985,0.3648
2000,1000,80,0.3,0.05,"a",FALSE,0.5,0,435,"67, 40, 30, 48","rf_class",439,999,35,27,0.958666666666667,0.96615087040619,0.94206008583691,0.973684210526316,0.96615087040619,0.969902912621359,"rf_class",121,338,10,9,0.960251046025105,0.971264367816092,0.930769230769231,0.974063400576369,0.971264367816092,0.972661870503597,"rf_class",318,661,25,18,0.957925636007828,0.963556851311953,0.946428571428571,0.973490427098675,0.963556851311953,0.968498168498168
2000,1000,80,0.3,0.05,"a",FALSE,0.5,0,436,"53, 37, 65, 29","IRT",413,1041,28,18,0.969333333333333,0.973807296538821,0.958236658932715,0.98300283286119,0.973807296538821,0.978383458646617,"IRT",135,342,9,6,0.969512195121951,0.974358974358974,0.957446808510638,0.982758620689655,0.974358974358974,0.978540772532189,"IRT",278,699,19,12,0.969246031746032,0.973537604456824,0.958620689655172,0.983122362869198,0.973537604456824,0.978306508047586
2000,1000,80,0.3,0.05,"a",FALSE,0.5,0,436,"53, 37, 65, 29","rf_probs",0,360,709,431,0.24,0.336763330215154,0,0.4551201011378,0.336763330215154,0.387096774193548,"rf_probs",0,109,242,141,0.221544715447154,0.310541310541311,0,0.436,0.310541310541311,0.362728785357737,"rf_probs",0,251,467,290,0.249007936507937,0.34958217270195,0,0.463955637707948,0.34958217270195,0.398729150119142
2000,1000,80,0.3,0.05,"a",FALSE,0.5,0,436,"53, 37, 65, 29","rf_class",414,1034,35,17,0.965333333333333,0.967259120673527,0.960556844547564,0.983824928639391,0.967259120673527,0.975471698113208,"rf_class",135,340,11,6,0.965447154471545,0.968660968660969,0.957446808510638,0.982658959537572,0.968660968660969,0.975609756097561,"rf_class",279,694,24,11,0.965277777777778,0.966573816155989,0.962068965517241,0.984397163120567,0.966573816155989,0.975404075895994
2000,1000,80,0.3,0.05,"a",FALSE,0.5,0,437,"73, 17, 52, 76","IRT",443,998,44,15,0.960666666666667,0.957773512476008,0.967248908296943,0.985192497532083,0.957773512476008,0.971289537712896,"IRT",142,351,12,7,0.962890625,0.966942148760331,0.953020134228188,0.980446927374302,0.966942148760331,0.973647711511789,"IRT",301,647,32,8,0.959514170040486,0.952871870397644,0.97411003236246,0.987786259541985,0.952871870397644,0.970014992503748
2000,1000,80,0.3,0.05,"a",FALSE,0.5,0,437,"73, 17, 52, 76","rf_probs",0,336,706,458,0.224,0.322456813819578,0,0.423173803526448,0.322456813819578,0.366013071895425,"rf_probs",0,111,252,149,0.216796875,0.305785123966942,0,0.426923076923077,0.305785123966942,0.356340288924559,"rf_probs",0,225,454,309,0.227732793522267,0.331369661266568,0,0.421348314606742,0.331369661266568,0.370981038746909
2000,1000,80,0.3,0.05,"a",FALSE,0.5,0,437,"73, 17, 52, 76","rf_class",422,1017,25,36,0.959333333333333,0.976007677543186,0.921397379912664,0.965811965811966,0.976007677543186,0.970883054892601,"rf_class",135,358,5,14,0.962890625,0.986225895316804,0.906040268456376,0.962365591397849,0.986225895316804,0.974149659863946,"rf_class",287,659,20,22,0.95748987854251,0.970544918998527,0.928802588996764,0.96769456681351,0.970544918998527,0.969117647058824
2000,1000,80,0.3,0.05,"a",FALSE,0.5,0,438,"75, 34, 53, 71","IRT",427,1007,55,11,0.956,0.948210922787194,0.974885844748858,0.989194499017682,0.948210922787194,0.968269230769231,"IRT",145,341,12,2,0.972,0.96600566572238,0.986394557823129,0.994169096209913,0.96600566572238,0.979885057471264,"IRT",282,666,43,9,0.948,0.93935119887165,0.969072164948454,0.986666666666667,0.93935119887165,0.96242774566474
2000,1000,80,0.3,0.05,"a",FALSE,0.5,0,438,"75, 34, 53, 71","rf_probs",0,436,626,438,0.290666666666667,0.410546139359699,0,0.498855835240275,0.410546139359699,0.450413223140496,"rf_probs",0,135,218,147,0.27,0.382436260623229,0,0.478723404255319,0.382436260623229,0.425196850393701,"rf_probs",0,301,408,291,0.301,0.424541607898449,0,0.508445945945946,0.424541607898449,0.46272098385857
2000,1000,80,0.3,0.05,"a",FALSE,0.5,0,438,"75, 34, 53, 71","rf_class",421,1026,36,17,0.964666666666667,0.966101694915254,0.961187214611872,0.983700862895494,0.966101694915254,0.974821852731591,"rf_class",141,343,10,6,0.968,0.971671388101983,0.959183673469388,0.982808022922636,0.971671388101983,0.977207977207977,"rf_class",280,683,26,11,0.963,0.963328631875881,0.962199312714777,0.984149855907781,0.963328631875881,0.973627940128296
2000,1000,80,0.3,0.05,"a",FALSE,0.5,0,439,"4, 26, 19, 39","IRT",439,1000,55,6,0.959333333333333,0.947867298578199,0.986516853932584,0.99403578528827,0.947867298578199,0.970402717127608,"IRT",153,322,22,2,0.95190380761523,0.936046511627907,0.987096774193548,0.993827160493827,0.936046511627907,0.964071856287425,"IRT",286,678,33,4,0.963036963036963,0.953586497890295,0.986206896551724,0.994134897360704,0.953586497890295,0.973438621679828
2000,1000,80,0.3,0.05,"a",FALSE,0.5,0,439,"4, 26, 19, 39","rf_probs",0,380,675,445,0.253333333333333,0.360189573459716,0,0.460606060606061,0.360189573459716,0.404255319148936,"rf_probs",0,127,217,155,0.254509018036072,0.369186046511628,0,0.450354609929078,0.369186046511628,0.405750798722045,"rf_probs",0,253,458,290,0.252747252747253,0.355836849507736,0,0.465930018416206,0.355836849507736,0.403508771929825
2000,1000,80,0.3,0.05,"a",FALSE,0.5,0,439,"4, 26, 19, 39","rf_class",423,1018,37,22,0.960666666666667,0.964928909952607,0.950561797752809,0.978846153846154,0.964928909952607,0.971837708830549,"rf_class",148,328,16,7,0.953907815631262,0.953488372093023,0.954838709677419,0.97910447761194,0.953488372093023,0.966126656848306,"rf_class",275,690,21,15,0.964035964035964,0.970464135021097,0.948275862068966,0.978723404255319,0.970464135021097,0.974576271186441
2000,1000,80,0.3,0.05,"a",FALSE,0.5,0,440,"22, 55, 1, 48","IRT",448,991,56,5,0.959333333333333,0.946513849092646,0.988962472406181,0.994979919678715,0.946513849092646,0.970141948115516,"IRT",154,322,16,1,0.96551724137931,0.952662721893491,0.993548387096774,0.996904024767802,0.952662721893491,0.97428139183056,"IRT",294,669,40,4,0.95630585898709,0.943582510578279,0.986577181208054,0.99405646359584,0.943582510578279,0.968162083936324
2000,1000,80,0.3,0.05,"a",FALSE,0.5,0,440,"22, 55, 1, 48","rf_probs",0,337,710,453,0.224666666666667,0.321872015281757,0,0.426582278481013,0.321872015281757,0.366902558519325,"rf_probs",0,108,230,155,0.219066937119675,0.319526627218935,0,0.4106463878327,0.319526627218935,0.359400998336107,"rf_probs",0,229,480,298,0.227408142999007,0.322990126939351,0,0.434535104364326,0.322990126939351,0.370550161812298
2000,1000,80,0.3,0.05,"a",FALSE,0.5,0,440,"22, 55, 1, 48","rf_class",430,1007,40,23,0.958,0.961795606494747,0.949227373068433,0.977669902912621,0.961795606494747,0.969667790081849,"rf_class",150,327,11,5,0.967545638945233,0.967455621301775,0.967741935483871,0.984939759036145,0.967455621301775,0.976119402985075,"rf_class",280,680,29,18,0.953326713008937,0.959097320169252,0.939597315436242,0.974212034383954,0.959097320169252,0.966595593461265
2000,1000,80,0.3,0.05,"a",FALSE,0.5,0,441,"52, 39, 8, 51","IRT",437,1015,24,24,0.968,0.976900866217517,0.947939262472885,0.976900866217517,0.976900866217517,0.976900866217517,"IRT",159,339,9,8,0.966990291262136,0.974137931034483,0.952095808383233,0.976945244956772,0.974137931034483,0.975539568345324,"IRT",278,676,15,16,0.968527918781726,0.978292329956585,0.945578231292517,0.976878612716763,0.978292329956585,0.977584960231381
2000,1000,80,0.3,0.05,"a",FALSE,0.5,0,441,"52, 39, 8, 51","rf_probs",0,301,738,461,0.200666666666667,0.289701636188643,0,0.39501312335958,0.289701636188643,0.334258745141588,"rf_probs",0,90,258,167,0.174757281553398,0.258620689655172,0,0.350194552529183,0.258620689655172,0.297520661157025,"rf_probs",0,211,480,294,0.214213197969543,0.305354558610709,0,0.417821782178218,0.305354558610709,0.352842809364548
2000,1000,80,0.3,0.05,"a",FALSE,0.5,0,441,"52, 39, 8, 51","rf_class",441,1004,35,20,0.963333333333333,0.966313763233879,0.956616052060738,0.98046875,0.966313763233879,0.973339796412991,"rf_class",162,335,13,5,0.96504854368932,0.96264367816092,0.970059880239521,0.985294117647059,0.96264367816092,0.973837209302326,"rf_class",279,669,22,15,0.96243654822335,0.968162083936324,0.948979591836735,0.978070175438597,0.968162083936324,0.973090909090909
2000,1000,80,0.3,0.05,"a",FALSE,0.5,0,442,"39, 33, 7, 48","IRT",431,1019,23,27,0.966666666666667,0.977927063339731,0.941048034934498,0.974187380497132,0.977927063339731,0.976053639846743,"IRT",149,344,6,12,0.964774951076321,0.982857142857143,0.925465838509317,0.966292134831461,0.982857142857143,0.974504249291785,"IRT",282,675,17,15,0.967644084934277,0.975433526011561,0.94949494949495,0.978260869565217,0.975433526011561,0.97684515195369
2000,1000,80,0.3,0.05,"a",FALSE,0.5,0,442,"39, 33, 7, 48","rf_probs",0,309,733,458,0.206,0.296545105566219,0,0.402868318122555,0.296545105566219,0.341625207296849,"rf_probs",0,104,246,161,0.203522504892368,0.297142857142857,0,0.392452830188679,0.297142857142857,0.338211382113821,"rf_probs",0,205,487,297,0.207280080889788,0.296242774566474,0,0.408366533864542,0.296242774566474,0.343383584589615
2000,1000,80,0.3,0.05,"a",FALSE,0.5,0,442,"39, 33, 7, 48","rf_class",426,1020,22,32,0.964,0.978886756238004,0.930131004366812,0.96958174904943,0.978886756238004,0.974212034383954,"rf_class",148,344,6,13,0.962818003913894,0.982857142857143,0.919254658385093,0.963585434173669,0.982857142857143,0.973125884016973,"rf_class",278,676,16,19,0.964610717896865,0.976878612716763,0.936026936026936,0.972661870503597,0.976878612716763,0.974765681326604
2000,1000,80,0.3,0.05,"a",FALSE,0.5,0,443,"4, 7, 26, 49","IRT",428,1018,41,13,0.964,0.961284230406043,0.970521541950113,0.987390882638215,0.961284230406043,0.974162679425837,"IRT",124,330,10,5,0.968017057569296,0.970588235294118,0.961240310077519,0.985074626865672,0.970588235294118,0.977777777777778,"IRT",304,688,31,8,0.962172647914646,0.956884561891516,0.974358974358974,0.988505747126437,0.956884561891516,0.97243816254417
2000,1000,80,0.3,0.05,"a",FALSE,0.5,0,443,"4, 7, 26, 49","rf_probs",0,356,703,441,0.237333333333333,0.336166194523135,0,0.446675031367629,0.336166194523135,0.383620689655172,"rf_probs",0,109,231,129,0.232409381663113,0.320588235294118,0,0.457983193277311,0.320588235294118,0.377162629757786,"rf_probs",0,247,472,312,0.239573229873909,0.343532684283727,0,0.441860465116279,0.343532684283727,0.386541471048513
2000,1000,80,0.3,0.05,"a",FALSE,0.5,0,443,"4, 7, 26, 49","rf_class",419,1019,40,22,0.958666666666667,0.962228517469311,0.950113378684807,0.978866474543708,0.962228517469311,0.970476190476191,"rf_class",121,328,12,8,0.957356076759062,0.964705882352941,0.937984496124031,0.976190476190476,0.964705882352941,0.970414201183432,"rf_class",298,691,28,14,0.959262851600388,0.96105702364395,0.955128205128205,0.980141843971631,0.96105702364395,0.970505617977528
2000,1000,80,0.3,0.05,"a",FALSE,0.5,0,444,"28, 36, 7, 46","IRT",432,1027,18,23,0.972666666666667,0.982775119617225,0.949450549450549,0.978095238095238,0.982775119617225,0.980429594272076,"IRT",149,348,4,12,0.968810916179337,0.988636363636364,0.925465838509317,0.966666666666667,0.988636363636364,0.97752808988764,"IRT",283,679,14,11,0.97467071935157,0.97979797979798,0.962585034013605,0.984057971014493,0.97979797979798,0.981923355025307
2000,1000,80,0.3,0.05,"a",FALSE,0.5,0,444,"28, 36, 7, 46","rf_probs",0,344,701,455,0.229333333333333,0.329186602870813,0,0.430538172715895,0.329186602870813,0.373101952277657,"rf_probs",0,113,239,161,0.220272904483431,0.321022727272727,0,0.412408759124088,0.321022727272727,0.361022364217252,"rf_probs",0,231,462,294,0.234042553191489,0.333333333333333,0,0.44,0.333333333333333,0.379310344827586
2000,1000,80,0.3,0.05,"a",FALSE,0.5,0,444,"28, 36, 7, 46","rf_class",428,1020,25,27,0.965333333333333,0.976076555023923,0.940659340659341,0.974212034383954,0.976076555023923,0.975143403441683,"rf_class",149,348,4,12,0.968810916179337,0.988636363636364,0.925465838509317,0.966666666666667,0.988636363636364,0.97752808988764,"rf_class",279,672,21,15,0.963525835866261,0.96969696969697,0.948979591836735,0.978165938864629,0.96969696969697,0.973913043478261
2000,1000,80,0.3,0.05,"a",FALSE,0.5,0,445,"35, 25, 74, 62","IRT",447,993,52,8,0.96,0.950239234449761,0.982417582417582,0.992007992007992,0.950239234449761,0.970674486803519,"IRT",175,310,23,2,0.950980392156863,0.930930930930931,0.988700564971751,0.993589743589744,0.930930930930931,0.961240310077519,"IRT",272,683,29,6,0.964646464646465,0.959269662921348,0.97841726618705,0.991291727140784,0.959269662921348,0.975017844396859
2000,1000,80,0.3,0.05,"a",FALSE,0.5,0,445,"35, 25, 74, 62","rf_probs",0,366,679,455,0.244,0.350239234449761,0,0.445797807551766,0.350239234449761,0.392282958199357,"rf_probs",0,123,210,177,0.241176470588235,0.369369369369369,0,0.41,0.369369369369369,0.388625592417062,"rf_probs",0,243,469,278,0.245454545454545,0.341292134831461,0,0.466410748560461,0.341292134831461,0.394160583941606
2000,1000,80,0.3,0.05,"a",FALSE,0.5,0,445,"35, 25, 74, 62","rf_class",438,997,48,17,0.956666666666667,0.954066985645933,0.962637362637363,0.983234714003945,0.954066985645933,0.968431277319087,"rf_class",172,313,20,5,0.950980392156863,0.93993993993994,0.971751412429379,0.984276729559748,0.93993993993994,0.961597542242704,"rf_class",266,684,28,12,0.95959595959596,0.960674157303371,0.956834532374101,0.982758620689655,0.960674157303371,0.971590909090909
2000,1000,80,0.3,0.05,"a",FALSE,0.5,0,446,"31, 33, 61, 17","IRT",447,1010,23,20,0.971333333333333,0.977734753146176,0.957173447537473,0.980582524271845,0.977734753146176,0.979156568104702,"IRT",137,348,7,6,0.973895582329317,0.980281690140845,0.958041958041958,0.983050847457627,0.980281690140845,0.981664315937941,"IRT",310,662,16,14,0.970059880239521,0.976401179941003,0.95679012345679,0.979289940828402,0.976401179941003,0.977843426883309
2000,1000,80,0.3,0.05,"a",FALSE,0.5,0,446,"31, 33, 61, 17","rf_probs",0,311,722,467,0.207333333333333,0.301064859632139,0,0.39974293059126,0.301064859632139,0.343456653782441,"rf_probs",0,95,260,143,0.190763052208835,0.267605633802817,0,0.399159663865546,0.267605633802817,0.320404721753794,"rf_probs",0,216,462,324,0.215568862275449,0.31858407079646,0,0.4,0.31858407079646,0.354679802955665
2000,1000,80,0.3,0.05,"a",FALSE,0.5,0,446,"31, 33, 61, 17","rf_class",444,1008,25,23,0.968,0.975798644724105,0.950749464668094,0.977691561590689,0.975798644724105,0.976744186046512,"rf_class",137,346,9,6,0.969879518072289,0.974647887323944,0.958041958041958,0.982954545454545,0.974647887323944,0.978783592644979,"rf_class",307,662,16,17,0.967065868263473,0.976401179941003,0.947530864197531,0.974963181148748,0.976401179941003,0.975681650700074
2000,1000,80,0.3,0.05,"a",FALSE,0.5,0,447,"17, 69, 68, 22","IRT",468,966,63,3,0.956,0.938775510204082,0.993630573248408,0.996904024767802,0.938775510204082,0.966966966966967,"IRT",164,317,21,3,0.952475247524752,0.937869822485207,0.982035928143713,0.990625,0.937869822485207,0.963525835866261,"IRT",304,649,42,0,0.957788944723618,0.939218523878437,1,1,0.939218523878437,0.968656716417911
2000,1000,80,0.3,0.05,"a",FALSE,0.5,0,447,"17, 69, 68, 22","rf_probs",0,339,690,471,0.226,0.329446064139942,0,0.418518518518519,0.329446064139942,0.368678629690049,"rf_probs",0,119,219,167,0.235643564356436,0.35207100591716,0,0.416083916083916,0.35207100591716,0.381410256410256,"rf_probs",0,220,471,304,0.221105527638191,0.318379160636758,0,0.419847328244275,0.318379160636758,0.362139917695473
2000,1000,80,0.3,0.05,"a",FALSE,0.5,0,447,"17, 69, 68, 22","rf_class",445,998,31,26,0.962,0.969873663751215,0.9447983014862,0.974609375,0.969873663751215,0.972235752557233,"rf_class",157,328,10,10,0.96039603960396,0.970414201183432,0.940119760479042,0.970414201183432,0.970414201183432,0.970414201183432,"rf_class",288,670,21,16,0.962814070351759,0.969609261939218,0.947368421052632,0.97667638483965,0.969609261939218,0.973129992737836
2000,1000,80,0.3,0.05,"a",FALSE,0.5,0,448,"12, 77, 2, 74","IRT",452,993,47,8,0.963333333333333,0.954807692307692,0.982608695652174,0.992007992007992,0.954807692307692,0.973052425281725,"IRT",135,351,18,1,0.962376237623762,0.951219512195122,0.992647058823529,0.997159090909091,0.951219512195122,0.973647711511789,"IRT",317,642,29,7,0.963819095477387,0.956780923994039,0.978395061728395,0.989214175654854,0.956780923994039,0.972727272727273
2000,1000,80,0.3,0.05,"a",FALSE,0.5,0,448,"12, 77, 2, 74","rf_probs",0,361,679,460,0.240666666666667,0.347115384615385,0,0.439707673568819,0.347115384615385,0.387963460505105,"rf_probs",0,129,240,136,0.255445544554455,0.349593495934959,0,0.486792452830189,0.349593495934959,0.406940063091483,"rf_probs",0,232,439,324,0.233165829145729,0.34575260804769,0,0.41726618705036,0.34575260804769,0.378158109209454
2000,1000,80,0.3,0.05,"a",FALSE,0.5,0,448,"12, 77, 2, 74","rf_class",431,1008,32,29,0.959333333333333,0.969230769230769,0.93695652173913,0.972034715525555,0.969230769230769,0.970630717380838,"rf_class",125,360,9,11,0.96039603960396,0.975609756097561,0.919117647058823,0.970350404312669,0.975609756097561,0.972972972972973,"rf_class",306,648,23,18,0.958793969849246,0.965722801788376,0.944444444444444,0.972972972972973,0.965722801788376,0.969334330590875
2000,1000,80,0.3,0.05,"a",FALSE,0.5,0,449,"21, 44, 16, 4","IRT",396,1019,72,13,0.943333333333333,0.934005499541705,0.968215158924205,0.987403100775194,0.934005499541705,0.959962317475271,"IRT",139,328,26,3,0.941532258064516,0.926553672316384,0.97887323943662,0.990936555891239,0.926553672316384,0.957664233576642,"IRT",257,691,46,10,0.944223107569721,0.937584803256445,0.962546816479401,0.985734664764622,0.937584803256445,0.96105702364395
2000,1000,80,0.3,0.05,"a",FALSE,0.5,0,449,"21, 44, 16, 4","rf_probs",0,398,693,409,0.265333333333333,0.364802933088909,0,0.493184634448575,0.364802933088909,0.419388830347734,"rf_probs",0,131,223,142,0.264112903225806,0.370056497175141,0,0.47985347985348,0.370056497175141,0.41786283891547,"rf_probs",0,267,470,267,0.26593625498008,0.362279511533243,0,0.5,0.362279511533243,0.420141620771046
2000,1000,80,0.3,0.05,"a",FALSE,0.5,0,449,"21, 44, 16, 4","rf_class",389,1027,64,20,0.944,0.941338221814849,0.951100244498778,0.980897803247373,0.941338221814849,0.960710944808232,"rf_class",136,334,20,6,0.94758064516129,0.943502824858757,0.957746478873239,0.982352941176471,0.943502824858757,0.962536023054755,"rf_class",253,693,44,14,0.942231075697211,0.940298507462687,0.947565543071161,0.98019801980198,0.940298507462687,0.95983379501385
2000,1000,80,0.3,0.05,"a",FALSE,0.5,0,450,"74, 24, 40, 79","IRT",439,996,59,6,0.956666666666667,0.944075829383886,0.986516853932584,0.994011976047904,0.944075829383886,0.968400583373845,"IRT",146,318,24,2,0.946938775510204,0.929824561403509,0.986486486486487,0.99375,0.929824561403509,0.960725075528701,"IRT",293,678,35,4,0.961386138613861,0.950911640953717,0.986531986531986,0.994134897360704,0.950911640953717,0.972043010752688
2000,1000,80,0.3,0.05,"a",FALSE,0.5,0,450,"74, 24, 40, 79","rf_probs",0,382,673,445,0.254666666666667,0.362085308056872,0,0.461910519951632,0.362085308056872,0.405951115834219,"rf_probs",0,130,212,148,0.26530612244898,0.380116959064327,0,0.467625899280576,0.380116959064327,0.419354838709677,"rf_probs",0,252,461,297,0.24950495049505,0.35343618513324,0,0.459016393442623,0.35343618513324,0.399366085578447
2000,1000,80,0.3,0.05,"a",FALSE,0.5,0,450,"74, 24, 40, 79","rf_class",426,1015,40,19,0.960666666666667,0.962085308056872,0.957303370786517,0.981624758220503,0.962085308056872,0.971756821445668,"rf_class",140,324,18,8,0.946938775510204,0.947368421052632,0.945945945945946,0.975903614457831,0.947368421052632,0.961424332344214,"rf_class",286,691,22,11,0.967326732673267,0.96914446002805,0.962962962962963,0.984330484330484,0.96914446002805,0.976678445229682
2000,1000,80,0.3,0.05,"a",FALSE,0.5,0,451,"62, 32, 18, 52","IRT",438,1018,34,10,0.970666666666667,0.967680608365019,0.977678571428571,0.990272373540856,0.967680608365019,0.978846153846154,"IRT",136,329,11,3,0.970772442588727,0.967647058823529,0.97841726618705,0.990963855421687,0.967647058823529,0.979166666666667,"IRT",302,689,23,7,0.970617042115573,0.967696629213483,0.977346278317152,0.989942528735632,0.967696629213483,0.978693181818182
2000,1000,80,0.3,0.05,"a",FALSE,0.5,0,451,"62, 32, 18, 52","rf_probs",0,340,712,448,0.226666666666667,0.32319391634981,0,0.431472081218274,0.32319391634981,0.369565217391304,"rf_probs",0,114,226,139,0.237995824634656,0.335294117647059,0,0.450592885375494,0.335294117647059,0.384485666104553,"rf_probs",0,226,486,309,0.221351616062684,0.317415730337079,0,0.422429906542056,0.317415730337079,0.362469927826784
2000,1000,80,0.3,0.05,"a",FALSE,0.5,0,451,"62, 32, 18, 52","rf_class",431,1020,32,17,0.967333333333333,0.96958174904943,0.962053571428571,0.983606557377049,0.96958174904943,0.976543800861656,"rf_class",135,330,10,4,0.970772442588727,0.970588235294118,0.971223021582734,0.988023952095808,0.970588235294118,0.979228486646884,"rf_class",296,690,22,13,0.965719882468168,0.969101123595506,0.957928802588997,0.981507823613087,0.969101123595506,0.975265017667844
2000,1000,80,0.3,0.05,"a",FALSE,0.5,0,452,"23, 31, 2, 17","IRT",439,999,53,9,0.958666666666667,0.949619771863118,0.979910714285714,0.991071428571429,0.949619771863118,0.969902912621359,"IRT",139,331,23,1,0.951417004048583,0.935028248587571,0.992857142857143,0.996987951807229,0.935028248587571,0.965014577259475,"IRT",300,668,30,8,0.962226640159046,0.95702005730659,0.974025974025974,0.988165680473373,0.95702005730659,0.972343522561863
2000,1000,80,0.3,0.05,"a",FALSE,0.5,0,452,"23, 31, 2, 17","rf_probs",0,324,728,448,0.216,0.307984790874525,0,0.419689119170984,0.307984790874525,0.355263157894737,"rf_probs",0,108,246,140,0.218623481781377,0.305084745762712,0,0.435483870967742,0.305084745762712,0.358803986710963,"rf_probs",0,216,482,308,0.214711729622266,0.30945558739255,0,0.412213740458015,0.30945558739255,0.353518821603928
2000,1000,80,0.3,0.05,"a",FALSE,0.5,0,452,"23, 31, 2, 17","rf_class",415,1023,29,33,0.958666666666667,0.972433460076046,0.926339285714286,0.96875,0.972433460076046,0.970588235294118,"rf_class",127,341,13,13,0.947368421052632,0.963276836158192,0.907142857142857,0.963276836158192,0.963276836158192,0.963276836158192,"rf_class",288,682,16,20,0.964214711729622,0.977077363896848,0.935064935064935,0.971509971509972,0.977077363896848,0.974285714285714
2000,1000,80,0.3,0.05,"a",FALSE,0.5,0,453,"55, 61, 57, 79","IRT",446,979,73,2,0.95,0.930608365019011,0.995535714285714,0.99796126401631,0.930608365019011,0.963108706345303,"IRT",138,323,22,1,0.952479338842975,0.936231884057971,0.992805755395683,0.996913580246914,0.936231884057971,0.965620328849028,"IRT",308,656,51,1,0.948818897637795,0.927864214992928,0.996763754045307,0.998477929984779,0.927864214992928,0.961876832844575
2000,1000,80,0.3,0.05,"a",FALSE,0.5,0,453,"55, 61, 57, 79","rf_probs",0,355,697,448,0.236666666666667,0.33745247148289,0,0.442092154420922,0.33745247148289,0.382749326145553,"rf_probs",0,121,224,139,0.25,0.350724637681159,0,0.465384615384615,0.350724637681159,0.4,"rf_probs",0,234,473,309,0.230314960629921,0.330975954738331,0,0.430939226519337,0.330975954738331,0.3744
2000,1000,80,0.3,0.05,"a",FALSE,0.5,0,453,"55, 61, 57, 79","rf_class",436,1020,32,12,0.970666666666667,0.96958174904943,0.973214285714286,0.988372093023256,0.96958174904943,0.978886756238004,"rf_class",135,336,9,4,0.973140495867769,0.973913043478261,0.971223021582734,0.988235294117647,0.973913043478261,0.981021897810219,"rf_class",301,684,23,8,0.969488188976378,0.967468175388967,0.97411003236246,0.988439306358382,0.967468175388967,0.977841315225161
2000,1000,80,0.3,0.05,"a",FALSE,0.5,0,454,"61, 70, 78, 65","IRT",440,1006,31,23,0.964,0.970106075216972,0.950323974082073,0.977648202137998,0.970106075216972,0.973862536302033,"IRT",154,321,11,8,0.961538461538462,0.966867469879518,0.950617283950617,0.975683890577508,0.966867469879518,0.97125567322239,"IRT",286,685,20,15,0.965208747514911,0.971631205673759,0.950166112956811,0.978571428571429,0.971631205673759,0.97508896797153
2000,1000,80,0.3,0.05,"a",FALSE,0.5,0,454,"61, 70, 78, 65","rf_probs",0,337,700,463,0.224666666666667,0.324975891996143,0,0.42125,0.324975891996143,0.366902558519325,"rf_probs",0,104,228,162,0.210526315789474,0.313253012048193,0,0.390977443609023,0.313253012048193,0.347826086956522,"rf_probs",0,233,472,301,0.231610337972167,0.330496453900709,0,0.436329588014981,0.330496453900709,0.376109765940274
2000,1000,80,0.3,0.05,"a",FALSE,0.5,0,454,"61, 70, 78, 65","rf_class",440,1002,35,23,0.961333333333333,0.966248794599807,0.950323974082073,0.977560975609756,0.966248794599807,0.971871968962173,"rf_class",154,320,12,8,0.959514170040486,0.963855421686747,0.950617283950617,0.975609756097561,0.963855421686747,0.96969696969697,"rf_class",286,682,23,15,0.962226640159046,0.967375886524823,0.950166112956811,0.978479196556671,0.967375886524823,0.972895863052782
2000,1000,80,0.3,0.05,"a",FALSE,0.5,0,455,"36, 41, 70, 31","IRT",444,996,48,12,0.96,0.954022988505747,0.973684210526316,0.988095238095238,0.954022988505747,0.970760233918129,"IRT",148,350,14,3,0.966990291262136,0.961538461538462,0.980132450331126,0.991501416430595,0.961538461538462,0.97629009762901,"IRT",296,646,34,9,0.956345177664975,0.95,0.970491803278689,0.986259541984733,0.95,0.967790262172285
2000,1000,80,0.3,0.05,"a",FALSE,0.5,0,455,"36, 41, 70, 31","rf_probs",0,352,692,456,0.234666666666667,0.337164750957854,0,0.435643564356436,0.337164750957854,0.380129589632829,"rf_probs",0,122,242,151,0.236893203883495,0.335164835164835,0,0.446886446886447,0.335164835164835,0.383045525902669,"rf_probs",0,230,450,305,0.233502538071066,0.338235294117647,0,0.429906542056075,0.338235294117647,0.378600823045268
2000,1000,80,0.3,0.05,"a",FALSE,0.5,0,455,"36, 41, 70, 31","rf_class",437,1004,40,19,0.960666666666667,0.961685823754789,0.958333333333333,0.981427174975562,0.961685823754789,0.971456216739236,"rf_class",148,349,15,3,0.96504854368932,0.958791208791209,0.980132450331126,0.991477272727273,0.958791208791209,0.974860335195531,"rf_class",289,655,25,16,0.958375634517767,0.963235294117647,0.947540983606557,0.976154992548435,0.963235294117647,0.969652109548483
2000,1000,80,0.3,0.05,"a",FALSE,0.5,0,456,"49, 18, 33, 37","IRT",447,1003,40,10,0.966666666666667,0.961649089165868,0.978118161925602,0.990128331688055,0.961649089165868,0.97568093385214,"IRT",133,344,16,3,0.961693548387097,0.955555555555556,0.977941176470588,0.99135446685879,0.955555555555556,0.973125884016973,"IRT",314,659,24,7,0.969123505976096,0.964860907759883,0.978193146417445,0.989489489489489,0.964860907759883,0.977020014825797
2000,1000,80,0.3,0.05,"a",FALSE,0.5,0,456,"49, 18, 33, 37","rf_probs",0,376,667,457,0.250666666666667,0.360498561840844,0,0.451380552220888,0.360498561840844,0.400852878464819,"rf_probs",0,128,232,136,0.258064516129032,0.355555555555556,0,0.484848484848485,0.355555555555556,0.41025641025641,"rf_probs",0,248,435,321,0.247011952191235,0.363103953147877,0,0.43585237258348,0.363103953147877,0.396166134185304
2000,1000,80,0.3,0.05,"a",FALSE,0.5,0,456,"49, 18, 33, 37","rf_class",436,1010,33,21,0.964,0.968360498561841,0.954048140043764,0.979631425800194,0.968360498561841,0.973963355834137,"rf_class",127,347,13,9,0.955645161290323,0.963888888888889,0.933823529411765,0.974719101123595,0.963888888888889,0.96927374301676,"rf_class",309,663,20,12,0.968127490039841,0.970717423133236,0.962616822429907,0.982222222222222,0.970717423133236,0.976435935198822
2000,1000,80,0.3,0.05,"a",FALSE,0.5,0,457,"39, 34, 7, 40","IRT",451,982,54,13,0.955333333333333,0.947876447876448,0.97198275862069,0.986934673366834,0.947876447876448,0.967011324470704,"IRT",155,316,17,5,0.955375253549696,0.948948948948949,0.96875,0.984423676012461,0.948948948948949,0.966360856269113,"IRT",296,666,37,8,0.955312810327706,0.947368421052632,0.973684210526316,0.98813056379822,0.947368421052632,0.967320261437909
2000,1000,80,0.3,0.05,"a",FALSE,0.5,0,457,"39, 34, 7, 40","rf_probs",0,369,667,464,0.246,0.356177606177606,0,0.442977190876351,0.356177606177606,0.394863563402889,"rf_probs",0,109,224,160,0.221095334685598,0.327327327327327,0,0.405204460966543,0.327327327327327,0.362126245847176,"rf_probs",0,260,443,304,0.258192651439921,0.369843527738265,0,0.460992907801418,0.369843527738265,0.410418310970797
2000,1000,80,0.3,0.05,"a",FALSE,0.5,0,457,"39, 34, 7, 40","rf_class",441,1002,34,23,0.962,0.967181467181467,0.950431034482759,0.977560975609756,0.967181467181467,0.972343522561863,"rf_class",154,321,12,6,0.963488843813387,0.963963963963964,0.9625,0.981651376146789,0.963963963963964,0.972727272727273,"rf_class",287,681,22,17,0.961271102284012,0.968705547652916,0.944078947368421,0.975644699140401,0.968705547652916,0.972162740899358
2000,1000,80,0.3,0.05,"a",FALSE,0.5,0,458,"25, 42, 14, 22","IRT",436,1012,36,16,0.965333333333333,0.965648854961832,0.964601769911504,0.98443579766537,0.965648854961832,0.97495183044316,"IRT",145,346,13,8,0.958984375,0.963788300835655,0.947712418300654,0.977401129943503,0.963788300835655,0.97054698457223,"IRT",291,666,23,8,0.968623481781376,0.966618287373004,0.973244147157191,0.98813056379822,0.966618287373004,0.977256052824652
2000,1000,80,0.3,0.05,"a",FALSE,0.5,0,458,"25, 42, 14, 22","rf_probs",0,351,697,452,0.234,0.334923664122137,0,0.437110834371108,0.334923664122137,0.379254457050243,"rf_probs",0,126,233,153,0.24609375,0.350974930362117,0,0.451612903225806,0.350974930362117,0.394984326018809,"rf_probs",0,225,464,299,0.227732793522267,0.32656023222061,0,0.429389312977099,0.32656023222061,0.370981038746909
2000,1000,80,0.3,0.05,"a",FALSE,0.5,0,458,"25, 42, 14, 22","rf_class",430,1016,32,22,0.964,0.969465648854962,0.951327433628319,0.978805394990366,0.969465648854962,0.974113135186961,"rf_class",145,347,12,8,0.9609375,0.966573816155989,0.947712418300654,0.977464788732394,0.966573816155989,0.971988795518207,"rf_class",285,669,20,14,0.965587044534413,0.970972423802613,0.953177257525084,0.979502196193265,0.970972423802613,0.975218658892128
2000,1000,80,0.3,0.05,"a",FALSE,0.5,0,459,"74, 2, 35, 16","IRT",427,1019,15,39,0.964,0.985493230174081,0.916309012875536,0.963137996219282,0.985493230174081,0.974187380497132,"IRT",134,340,4,13,0.965376782077393,0.988372093023256,0.91156462585034,0.963172804532578,0.988372093023256,0.975609756097561,"IRT",293,679,11,26,0.963330029732408,0.984057971014493,0.918495297805643,0.963120567375886,0.984057971014493,0.973476702508961
2000,1000,80,0.3,0.05,"a",FALSE,0.5,0,459,"74, 2, 35, 16","rf_probs",0,370,664,466,0.246666666666667,0.357833655705996,0,0.442583732057416,0.357833655705996,0.39572192513369,"rf_probs",0,129,215,147,0.262729124236253,0.375,0,0.467391304347826,0.375,0.416129032258064,"rf_probs",0,241,449,319,0.238850346878097,0.349275362318841,0,0.430357142857143,0.349275362318841,0.3856
2000,1000,80,0.3,0.05,"a",FALSE,0.5,0,459,"74, 2, 35, 16","rf_class",439,1009,25,27,0.965333333333333,0.975822050290135,0.94206008583691,0.973938223938224,0.975822050290135,0.97487922705314,"rf_class",138,337,7,9,0.967413441955194,0.979651162790698,0.938775510204082,0.973988439306358,0.979651162790698,0.976811594202899,"rf_class",301,672,18,18,0.964321110009911,0.973913043478261,0.943573667711599,0.973913043478261,0.973913043478261,0.973913043478261
2000,1000,80,0.3,0.05,"a",FALSE,0.5,0,460,"18, 29, 21, 16","IRT",432,997,56,15,0.952666666666667,0.94681861348528,0.966442953020134,0.985177865612648,0.94681861348528,0.965617433414044,"IRT",139,328,17,4,0.956967213114754,0.950724637681159,0.972027972027972,0.987951807228916,0.950724637681159,0.968980797636632,"IRT",293,669,39,11,0.950592885375494,0.944915254237288,0.963815789473684,0.983823529411765,0.944915254237288,0.963976945244957
2000,1000,80,0.3,0.05,"a",FALSE,0.5,0,460,"18, 29, 21, 16","rf_probs",0,404,649,447,0.269333333333333,0.38366571699905,0,0.474735605170388,0.38366571699905,0.42436974789916,"rf_probs",0,126,219,143,0.258196721311475,0.365217391304348,0,0.468401486988848,0.365217391304348,0.41042345276873,"rf_probs",0,278,430,304,0.274703557312253,0.392655367231638,0,0.47766323024055,0.392655367231638,0.431007751937984
2000,1000,80,0.3,0.05,"a",FALSE,0.5,0,460,"18, 29, 21, 16","rf_class",424,1005,48,23,0.952666666666667,0.954415954415954,0.948545861297539,0.977626459143969,0.954415954415954,0.965881787602114,"rf_class",141,332,13,2,0.969262295081967,0.96231884057971,0.986013986013986,0.994011976047904,0.96231884057971,0.977908689248895,"rf_class",283,673,35,21,0.944664031620553,0.950564971751412,0.930921052631579,0.969740634005764,0.950564971751412,0.960057061340942
2000,1000,80,0.3,0.05,"a",FALSE,0.5,0,461,"5, 32, 35, 8","IRT",439,1001,45,15,0.96,0.95697896749522,0.966960352422907,0.985236220472441,0.95697896749522,0.97090203685742,"IRT",152,333,15,7,0.956607495069034,0.956896551724138,0.955974842767296,0.979411764705882,0.956896551724138,0.968023255813953,"IRT",287,668,30,8,0.961732124874119,0.95702005730659,0.972881355932203,0.988165680473373,0.95702005730659,0.972343522561863
2000,1000,80,0.3,0.05,"a",FALSE,0.5,0,461,"5, 32, 35, 8","rf_probs",0,324,722,454,0.216,0.309751434034417,0,0.416452442159383,0.309751434034417,0.355263157894737,"rf_probs",0,103,245,159,0.203155818540434,0.295977011494253,0,0.393129770992366,0.295977011494253,0.337704918032787,"rf_probs",0,221,477,295,0.222557905337362,0.316618911174785,0,0.428294573643411,0.316618911174785,0.364085667215815
2000,1000,80,0.3,0.05,"a",FALSE,0.5,0,461,"5, 32, 35, 8","rf_class",422,1017,29,32,0.959333333333333,0.972275334608031,0.929515418502203,0.969494756911344,0.972275334608031,0.970883054892602,"rf_class",144,336,12,15,0.946745562130177,0.96551724137931,0.905660377358491,0.957264957264957,0.96551724137931,0.96137339055794,"rf_class",278,681,17,17,0.965760322255791,0.975644699140401,0.942372881355932,0.975644699140401,0.975644699140401,0.975644699140401
2000,1000,80,0.3,0.05,"a",FALSE,0.5,0,462,"70, 69, 45, 44","IRT",442,1000,45,13,0.961333333333333,0.956937799043062,0.971428571428571,0.987166831194472,0.956937799043062,0.971817298347911,"IRT",141,329,17,8,0.94949494949495,0.950867052023121,0.946308724832215,0.976261127596439,0.950867052023121,0.963396778916545,"IRT",301,671,28,5,0.967164179104478,0.959942775393419,0.983660130718954,0.992603550295858,0.959942775393419,0.976
2000,1000,80,0.3,0.05,"a",FALSE,0.5,0,462,"70, 69, 45, 44","rf_probs",0,339,706,455,0.226,0.324401913875598,0,0.426952141057934,0.324401913875598,0.368678629690049,"rf_probs",0,118,228,149,0.238383838383838,0.341040462427746,0,0.441947565543071,0.341040462427746,0.384991843393148,"rf_probs",0,221,478,306,0.219900497512438,0.316165951359084,0,0.419354838709677,0.316165951359084,0.360522022838499
2000,1000,80,0.3,0.05,"a",FALSE,0.5,0,462,"70, 69, 45, 44","rf_class",431,1009,36,24,0.96,0.96555023923445,0.947252747252747,0.97676669893514,0.96555023923445,0.971126082771896,"rf_class",139,334,12,10,0.955555555555556,0.965317919075145,0.932885906040268,0.970930232558139,0.965317919075145,0.968115942028985,"rf_class",292,675,24,14,0.962189054726368,0.965665236051502,0.954248366013072,0.979680696661829,0.965665236051502,0.972622478386167
2000,1000,80,0.3,0.05,"a",FALSE,0.5,0,463,"12, 40, 1, 37","IRT",434,1021,40,5,0.97,0.962299717247879,0.988610478359909,0.995126705653021,0.962299717247879,0.978437949209391,"IRT",132,374,17,0,0.967495219885277,0.956521739130435,1,1,0.956521739130435,0.977777777777778,"IRT",302,647,23,5,0.971340839303992,0.965671641791045,0.98371335504886,0.992331288343558,0.965671641791045,0.978819969742814
2000,1000,80,0.3,0.05,"a",FALSE,0.5,0,463,"12, 40, 1, 37","rf_probs",0,305,756,439,0.203333333333333,0.28746465598492,0,0.40994623655914,0.28746465598492,0.337950138504155,"rf_probs",0,102,289,132,0.195028680688337,0.260869565217391,0,0.435897435897436,0.260869565217391,0.3264,"rf_probs",0,203,467,307,0.207778915046059,0.302985074626866,0,0.398039215686274,0.302985074626866,0.34406779661017
2000,1000,80,0.3,0.05,"a",FALSE,0.5,0,463,"12, 40, 1, 37","rf_class",415,1028,33,24,0.962,0.9688972667295,0.945330296127563,0.977186311787072,0.9688972667295,0.973024136299101,"rf_class",128,373,18,4,0.957934990439771,0.953964194373402,0.96969696969697,0.989389920424403,0.953964194373402,0.971354166666667,"rf_class",287,655,15,20,0.96417604912999,0.977611940298508,0.93485342019544,0.97037037037037,0.977611940298508,0.973977695167286
2000,1000,80,0.3,0.05,"a",FALSE,0.5,0,464,"60, 53, 59, 1","IRT",447,993,49,11,0.96,0.952975047984645,0.975982532751092,0.989043824701195,0.952975047984645,0.970674486803519,"IRT",148,312,14,6,0.958333333333333,0.957055214723926,0.961038961038961,0.981132075471698,0.957055214723926,0.968944099378882,"IRT",299,681,35,5,0.96078431372549,0.951117318435754,0.983552631578947,0.992711370262391,0.951117318435754,0.971469329529244
2000,1000,80,0.3,0.05,"a",FALSE,0.5,0,464,"60, 53, 59, 1","rf_probs",0,336,706,458,0.224,0.322456813819578,0,0.423173803526448,0.322456813819578,0.366013071895425,"rf_probs",0,98,228,154,0.204166666666667,0.300613496932515,0,0.388888888888889,0.300613496932515,0.339100346020761,"rf_probs",0,238,478,304,0.233333333333333,0.332402234636872,0,0.439114391143911,0.332402234636872,0.378378378378378
2000,1000,80,0.3,0.05,"a",FALSE,0.5,0,464,"60, 53, 59, 1","rf_class",437,1005,37,21,0.961333333333333,0.964491362763916,0.95414847161572,0.97953216374269,0.964491362763916,0.971953578336557,"rf_class",144,320,6,10,0.966666666666667,0.98159509202454,0.935064935064935,0.96969696969697,0.98159509202454,0.975609756097561,"rf_class",293,685,31,11,0.958823529411765,0.956703910614525,0.963815789473684,0.984195402298851,0.956703910614525,0.970254957507082
2000,1000,80,0.3,0.05,"a",FALSE,0.5,0,465,"13, 29, 50, 36","IRT",429,1014,44,13,0.962,0.958412098298677,0.970588235294118,0.987341772151899,0.958412098298677,0.972661870503597,"IRT",139,335,18,2,0.959514170040486,0.949008498583569,0.985815602836879,0.99406528189911,0.949008498583569,0.971014492753623,"IRT",290,679,26,11,0.963220675944334,0.963120567375886,0.963455149501661,0.984057971014493,0.963120567375886,0.973476702508961
2000,1000,80,0.3,0.05,"a",FALSE,0.5,0,465,"13, 29, 50, 36","rf_probs",0,348,710,442,0.232,0.328922495274102,0,0.440506329113924,0.328922495274102,0.376623376623377,"rf_probs",0,118,235,141,0.238866396761134,0.334277620396601,0,0.455598455598456,0.334277620396601,0.38562091503268,"rf_probs",0,230,475,301,0.228628230616302,0.326241134751773,0,0.433145009416196,0.326241134751773,0.372168284789644
2000,1000,80,0.3,0.05,"a",FALSE,0.5,0,465,"13, 29, 50, 36","rf_class",412,1016,42,30,0.952,0.960302457466919,0.932126696832579,0.97131931166348,0.960302457466919,0.965779467680608,"rf_class",133,336,17,8,0.949392712550607,0.951841359773371,0.943262411347518,0.976744186046512,0.951841359773371,0.964131994261119,"rf_class",279,680,25,22,0.953280318091451,0.964539007092199,0.926910299003322,0.968660968660969,0.964539007092199,0.966595593461265
2000,1000,80,0.3,0.05,"a",FALSE,0.5,0,466,"62, 56, 51, 69","IRT",435,1016,32,17,0.967333333333333,0.969465648854962,0.962389380530973,0.983543078412391,0.969465648854962,0.976453628063431,"IRT",150,331,13,5,0.963927855711423,0.962209302325581,0.967741935483871,0.985119047619048,0.962209302325581,0.973529411764706,"IRT",285,685,19,12,0.969030969030969,0.973011363636364,0.95959595959596,0.982783357245337,0.973011363636364,0.977872947894361
2000,1000,80,0.3,0.05,"a",FALSE,0.5,0,466,"62, 56, 51, 69","rf_probs",0,345,703,452,0.23,0.329198473282443,0,0.432873274780427,0.329198473282443,0.373983739837398,"rf_probs",0,100,244,155,0.200400801603206,0.290697674418605,0,0.392156862745098,0.290697674418605,0.333889816360601,"rf_probs",0,245,459,297,0.244755244755245,0.348011363636364,0,0.452029520295203,0.348011363636364,0.393258426966292
2000,1000,80,0.3,0.05,"a",FALSE,0.5,0,466,"62, 56, 51, 69","rf_class",434,1007,41,18,0.960666666666667,0.96087786259542,0.960176991150443,0.982439024390244,0.96087786259542,0.971538832609744,"rf_class",150,328,16,5,0.957915831663327,0.953488372093023,0.967741935483871,0.984984984984985,0.953488372093023,0.968980797636632,"rf_class",284,679,25,13,0.962037962037962,0.964488636363636,0.956228956228956,0.98121387283237,0.964488636363636,0.972779369627507
2000,1000,80,0.3,0.05,"a",FALSE,0.5,0,467,"1, 77, 46, 59","IRT",425,1017,41,17,0.961333333333333,0.96124763705104,0.961538461538462,0.983558994197292,0.96124763705104,0.972275334608031,"IRT",148,338,15,4,0.962376237623762,0.957507082152975,0.973684210526316,0.988304093567251,0.957507082152975,0.972661870503597,"IRT",277,679,26,13,0.960804020100502,0.963120567375886,0.955172413793103,0.98121387283237,0.963120567375886,0.972083035075161
2000,1000,80,0.3,0.05,"a",FALSE,0.5,0,467,"1, 77, 46, 59","rf_probs",0,425,633,442,0.283333333333333,0.401701323251418,0,0.490196078431373,0.401701323251418,0.441558441558442,"rf_probs",0,133,220,152,0.263366336633663,0.376770538243626,0,0.466666666666667,0.376770538243626,0.41692789968652,"rf_probs",0,292,413,290,0.293467336683417,0.414184397163121,0,0.501718213058419,0.414184397163121,0.453768453768454
2000,1000,80,0.3,0.05,"a",FALSE,0.5,0,467,"1, 77, 46, 59","rf_class",422,1017,41,20,0.959333333333333,0.96124763705104,0.95475113122172,0.980713596914175,0.96124763705104,0.970883054892601,"rf_class",145,338,15,7,0.956435643564356,0.957507082152975,0.953947368421053,0.979710144927536,0.957507082152975,0.968481375358166,"rf_class",277,679,26,13,0.960804020100502,0.963120567375886,0.955172413793103,0.98121387283237,0.963120567375886,0.972083035075161
2000,1000,80,0.3,0.05,"a",FALSE,0.5,0,468,"43, 45, 40, 79","IRT",435,998,52,15,0.955333333333333,0.95047619047619,0.966666666666667,0.985192497532083,0.95047619047619,0.96752302472128,"IRT",133,346,14,5,0.961847389558233,0.961111111111111,0.963768115942029,0.985754985754986,0.961111111111111,0.973277074542897,"IRT",302,652,38,10,0.952095808383233,0.944927536231884,0.967948717948718,0.984894259818731,0.944927536231884,0.964497041420118
2000,1000,80,0.3,0.05,"a",FALSE,0.5,0,468,"43, 45, 40, 79","rf_probs",0,380,670,450,0.253333333333333,0.361904761904762,0,0.457831325301205,0.361904761904762,0.404255319148936,"rf_probs",0,126,234,138,0.253012048192771,0.35,0,0.477272727272727,0.35,0.403846153846154,"rf_probs",0,254,436,312,0.253493013972056,0.368115942028986,0,0.448763250883392,0.368115942028986,0.404458598726115
2000,1000,80,0.3,0.05,"a",FALSE,0.5,0,468,"43, 45, 40, 79","rf_class",423,1014,36,27,0.958,0.965714285714286,0.94,0.974063400576369,0.965714285714286,0.96987087517934,"rf_class",129,348,12,9,0.957831325301205,0.966666666666667,0.934782608695652,0.974789915966387,0.966666666666667,0.97071129707113,"rf_class",294,666,24,18,0.958083832335329,0.965217391304348,0.942307692307692,0.973684210526316,0.965217391304348,0.969432314410481
2000,1000,80,0.3,0.05,"a",FALSE,0.5,0,469,"69, 20, 62, 25","IRT",424,1009,54,13,0.955333333333333,0.949200376293509,0.97025171624714,0.987279843444227,0.949200376293509,0.967865707434053,"IRT",147,321,22,6,0.943548387096774,0.935860058309038,0.96078431372549,0.981651376146789,0.935860058309038,0.95820895522388,"IRT",277,688,32,7,0.961155378486056,0.955555555555556,0.975352112676056,0.989928057553957,0.955555555555556,0.97243816254417
2000,1000,80,0.3,0.05,"a",FALSE,0.5,0,469,"69, 20, 62, 25","rf_probs",0,353,710,437,0.235333333333333,0.332079021636877,0,0.446835443037975,0.332079021636877,0.381003777657852,"rf_probs",0,114,229,153,0.229838709677419,0.332361516034985,0,0.426966292134831,0.332361516034985,0.373770491803279,"rf_probs",0,239,481,284,0.23804780876494,0.331944444444444,0,0.45697896749522,0.331944444444444,0.384553499597747
2000,1000,80,0.3,0.05,"a",FALSE,0.5,0,469,"69, 20, 62, 25","rf_class",409,1020,43,28,0.952666666666667,0.959548447789276,0.935926773455378,0.973282442748092,0.959548447789276,0.966366650876362,"rf_class",144,323,20,9,0.941532258064516,0.941690962099125,0.941176470588235,0.97289156626506,0.941690962099125,0.957037037037037,"rf_class",265,697,23,19,0.958167330677291,0.968055555555556,0.933098591549296,0.973463687150838,0.968055555555556,0.97075208913649
2000,1000,80,0.3,0.05,"a",FALSE,0.5,0,470,"75, 72, 44, 52","IRT",429,1011,46,14,0.96,0.956480605487228,0.968397291196388,0.986341463414634,0.956480605487228,0.971181556195965,"IRT",147,341,13,4,0.966336633663366,0.963276836158192,0.973509933774834,0.988405797101449,0.963276836158192,0.975679542203147,"IRT",282,670,33,10,0.95678391959799,0.953058321479374,0.965753424657534,0.985294117647059,0.953058321479374,0.968908170643529
2000,1000,80,0.3,0.05,"a",FALSE,0.5,0,470,"75, 72, 44, 52","rf_probs",0,399,658,443,0.266,0.377483443708609,0,0.473871733966746,0.377483443708609,0.420221169036335,"rf_probs",0,121,233,151,0.23960396039604,0.34180790960452,0,0.444852941176471,0.34180790960452,0.386581469648562,"rf_probs",0,278,425,292,0.279396984924623,0.395448079658606,0,0.487719298245614,0.395448079658606,0.436763550667714
2000,1000,80,0.3,0.05,"a",FALSE,0.5,0,470,"75, 72, 44, 52","rf_class",423,1015,42,20,0.958666666666667,0.960264900662252,0.954853273137698,0.980676328502415,0.960264900662252,0.970363288718929,"rf_class",147,339,15,4,0.962376237623762,0.957627118644068,0.973509933774834,0.988338192419825,0.957627118644068,0.97274031563845,"rf_class",276,676,27,16,0.95678391959799,0.961593172119488,0.945205479452055,0.976878612716763,0.961593172119488,0.969175627240143
2000,1000,80,0.3,0.05,"a",FALSE,0.5,0,471,"12, 25, 60, 62","IRT",430,1023,32,15,0.968666666666667,0.969668246445498,0.966292134831461,0.985549132947977,0.969668246445498,0.977544194935499,"IRT",135,325,7,8,0.968421052631579,0.978915662650602,0.944055944055944,0.975975975975976,0.978915662650602,0.977443609022556,"IRT",295,698,25,7,0.968780487804878,0.965421853388658,0.97682119205298,0.990070921985816,0.965421853388658,0.977591036414566
2000,1000,80,0.3,0.05,"a",FALSE,0.5,0,471,"12, 25, 60, 62","rf_probs",0,380,675,445,0.253333333333333,0.360189573459716,0,0.460606060606061,0.360189573459716,0.404255319148936,"rf_probs",0,110,222,143,0.231578947368421,0.331325301204819,0,0.434782608695652,0.331325301204819,0.376068376068376,"rf_probs",0,270,453,302,0.263414634146341,0.37344398340249,0,0.472027972027972,0.37344398340249,0.416988416988417
2000,1000,80,0.3,0.05,"a",FALSE,0.5,0,471,"12, 25, 60, 62","rf_class",418,1016,39,27,0.956,0.96303317535545,0.939325842696629,0.974113135186961,0.96303317535545,0.968541468064824,"rf_class",128,323,9,15,0.949473684210526,0.97289156626506,0.895104895104895,0.955621301775148,0.97289156626506,0.964179104477612,"rf_class",290,693,30,12,0.959024390243902,0.95850622406639,0.960264900662252,0.982978723404255,0.95850622406639,0.970588235294118
2000,1000,80,0.3,0.05,"a",FALSE,0.5,0,472,"52, 34, 24, 28","IRT",414,1039,22,25,0.968666666666667,0.979264844486334,0.943052391799544,0.976503759398496,0.979264844486334,0.977882352941176,"IRT",134,360,4,8,0.976284584980237,0.989010989010989,0.943661971830986,0.978260869565217,0.989010989010989,0.983606557377049,"IRT",280,679,18,17,0.964788732394366,0.974175035868006,0.942760942760943,0.975574712643678,0.974175035868006,0.974874371859296
2000,1000,80,0.3,0.05,"a",FALSE,0.5,0,472,"52, 34, 24, 28","rf_probs",0,361,700,439,0.240666666666667,0.340245051837889,0,0.45125,0.340245051837889,0.387963460505105,"rf_probs",0,116,248,142,0.229249011857708,0.318681318681319,0,0.449612403100775,0.318681318681319,0.372990353697749,"rf_probs",0,245,452,297,0.246478873239437,0.351506456241033,0,0.452029520295203,0.351506456241033,0.395480225988701
2000,1000,80,0.3,0.05,"a",FALSE,0.5,0,472,"52, 34, 24, 28","rf_class",411,1027,34,28,0.958666666666667,0.967954759660697,0.93621867881549,0.97345971563981,0.967954759660697,0.970699432892249,"rf_class",131,356,8,11,0.962450592885375,0.978021978021978,0.922535211267606,0.970027247956403,0.978021978021978,0.974008207934337,"rf_class",280,671,26,17,0.956740442655936,0.962697274031564,0.942760942760943,0.975290697674419,0.962697274031564,0.968953068592058
2000,1000,80,0.3,0.05,"a",FALSE,0.5,0,473,"57, 8, 24, 28","IRT",425,1026,39,10,0.967333333333333,0.963380281690141,0.977011494252874,0.99034749034749,0.963380281690141,0.976677772489291,"IRT",151,333,12,4,0.968,0.965217391304348,0.974193548387097,0.98813056379822,0.965217391304348,0.976539589442815,"IRT",274,693,27,6,0.967,0.9625,0.978571428571429,0.991416309012876,0.9625,0.976744186046512
2000,1000,80,0.3,0.05,"a",FALSE,0.5,0,473,"57, 8, 24, 28","rf_probs",0,330,735,435,0.22,0.309859154929577,0,0.431372549019608,0.309859154929577,0.360655737704918,"rf_probs",0,94,251,155,0.188,0.272463768115942,0,0.377510040160643,0.272463768115942,0.316498316498317,"rf_probs",0,236,484,280,0.236,0.327777777777778,0,0.457364341085271,0.327777777777778,0.381877022653722
2000,1000,80,0.3,0.05,"a",FALSE,0.5,0,473,"57, 8, 24, 28","rf_class",419,1020,45,16,0.959333333333333,0.957746478873239,0.963218390804598,0.984555984555985,0.957746478873239,0.970966206568301,"rf_class",148,333,12,7,0.962,0.965217391304348,0.954838709677419,0.979411764705882,0.965217391304348,0.972262773722628,"rf_class",271,687,33,9,0.958,0.954166666666667,0.967857142857143,0.987068965517241,0.954166666666667,0.970338983050847
2000,1000,80,0.3,0.05,"a",FALSE,0.5,0,474,"79, 6, 75, 45","IRT",436,976,83,5,0.941333333333333,0.92162417374882,0.988662131519274,0.994903160040775,0.92162417374882,0.956862745098039,"IRT",149,345,23,1,0.953667953667954,0.9375,0.993333333333333,0.997109826589595,0.9375,0.966386554621849,"IRT",287,631,60,4,0.934826883910387,0.913169319826339,0.986254295532646,0.993700787401575,0.913169319826339,0.951734539969834
2000,1000,80,0.3,0.05,"a",FALSE,0.5,0,474,"79, 6, 75, 45","rf_probs",0,364,695,441,0.242666666666667,0.343720491029273,0,0.452173913043478,0.343720491029273,0.390557939914163,"rf_probs",0,127,241,150,0.245173745173745,0.345108695652174,0,0.458483754512635,0.345108695652174,0.393798449612403,"rf_probs",0,237,454,291,0.241344195519348,0.342981186685962,0,0.448863636363636,0.342981186685962,0.388843314191961
2000,1000,80,0.3,0.05,"a",FALSE,0.5,0,474,"79, 6, 75, 45","rf_class",416,1024,35,25,0.96,0.966949952785647,0.943310657596372,0.976167778836988,0.966949952785647,0.971537001897533,"rf_class",148,362,6,2,0.984555984555985,0.983695652173913,0.986666666666667,0.994505494505495,0.983695652173913,0.989071038251366,"rf_class",268,662,29,23,0.947046843177189,0.958031837916064,0.920962199312715,0.966423357664234,0.958031837916064,0.962209302325581
2000,1000,80,0.3,0.05,"a",FALSE,0.5,0,475,"51, 6, 79, 21","IRT",441,1006,44,9,0.964666666666667,0.958095238095238,0.98,0.991133004926108,0.958095238095238,0.974334140435835,"IRT",157,349,13,2,0.971209213051823,0.964088397790055,0.987421383647799,0.994301994301994,0.964088397790055,0.978962131837307,"IRT",284,657,31,7,0.961184882533197,0.954941860465116,0.975945017182131,0.989457831325301,0.954941860465116,0.97189349112426
2000,1000,80,0.3,0.05,"a",FALSE,0.5,0,475,"51, 6, 79, 21","rf_probs",0,334,716,450,0.222666666666667,0.318095238095238,0,0.426020408163265,0.318095238095238,0.36423118865867,"rf_probs",0,97,265,159,0.186180422264875,0.267955801104972,0,0.37890625,0.267955801104972,0.313915857605178,"rf_probs",0,237,451,291,0.242083758937692,0.344476744186047,0,0.448863636363636,0.344476744186047,0.389802631578947
2000,1000,80,0.3,0.05,"a",FALSE,0.5,0,475,"51, 6, 79, 21","rf_class",426,1019,31,24,0.963333333333333,0.97047619047619,0.946666666666667,0.976989453499521,0.97047619047619,0.973721930243669,"rf_class",153,353,9,6,0.971209213051823,0.975138121546961,0.962264150943396,0.983286908077994,0.975138121546961,0.979195561719834,"rf_class",273,666,22,18,0.959141981613892,0.968023255813954,0.938144329896907,0.973684210526316,0.968023255813954,0.970845481049563
2000,1000,80,0.3,0.05,"a",FALSE,0.5,0,476,"34, 48, 37, 46","IRT",454,984,54,8,0.958666666666667,0.947976878612717,0.982683982683983,0.991935483870968,0.947976878612717,0.969458128078818,"IRT",134,327,16,0,0.966457023060797,0.9533527696793,1,1,0.9533527696793,0.976119402985075,"IRT",320,657,38,8,0.955034213098729,0.945323741007194,0.975609756097561,0.98796992481203,0.945323741007194,0.966176470588235
2000,1000,80,0.3,0.05,"a",FALSE,0.5,0,476,"34, 48, 37, 46","rf_probs",0,371,667,462,0.247333333333333,0.357418111753372,0,0.445378151260504,0.357418111753372,0.396579369321219,"rf_probs",0,121,222,134,0.253668763102725,0.352769679300292,0,0.474509803921569,0.352769679300292,0.404682274247492,"rf_probs",0,250,445,328,0.244379276637341,0.359712230215827,0,0.432525951557093,0.359712230215827,0.392772977219167
2000,1000,80,0.3,0.05,"a",FALSE,0.5,0,476,"34, 48, 37, 46","rf_class",442,995,43,20,0.958,0.958574181117534,0.956709956709957,0.980295566502463,0.958574181117534,0.969313200194837,"rf_class",130,332,11,4,0.968553459119497,0.967930029154519,0.970149253731343,0.988095238095238,0.967930029154519,0.977908689248896,"rf_class",312,663,32,16,0.953079178885631,0.953956834532374,0.951219512195122,0.976435935198822,0.953956834532374,0.965065502183406
2000,1000,80,0.3,0.05,"a",FALSE,0.5,0,477,"23, 2, 40, 59","IRT",449,996,48,7,0.963333333333333,0.954022988505747,0.984649122807018,0.993020937188435,0.954022988505747,0.973131411822179,"IRT",145,328,16,1,0.96530612244898,0.953488372093023,0.993150684931507,0.996960486322188,0.953488372093023,0.974739970282318,"IRT",304,668,32,6,0.962376237623762,0.954285714285714,0.980645161290323,0.991097922848665,0.954285714285714,0.972343522561863
2000,1000,80,0.3,0.05,"a",FALSE,0.5,0,477,"23, 2, 40, 59","rf_probs",0,366,678,456,0.244,0.350574712643678,0,0.445255474452555,0.350574712643678,0.392282958199357,"rf_probs",0,110,234,146,0.224489795918367,0.319767441860465,0,0.4296875,0.319767441860465,0.366666666666667,"rf_probs",0,256,444,310,0.253465346534653,0.365714285714286,0,0.452296819787986,0.365714285714286,0.404423380726698
2000,1000,80,0.3,0.05,"a",FALSE,0.5,0,477,"23, 2, 40, 59","rf_class",435,1000,44,21,0.956666666666667,0.957854406130268,0.953947368421053,0.979431929480901,0.957854406130268,0.968523002421307,"rf_class",142,328,16,4,0.959183673469388,0.953488372093023,0.972602739726027,0.987951807228916,0.953488372093023,0.970414201183432,"rf_class",293,672,28,17,0.955445544554455,0.96,0.945161290322581,0.975326560232221,0.96,0.967602591792657
2000,1000,80,0.3,0.05,"a",FALSE,0.5,0,478,"39, 80, 66, 33","IRT",437,1012,47,4,0.966,0.95561850802644,0.990929705215419,0.996062992125984,0.95561850802644,0.975421686746988,"IRT",145,335,13,1,0.97165991902834,0.96264367816092,0.993150684931507,0.99702380952381,0.96264367816092,0.97953216374269,"IRT",292,677,34,3,0.963220675944334,0.952180028129395,0.989830508474576,0.995588235294118,0.952180028129395,0.973400431344357
2000,1000,80,0.3,0.05,"a",FALSE,0.5,0,478,"39, 80, 66, 33","rf_probs",0,394,665,441,0.262666666666667,0.37204910292729,0,0.47185628742515,0.37204910292729,0.416050686378036,"rf_probs",0,121,227,146,0.244939271255061,0.347701149425287,0,0.453183520599251,0.347701149425287,0.39349593495935,"rf_probs",0,273,438,295,0.271371769383698,0.383966244725738,0,0.480633802816901,0.383966244725738,0.426896012509773
2000,1000,80,0.3,0.05,"a",FALSE,0.5,0,478,"39, 80, 66, 33","rf_class",429,1017,42,12,0.964,0.960339943342776,0.972789115646258,0.988338192419825,0.960339943342776,0.974137931034483,"rf_class",142,334,14,4,0.963562753036437,0.959770114942529,0.972602739726027,0.988165680473373,0.959770114942529,0.973760932944606,"rf_class",287,683,28,8,0.964214711729622,0.960618846694796,0.972881355932203,0.988422575976845,0.960618846694796,0.97432239657632
2000,1000,80,0.3,0.05,"a",FALSE,0.5,0,479,"7, 77, 53, 75","IRT",440,997,57,6,0.958,0.945920303605313,0.986547085201794,0.994017946161516,0.945920303605313,0.969372873116189,"IRT",141,343,19,3,0.956521739130435,0.947513812154696,0.979166666666667,0.991329479768786,0.947513812154696,0.968926553672316,"IRT",299,654,38,3,0.958752515090543,0.945086705202312,0.990066225165563,0.995433789954338,0.945086705202312,0.969607116382506
2000,1000,80,0.3,0.05,"a",FALSE,0.5,0,479,"7, 77, 53, 75","rf_probs",0,404,650,446,0.269333333333333,0.383301707779886,0,0.475294117647059,0.383301707779886,0.42436974789916,"rf_probs",0,143,219,144,0.282608695652174,0.395027624309392,0,0.498257839721254,0.395027624309392,0.440677966101695,"rf_probs",0,261,431,302,0.262575452716298,0.377167630057803,0,0.463587921847247,0.377167630057803,0.41593625498008
2000,1000,80,0.3,0.05,"a",FALSE,0.5,0,479,"7, 77, 53, 75","rf_class",430,1007,47,16,0.958,0.955407969639469,0.964125560538117,0.98435972629521,0.955407969639469,0.969667790081849,"rf_class",139,349,13,5,0.964426877470356,0.964088397790055,0.965277777777778,0.985875706214689,0.964088397790055,0.974860335195531,"rf_class",291,658,34,11,0.954728370221328,0.950867052023121,0.963576158940397,0.98355754857997,0.950867052023121,0.966936076414401
2000,1000,80,0.3,0.05,"a",FALSE,0.5,0,480,"29, 55, 28, 58","IRT",440,1011,29,20,0.967333333333333,0.972115384615385,0.956521739130435,0.980601357904947,0.972115384615385,0.976339932399807,"IRT",149,343,15,4,0.962818003913894,0.958100558659218,0.973856209150327,0.988472622478386,0.958100558659218,0.973049645390071,"IRT",291,668,14,16,0.969666329625885,0.979472140762463,0.947882736156352,0.976608187134503,0.979472140762463,0.978038067349927
2000,1000,80,0.3,0.05,"a",FALSE,0.5,0,480,"29, 55, 28, 58","rf_probs",0,347,693,460,0.231333333333333,0.333653846153846,0,0.42998760842627,0.333653846153846,0.375744450460206,"rf_probs",0,125,233,153,0.244618395303327,0.349162011173184,0,0.449640287769784,0.349162011173184,0.393081761006289,"rf_probs",0,222,460,307,0.224469160768453,0.325513196480938,0,0.419659735349716,0.325513196480938,0.366639141205615
2000,1000,80,0.3,0.05,"a",FALSE,0.5,0,480,"29, 55, 28, 58","rf_class",436,1016,24,24,0.968,0.976923076923077,0.947826086956522,0.976923076923077,0.976923076923077,0.976923076923077,"rf_class",144,350,8,9,0.966731898238748,0.977653631284916,0.941176470588235,0.974930362116992,0.977653631284916,0.97629009762901,"rf_class",292,666,16,15,0.968655207280081,0.976539589442815,0.95114006514658,0.977973568281938,0.976539589442815,0.977256052824652
2000,1000,80,0.3,0.05,"a",FALSE,0.5,0,481,"59, 47, 63, 49","IRT",414,1034,36,16,0.965333333333333,0.966355140186916,0.962790697674419,0.984761904761905,0.966355140186916,0.975471698113208,"IRT",135,341,10,6,0.967479674796748,0.971509971509972,0.957446808510638,0.982708933717579,0.971509971509972,0.977077363896848,"IRT",279,693,26,10,0.964285714285714,0.963838664812239,0.965397923875433,0.985775248933144,0.963838664812239,0.974683544303798
2000,1000,80,0.3,0.05,"a",FALSE,0.5,0,481,"59, 47, 63, 49","rf_probs",0,362,708,430,0.241333333333333,0.338317757009346,0,0.457070707070707,0.338317757009346,0.388829215896885,"rf_probs",0,121,230,141,0.245934959349594,0.344729344729345,0,0.461832061068702,0.344729344729345,0.394779771615008,"rf_probs",0,241,478,289,0.239087301587302,0.33518776077886,0,0.454716981132075,0.33518776077886,0.385908726981585
2000,1000,80,0.3,0.05,"a",FALSE,0.5,0,481,"59, 47, 63, 49","rf_class",414,1029,41,16,0.962,0.961682242990654,0.962790697674419,0.984688995215311,0.961682242990654,0.973049645390071,"rf_class",136,336,15,5,0.959349593495935,0.957264957264957,0.964539007092199,0.98533724340176,0.957264957264957,0.971098265895954,"rf_class",278,693,26,11,0.963293650793651,0.963838664812239,0.961937716262976,0.984375,0.963838664812239,0.973998594518623
2000,1000,80,0.3,0.05,"a",FALSE,0.5,0,482,"25, 57, 63, 52","IRT",450,1000,41,9,0.966666666666667,0.960614793467819,0.980392156862745,0.991080277502478,0.960614793467819,0.975609756097561,"IRT",143,346,14,1,0.970238095238095,0.961111111111111,0.993055555555556,0.997118155619596,0.961111111111111,0.978783592644979,"IRT",307,654,27,8,0.964859437751004,0.960352422907489,0.974603174603175,0.987915407854985,0.960352422907489,0.973938942665674
2000,1000,80,0.3,0.05,"a",FALSE,0.5,0,482,"25, 57, 63, 52","rf_probs",0,350,691,459,0.233333333333333,0.336215177713737,0,0.432632880098888,0.336215177713737,0.378378378378378,"rf_probs",0,126,234,144,0.25,0.35,0,0.466666666666667,0.35,0.4,"rf_probs",0,224,457,315,0.224899598393574,0.328928046989721,0,0.415584415584416,0.328928046989721,0.367213114754098
2000,1000,80,0.3,0.05,"a",FALSE,0.5,0,482,"25, 57, 63, 52","rf_class",442,1011,30,17,0.968666666666667,0.971181556195965,0.962962962962963,0.983463035019455,0.971181556195965,0.977283711938134,"rf_class",139,353,7,5,0.976190476190476,0.980555555555556,0.965277777777778,0.986033519553073,0.980555555555556,0.983286908077994,"rf_class",303,658,23,12,0.964859437751004,0.966226138032305,0.961904761904762,0.982089552238806,0.966226138032305,0.974093264248705
2000,1000,80,0.3,0.05,"a",FALSE,0.5,0,483,"30, 20, 43, 67","IRT",450,1005,33,12,0.97,0.968208092485549,0.974025974025974,0.988200589970501,0.968208092485549,0.978102189781022,"IRT",153,332,13,6,0.962301587301587,0.96231884057971,0.962264150943396,0.982248520710059,0.96231884057971,0.972181551976574,"IRT",297,673,20,6,0.973895582329317,0.971139971139971,0.98019801980198,0.991163475699558,0.971139971139971,0.981049562682216
2000,1000,80,0.3,0.05,"a",FALSE,0.5,0,483,"30, 20, 43, 67","rf_probs",0,331,707,462,0.220666666666667,0.31888246628131,0,0.417402269861286,0.31888246628131,0.361551064991808,"rf_probs",0,107,238,159,0.212301587301587,0.310144927536232,0,0.402255639097744,0.310144927536232,0.350245499181669,"rf_probs",0,224,469,303,0.224899598393574,0.323232323232323,0,0.425047438330171,0.323232323232323,0.367213114754098
2000,1000,80,0.3,0.05,"a",FALSE,0.5,0,483,"30, 20, 43, 67","rf_class",440,1011,27,22,0.967333333333333,0.973988439306358,0.952380952380952,0.978702807357212,0.973988439306358,0.976339932399807,"rf_class",153,332,13,6,0.962301587301587,0.96231884057971,0.962264150943396,0.982248520710059,0.96231884057971,0.972181551976574,"rf_class",287,679,14,16,0.969879518072289,0.97979797979798,0.947194719471947,0.976978417266187,0.97979797979798,0.978386167146974
2000,1000,80,0.3,0.05,"a",FALSE,0.5,0,484,"55, 25, 70, 38","IRT",454,996,37,13,0.966666666666667,0.964181994191675,0.972162740899358,0.987115956392468,0.964181994191675,0.975514201762977,"IRT",153,318,8,4,0.975155279503106,0.975460122699387,0.974522292993631,0.987577639751553,0.975460122699387,0.981481481481482,"IRT",301,678,29,9,0.962635201573255,0.958981612446959,0.970967741935484,0.986899563318777,0.958981612446959,0.972740315638451
2000,1000,80,0.3,0.05,"a",FALSE,0.5,0,484,"55, 25, 70, 38","rf_probs",0,351,682,467,0.234,0.339787028073572,0,0.429095354523227,0.339787028073572,0.379254457050243,"rf_probs",0,102,224,157,0.211180124223602,0.312883435582822,0,0.393822393822394,0.312883435582822,0.348717948717949,"rf_probs",0,249,458,310,0.244837758112094,0.352192362093352,0,0.445438282647585,0.352192362093352,0.393364928909953
2000,1000,80,0.3,0.05,"a",FALSE,0.5,0,484,"55, 25, 70, 38","rf_class",445,996,37,22,0.960666666666667,0.964181994191675,0.952890792291221,0.978388998035363,0.964181994191675,0.971233544612384,"rf_class",151,318,8,6,0.971014492753623,0.975460122699387,0.961783439490446,0.981481481481482,0.975460122699387,0.978461538461538,"rf_class",294,678,29,16,0.955752212389381,0.958981612446959,0.948387096774194,0.976945244956772,0.958981612446959,0.967880085653105
2000,1000,80,0.3,0.05,"a",FALSE,0.5,0,485,"28, 4, 77, 11","IRT",430,1019,31,20,0.966,0.97047619047619,0.955555555555556,0.980750721847931,0.97047619047619,0.975586404978458,"IRT",135,349,10,6,0.968,0.972144846796657,0.957446808510638,0.983098591549296,0.972144846796657,0.977591036414566,"IRT",295,670,21,14,0.965,0.969609261939218,0.954692556634304,0.97953216374269,0.969609261939218,0.974545454545455
2000,1000,80,0.3,0.05,"a",FALSE,0.5,0,485,"28, 4, 77, 11","rf_probs",0,391,659,450,0.260666666666667,0.372380952380952,0,0.464922711058264,0.372380952380952,0.413537810682179,"rf_probs",0,129,230,141,0.258,0.35933147632312,0,0.477777777777778,0.35933147632312,0.410174880763116,"rf_probs",0,262,429,309,0.262,0.379160636758321,0,0.458844133099825,0.379160636758321,0.415213946117274
2000,1000,80,0.3,0.05,"a",FALSE,0.5,0,485,"28, 4, 77, 11","rf_class",416,1014,36,34,0.953333333333333,0.965714285714286,0.924444444444444,0.967557251908397,0.965714285714286,0.966634890371783,"rf_class",131,348,11,10,0.958,0.969359331476323,0.929078014184397,0.972067039106145,0.969359331476323,0.97071129707113,"rf_class",285,666,25,24,0.951,0.963820549927641,0.922330097087379,0.965217391304348,0.963820549927641,0.964518464880521
2000,1000,80,0.3,0.05,"a",FALSE,0.5,0,486,"9, 18, 31, 35","IRT",462,970,57,11,0.954666666666667,0.944498539435248,0.976744186046512,0.988786952089704,0.944498539435248,0.966135458167331,"IRT",151,313,23,5,0.943089430894309,0.931547619047619,0.967948717948718,0.984276729559748,0.931547619047619,0.957186544342507,"IRT",311,657,34,6,0.96031746031746,0.950795947901592,0.981072555205047,0.990950226244344,0.950795947901592,0.970457902511078
2000,1000,80,0.3,0.05,"a",FALSE,0.5,0,486,"9, 18, 31, 35","rf_probs",0,318,709,473,0.212,0.309639727361246,0,0.402022756005057,0.309639727361246,0.34983498349835,"rf_probs",0,112,224,156,0.227642276422764,0.333333333333333,0,0.417910447761194,0.333333333333333,0.370860927152318,"rf_probs",0,206,485,317,0.204365079365079,0.298118668596237,0,0.393881453154876,0.298118668596237,0.339373970345964
2000,1000,80,0.3,0.05,"a",FALSE,0.5,0,486,"9, 18, 31, 35","rf_class",441,991,36,32,0.954666666666667,0.964946445959104,0.932346723044397,0.96871945259042,0.964946445959104,0.966829268292683,"rf_class",149,319,17,7,0.951219512195122,0.949404761904762,0.955128205128205,0.978527607361963,0.949404761904762,0.963746223564955,"rf_class",292,672,19,25,0.956349206349206,0.972503617945007,0.921135646687697,0.964131994261119,0.972503617945007,0.968299711815562
2000,1000,80,0.3,0.05,"a",FALSE,0.5,0,487,"8, 26, 32, 10","IRT",437,1023,25,15,0.973333333333333,0.976145038167939,0.966814159292035,0.985549132947977,0.976145038167939,0.980824544582934,"IRT",141,334,9,6,0.969387755102041,0.973760932944606,0.959183673469388,0.982352941176471,0.973760932944606,0.978038067349927,"IRT",296,689,16,9,0.975247524752475,0.977304964539007,0.970491803278689,0.987106017191977,0.977304964539007,0.982181040627227
2000,1000,80,0.3,0.05,"a",FALSE,0.5,0,487,"8, 26, 32, 10","rf_probs",0,365,683,452,0.243333333333333,0.348282442748092,0,0.446756425948592,0.348282442748092,0.39142091152815,"rf_probs",0,110,233,147,0.224489795918367,0.32069970845481,0,0.428015564202335,0.32069970845481,0.366666666666667,"rf_probs",0,255,450,305,0.252475247524752,0.361702127659574,0,0.455357142857143,0.361702127659574,0.403162055335968
2000,1000,80,0.3,0.05,"a",FALSE,0.5,0,487,"8, 26, 32, 10","rf_class",433,1018,30,19,0.967333333333333,0.971374045801527,0.957964601769911,0.981677917068467,0.971374045801527,0.976498800959233,"rf_class",141,331,12,6,0.963265306122449,0.965014577259475,0.959183673469388,0.982195845697329,0.965014577259475,0.973529411764706,"rf_class",292,687,18,13,0.969306930693069,0.974468085106383,0.957377049180328,0.981428571428571,0.974468085106383,0.977935943060498
2000,1000,80,0.3,0.05,"a",FALSE,0.5,0,488,"76, 44, 4, 78","IRT",439,1011,38,12,0.966666666666667,0.963775023832221,0.973392461197339,0.988269794721408,0.963775023832221,0.975868725868726,"IRT",160,337,12,4,0.968810916179337,0.965616045845272,0.975609756097561,0.988269794721408,0.965616045845272,0.976811594202899,"IRT",279,674,26,8,0.965552178318136,0.962857142857143,0.97212543554007,0.988269794721408,0.962857142857143,0.975397973950796
2000,1000,80,0.3,0.05,"a",FALSE,0.5,0,488,"76, 44, 4, 78","rf_probs",0,328,721,451,0.218666666666667,0.312678741658723,0,0.421052631578947,0.312678741658723,0.358862144420131,"rf_probs",0,118,231,164,0.230019493177388,0.33810888252149,0,0.418439716312057,0.33810888252149,0.374009508716323,"rf_probs",0,210,490,287,0.212765957446809,0.3,0,0.422535211267606,0.3,0.350877192982456
2000,1000,80,0.3,0.05,"a",FALSE,0.5,0,488,"76, 44, 4, 78","rf_class",430,1013,36,21,0.962,0.965681601525262,0.953436807095344,0.979690522243714,0.965681601525262,0.972635621699472,"rf_class",156,338,11,8,0.962962962962963,0.968481375358166,0.951219512195122,0.976878612716763,0.968481375358166,0.972661870503597,"rf_class",274,675,25,13,0.961499493414387,0.964285714285714,0.954703832752613,0.981104651162791,0.964285714285714,0.972622478386167
2000,1000,80,0.3,0.05,"a",FALSE,0.5,0,489,"29, 35, 32, 12","IRT",426,1009,50,15,0.956666666666667,0.952785646836638,0.965986394557823,0.9853515625,0.952785646836638,0.968795007201152,"IRT",151,311,20,4,0.950617283950617,0.939577039274924,0.974193548387097,0.987301587301587,0.939577039274924,0.962848297213622,"IRT",275,698,30,11,0.95956607495069,0.958791208791209,0.961538461538462,0.984485190409027,0.958791208791209,0.971468336812805
2000,1000,80,0.3,0.05,"a",FALSE,0.5,0,489,"29, 35, 32, 12","rf_probs",0,337,722,441,0.224666666666667,0.318224740321058,0,0.433161953727506,0.318224740321058,0.366902558519325,"rf_probs",0,96,235,155,0.197530864197531,0.290030211480363,0,0.382470119521912,0.290030211480363,0.329896907216495,"rf_probs",0,241,487,286,0.23767258382643,0.331043956043956,0,0.4573055028463,0.331043956043956,0.38406374501992
2000,1000,80,0.3,0.05,"a",FALSE,0.5,0,489,"29, 35, 32, 12","rf_class",416,1015,44,25,0.954,0.958451369216242,0.943310657596372,0.975961538461538,0.958451369216242,0.967127203430205,"rf_class",149,310,21,6,0.944444444444444,0.936555891238671,0.961290322580645,0.981012658227848,0.936555891238671,0.958268933539413,"rf_class",267,705,23,19,0.958579881656805,0.968406593406593,0.933566433566434,0.973756906077348,0.968406593406593,0.971074380165289
2000,1000,80,0.3,0.05,"a",FALSE,0.5,0,490,"74, 52, 37, 46","IRT",420,1024,33,23,0.962666666666667,0.968779564806055,0.948081264108352,0.978032473734479,0.968779564806055,0.973384030418251,"IRT",146,326,13,10,0.953535353535354,0.96165191740413,0.935897435897436,0.970238095238095,0.96165191740413,0.965925925925926,"IRT",274,698,20,13,0.967164179104478,0.972144846796657,0.954703832752613,0.981715893108298,0.972144846796657,0.976906927921623
2000,1000,80,0.3,0.05,"a",FALSE,0.5,0,490,"74, 52, 37, 46","rf_probs",0,408,649,443,0.272,0.385998107852413,0,0.479435957696827,0.385998107852413,0.427672955974843,"rf_probs",0,124,215,156,0.250505050505051,0.365781710914454,0,0.442857142857143,0.365781710914454,0.40064620355412,"rf_probs",0,284,434,287,0.282587064676617,0.395543175487465,0,0.497373029772329,0.395543175487465,0.440651667959659
2000,1000,80,0.3,0.05,"a",FALSE,0.5,0,490,"74, 52, 37, 46","rf_class",430,1007,50,13,0.958,0.952696310312204,0.970654627539503,0.987254901960784,0.952696310312204,0.969667790081849,"rf_class",148,324,15,8,0.953535353535354,0.955752212389381,0.948717948717949,0.975903614457831,0.955752212389381,0.965722801788376,"rf_class",282,683,35,5,0.960199004975124,0.95125348189415,0.982578397212544,0.992732558139535,0.95125348189415,0.971550497866287
2000,1000,80,0.3,0.05,"a",FALSE,0.5,0,491,"36, 10, 80, 28","IRT",432,999,65,4,0.954,0.93890977443609,0.990825688073395,0.996011964107677,0.93890977443609,0.966618287373004,"IRT",138,328,24,2,0.947154471544715,0.931818181818182,0.985714285714286,0.993939393939394,0.931818181818182,0.961876832844575,"IRT",294,671,41,2,0.95734126984127,0.942415730337079,0.993243243243243,0.99702823179792,0.942415730337079,0.968953068592058
2000,1000,80,0.3,0.05,"a",FALSE,0.5,0,491,"36, 10, 80, 28","rf_probs",0,379,685,436,0.252666666666667,0.356203007518797,0,0.465030674846626,0.356203007518797,0.403406067056945,"rf_probs",0,124,228,140,0.252032520325203,0.352272727272727,0,0.46969696969697,0.352272727272727,0.402597402597403,"rf_probs",0,255,457,296,0.25297619047619,0.35814606741573,0,0.462794918330309,0.35814606741573,0.403800475059382
2000,1000,80,0.3,0.05,"a",FALSE,0.5,0,491,"36, 10, 80, 28","rf_class",420,998,66,16,0.945333333333333,0.93796992481203,0.963302752293578,0.98422090729783,0.93796992481203,0.960538979788258,"rf_class",134,328,24,6,0.939024390243902,0.931818181818182,0.957142857142857,0.982035928143713,0.931818181818182,0.956268221574344,"rf_class",286,670,42,10,0.948412698412698,0.941011235955056,0.966216216216216,0.985294117647059,0.941011235955056,0.96264367816092
2000,1000,80,0.3,0.05,"a",FALSE,0.5,0,492,"41, 8, 78, 27","IRT",430,1014,35,21,0.962666666666667,0.966634890371783,0.953436807095344,0.979710144927536,0.966634890371783,0.973128598848369,"IRT",157,348,13,7,0.961904761904762,0.96398891966759,0.957317073170732,0.980281690140845,0.96398891966759,0.972067039106145,"IRT",273,666,22,14,0.963076923076923,0.968023255813954,0.951219512195122,0.979411764705882,0.968023255813954,0.973684210526316
2000,1000,80,0.3,0.05,"a",FALSE,0.5,0,492,"41, 8, 78, 27","rf_probs",0,335,714,451,0.223333333333333,0.319351763584366,0,0.426208651399491,0.319351763584366,0.365122615803815,"rf_probs",0,115,246,164,0.219047619047619,0.318559556786704,0,0.412186379928315,0.318559556786704,0.359375,"rf_probs",0,220,468,287,0.225641025641026,0.319767441860465,0,0.433925049309665,0.319767441860465,0.368200836820084
2000,1000,80,0.3,0.05,"a",FALSE,0.5,0,492,"41, 8, 78, 27","rf_class",421,1009,40,30,0.953333333333333,0.96186844613918,0.933481152993348,0.971126082771896,0.96186844613918,0.966475095785441,"rf_class",153,340,21,11,0.939047619047619,0.941828254847645,0.932926829268293,0.968660968660969,0.941828254847645,0.955056179775281,"rf_class",268,669,19,19,0.961025641025641,0.972383720930233,0.933797909407665,0.972383720930233,0.972383720930233,0.972383720930233
2000,1000,80,0.3,0.05,"a",FALSE,0.5,0,493,"70, 4, 64, 9","IRT",432,1020,36,12,0.968,0.965909090909091,0.972972972972973,0.988372093023256,0.965909090909091,0.977011494252874,"IRT",142,350,11,3,0.972332015810277,0.969529085872576,0.979310344827586,0.991501416430595,0.969529085872576,0.980392156862745,"IRT",290,670,25,9,0.96579476861167,0.964028776978417,0.969899665551839,0.986745213549337,0.964028776978417,0.975254730713246
2000,1000,80,0.3,0.05,"a",FALSE,0.5,0,493,"70, 4, 64, 9","rf_probs",0,357,699,444,0.238,0.338068181818182,0,0.445692883895131,0.338068181818182,0.384491114701131,"rf_probs",0,119,242,145,0.235177865612648,0.329639889196676,0,0.450757575757576,0.329639889196676,0.3808,"rf_probs",0,238,457,299,0.23943661971831,0.342446043165468,0,0.443202979515829,0.342446043165468,0.386363636363636
2000,1000,80,0.3,0.05,"a",FALSE,0.5,0,493,"70, 4, 64, 9","rf_class",427,1018,38,17,0.963333333333333,0.964015151515151,0.961711711711712,0.983574879227053,0.964015151515151,0.973696795791487,"rf_class",142,348,13,3,0.968379446640316,0.96398891966759,0.979310344827586,0.991452991452991,0.96398891966759,0.97752808988764,"rf_class",285,670,25,14,0.960764587525151,0.964028776978417,0.953177257525084,0.97953216374269,0.964028776978417,0.971718636693256
2000,1000,80,0.3,0.05,"a",FALSE,0.5,0,494,"27, 68, 74, 9","IRT",444,975,72,9,0.946,0.931232091690544,0.980132450331126,0.990853658536585,0.931232091690544,0.960118168389956,"IRT",153,333,26,3,0.94368932038835,0.927576601671309,0.980769230769231,0.991071428571429,0.927576601671309,0.958273381294964,"IRT",291,642,46,6,0.947208121827411,0.933139534883721,0.97979797979798,0.990740740740741,0.933139534883721,0.961077844311377
2000,1000,80,0.3,0.05,"a",FALSE,0.5,0,494,"27, 68, 74, 9","rf_probs",0,358,689,453,0.238666666666667,0.341929321872015,0,0.441430332922318,0.341929321872015,0.385360602798708,"rf_probs",0,124,235,156,0.240776699029126,0.345403899721448,0,0.442857142857143,0.345403899721448,0.38810641627543,"rf_probs",0,234,454,297,0.23756345177665,0.340116279069767,0,0.440677966101695,0.340116279069767,0.383921246923708
2000,1000,80,0.3,0.05,"a",FALSE,0.5,0,494,"27, 68, 74, 9","rf_class",424,998,49,29,0.948,0.953199617956065,0.93598233995585,0.971762414800389,0.953199617956065,0.962391513982642,"rf_class",149,340,19,7,0.949514563106796,0.947075208913649,0.955128205128205,0.979827089337176,0.947075208913649,0.963172804532578,"rf_class",275,658,30,22,0.947208121827411,0.956395348837209,0.925925925925926,0.967647058823529,0.956395348837209,0.961988304093567
2000,1000,80,0.3,0.05,"a",FALSE,0.5,0,495,"44, 56, 13, 21","IRT",449,990,45,16,0.959333333333333,0.956521739130435,0.965591397849462,0.984095427435388,0.956521739130435,0.970112689857913,"IRT",144,334,14,4,0.963709677419355,0.959770114942529,0.972972972972973,0.988165680473373,0.959770114942529,0.973760932944606,"IRT",305,656,31,12,0.957171314741036,0.954876273653566,0.962145110410095,0.982035928143713,0.954876273653566,0.968265682656827
2000,1000,80,0.3,0.05,"a",FALSE,0.5,0,495,"44, 56, 13, 21","rf_probs",0,357,678,465,0.238,0.344927536231884,0,0.434306569343066,0.344927536231884,0.384491114701131,"rf_probs",0,115,233,148,0.231854838709677,0.330459770114943,0,0.437262357414449,0.330459770114943,0.376432078559738,"rf_probs",0,242,445,317,0.241035856573705,0.352256186317322,0,0.432915921288014,0.352256186317322,0.388443017656501
2000,1000,80,0.3,0.05,"a",FALSE,0.5,0,495,"44, 56, 13, 21","rf_class",433,998,37,32,0.954,0.964251207729469,0.931182795698925,0.968932038834951,0.964251207729469,0.966585956416465,"rf_class",141,334,14,7,0.957661290322581,0.959770114942529,0.952702702702703,0.979472140762463,0.959770114942529,0.969521044992743,"rf_class",292,664,23,25,0.952191235059761,0.966521106259097,0.921135646687697,0.963715529753266,0.966521106259097,0.965116279069767
2000,1000,80,0.3,0.05,"a",FALSE,0.5,0,496,"12, 65, 8, 51","IRT",426,1011,48,15,0.958,0.954674220963173,0.965986394557823,0.985380116959064,0.954674220963173,0.96978417266187,"IRT",142,322,20,3,0.952772073921971,0.941520467836257,0.979310344827586,0.990769230769231,0.941520467836257,0.96551724137931,"IRT",284,689,28,12,0.960513326752221,0.96094839609484,0.959459459459459,0.982881597717546,0.96094839609484,0.97179125528914
2000,1000,80,0.3,0.05,"a",FALSE,0.5,0,496,"12, 65, 8, 51","rf_probs",0,362,697,441,0.241333333333333,0.341831916902738,0,0.450809464508095,0.341831916902738,0.388829215896885,"rf_probs",0,128,214,145,0.262833675564682,0.374269005847953,0,0.468864468864469,0.374269005847953,0.416260162601626,"rf_probs",0,234,483,296,0.230997038499506,0.326359832635983,0,0.441509433962264,0.326359832635983,0.375300721732157
2000,1000,80,0.3,0.05,"a",FALSE,0.5,0,496,"12, 65, 8, 51","rf_class",421,1023,36,20,0.962666666666667,0.96600566572238,0.954648526077097,0.980824544582934,0.96600566572238,0.973358705994291,"rf_class",140,328,14,5,0.960985626283368,0.95906432748538,0.96551724137931,0.984984984984985,0.95906432748538,0.971851851851852,"rf_class",281,695,22,15,0.963474827245805,0.96931659693166,0.949324324324324,0.97887323943662,0.96931659693166,0.974071478626489
2000,1000,80,0.3,0.05,"a",FALSE,0.5,0,497,"50, 49, 29, 31","IRT",433,993,60,14,0.950666666666667,0.943019943019943,0.968680089485459,0.98609731876862,0.943019943019943,0.964077669902913,"IRT",135,336,14,3,0.965163934426229,0.96,0.978260869565217,0.991150442477876,0.96,0.975326560232221,"IRT",298,657,46,11,0.943675889328063,0.934566145092461,0.964401294498382,0.983532934131736,0.934566145092461,0.958424507658643
2000,1000,80,0.3,0.05,"a",FALSE,0.5,0,497,"50, 49, 29, 31","rf_probs",0,428,625,447,0.285333333333333,0.406457739791073,0,0.489142857142857,0.406457739791073,0.443983402489627,"rf_probs",0,147,203,138,0.301229508196721,0.42,0,0.515789473684211,0.42,0.462992125984252,"rf_probs",0,281,422,309,0.277667984189723,0.399715504978663,0,0.476271186440678,0.399715504978663,0.434648105181748
2000,1000,80,0.3,0.05,"a",FALSE,0.5,0,497,"50, 49, 29, 31","rf_class",430,1000,53,17,0.953333333333333,0.949667616334283,0.961968680089485,0.983284169124877,0.949667616334283,0.966183574879227,"rf_class",135,335,15,3,0.963114754098361,0.957142857142857,0.978260869565217,0.99112426035503,0.957142857142857,0.973837209302326,"rf_class",295,665,38,14,0.948616600790514,0.945945945945946,0.954692556634304,0.979381443298969,0.945945945945946,0.962373371924747
2000,1000,80,0.3,0.05,"a",FALSE,0.5,0,498,"31, 6, 21, 42","IRT",440,991,54,15,0.954,0.948325358851675,0.967032967032967,0.985089463220676,0.948325358851675,0.966357874207704,"IRT",135,334,17,5,0.955193482688391,0.951566951566952,0.964285714285714,0.985250737463127,0.951566951566952,0.968115942028986,"IRT",305,657,37,10,0.953419226957384,0.946685878962536,0.968253968253968,0.985007496251874,0.946685878962536,0.965466568699486
2000,1000,80,0.3,0.05,"a",FALSE,0.5,0,498,"31, 6, 21, 42","rf_probs",0,379,666,455,0.252666666666667,0.362679425837321,0,0.454436450839329,0.362679425837321,0.403406067056945,"rf_probs",0,118,233,140,0.240325865580448,0.336182336182336,0,0.457364341085271,0.336182336182336,0.38752052545156,"rf_probs",0,261,433,315,0.258671952428147,0.376080691642651,0,0.453125,0.376080691642651,0.411023622047244
2000,1000,80,0.3,0.05,"a",FALSE,0.5,0,498,"31, 6, 21, 42","rf_class",422,1024,21,33,0.964,0.979904306220096,0.927472527472528,0.968779564806055,0.979904306220096,0.974310180780209,"rf_class",131,344,7,9,0.967413441955194,0.98005698005698,0.935714285714286,0.974504249291785,0.98005698005698,0.977272727272727,"rf_class",291,680,14,24,0.962338949454906,0.979827089337176,0.923809523809524,0.965909090909091,0.979827089337176,0.972818311874106
2000,1000,80,0.3,0.05,"a",FALSE,0.5,0,499,"9, 22, 71, 49","IRT",445,1000,30,25,0.963333333333333,0.970873786407767,0.946808510638298,0.975609756097561,0.970873786407767,0.97323600973236,"IRT",116,346,10,11,0.956521739130435,0.971910112359551,0.913385826771654,0.969187675070028,0.971910112359551,0.97054698457223,"IRT",329,654,20,14,0.966568338249754,0.970326409495549,0.959183673469388,0.979041916167665,0.970326409495549,0.974664679582712
2000,1000,80,0.3,0.05,"a",FALSE,0.5,0,499,"9, 22, 71, 49","rf_probs",0,298,732,470,0.198666666666667,0.289320388349515,0,0.388020833333333,0.289320388349515,0.331479421579533,"rf_probs",0,100,256,127,0.20703933747412,0.280898876404494,0,0.440528634361233,0.280898876404494,0.343053173241852,"rf_probs",0,198,476,343,0.194690265486726,0.293768545994065,0,0.365988909426987,0.293768545994065,0.325925925925926
2000,1000,80,0.3,0.05,"a",FALSE,0.5,0,499,"9, 22, 71, 49","rf_class",434,1002,28,36,0.957333333333333,0.972815533980583,0.923404255319149,0.965317919075145,0.972815533980583,0.969052224371373,"rf_class",110,346,10,17,0.944099378881988,0.971910112359551,0.866141732283465,0.953168044077135,0.971910112359551,0.962447844228095,"rf_class",324,656,18,19,0.96361848574238,0.973293768545994,0.944606413994169,0.971851851851852,0.973293768545994,0.972572275759822
2000,1000,80,0.3,0.05,"a",FALSE,0.5,0,500,"3, 25, 6, 73","IRT",424,1014,44,18,0.958666666666667,0.958412098298677,0.959276018099548,0.982558139534884,0.958412098298677,0.970334928229665,"IRT",157,333,12,3,0.97029702970297,0.965217391304348,0.98125,0.991071428571429,0.965217391304348,0.977973568281938,"IRT",267,681,32,15,0.952763819095477,0.955119214586255,0.946808510638298,0.978448275862069,0.955119214586255,0.966643009226402
2000,1000,80,0.3,0.05,"a",FALSE,0.5,0,500,"3, 25, 6, 73","rf_probs",0,387,671,442,0.258,0.36578449905482,0,0.466827503015682,0.36578449905482,0.410174880763116,"rf_probs",0,129,216,160,0.255445544554455,0.373913043478261,0,0.44636678200692,0.373913043478261,0.406940063091483,"rf_probs",0,258,455,282,0.25929648241206,0.361851332398317,0,0.477777777777778,0.361851332398317,0.411811652035116
2000,1000,80,0.3,0.05,"a",FALSE,0.5,0,500,"3, 25, 6, 73","rf_class",418,1016,42,24,0.956,0.960302457466919,0.945701357466063,0.976923076923077,0.960302457466919,0.968541468064824,"rf_class",156,333,12,4,0.968316831683168,0.965217391304348,0.975,0.98813056379822,0.965217391304348,0.976539589442815,"rf_class",262,683,30,20,0.949748743718593,0.957924263674614,0.929078014184397,0.971550497866287,0.957924263674614,0.964689265536723
2000,1000,80,0.3,0.05,"a",FALSE,0.5,0,501,"9, 57, 53, 23","IRT",428,996,64,12,0.949333333333333,0.939622641509434,0.972727272727273,0.988095238095238,0.939622641509434,0.963249516441006,"IRT",145,321,21,5,0.947154471544715,0.93859649122807,0.966666666666667,0.984662576687117,0.93859649122807,0.961077844311377,"IRT",283,675,43,7,0.950396825396825,0.940111420612813,0.975862068965517,0.989736070381232,0.940111420612813,0.964285714285714
2000,1000,80,0.3,0.05,"a",FALSE,0.5,0,501,"9, 57, 53, 23","rf_probs",0,407,653,440,0.271333333333333,0.383962264150943,0,0.480519480519481,0.383962264150943,0.426848453067646,"rf_probs",0,131,211,150,0.266260162601626,0.383040935672515,0,0.466192170818505,0.383040935672515,0.420545746388443,"rf_probs",0,276,442,290,0.273809523809524,0.384401114206128,0,0.487632508833922,0.384401114206128,0.429906542056075
2000,1000,80,0.3,0.05,"a",FALSE,0.5,0,501,"9, 57, 53, 23","rf_class",418,1020,40,22,0.958666666666667,0.962264150943396,0.95,0.978886756238004,0.962264150943396,0.970504281636537,"rf_class",143,325,17,7,0.951219512195122,0.950292397660819,0.953333333333333,0.978915662650602,0.950292397660819,0.964391691394659,"rf_class",275,695,23,15,0.962301587301587,0.967966573816156,0.948275862068966,0.97887323943662,0.967966573816156,0.973389355742297
2000,1000,80,0.3,0.05,"a",FALSE,0.5,0,502,"74, 65, 39, 25","IRT",442,995,51,12,0.958,0.951242829827916,0.973568281938326,0.988083416087388,0.951242829827916,0.969313200194837,"IRT",133,327,13,3,0.966386554621849,0.961764705882353,0.977941176470588,0.990909090909091,0.961764705882353,0.976119402985075,"IRT",309,668,38,9,0.9541015625,0.946175637393768,0.971698113207547,0.986706056129985,0.946175637393768,0.966015907447578
2000,1000,80,0.3,0.05,"a",FALSE,0.5,0,502,"74, 65, 39, 25","rf_probs",0,372,674,454,0.248,0.355640535372849,0,0.450363196125908,0.355640535372849,0.397435897435897,"rf_probs",0,106,234,136,0.222689075630252,0.311764705882353,0,0.43801652892562,0.311764705882353,0.36426116838488,"rf_probs",0,266,440,318,0.259765625,0.376770538243626,0,0.455479452054795,0.376770538243626,0.412403100775194
2000,1000,80,0.3,0.05,"a",FALSE,0.5,0,502,"74, 65, 39, 25","rf_class",428,1005,41,26,0.955333333333333,0.960803059273423,0.94273127753304,0.974781765276431,0.960803059273423,0.967741935483871,"rf_class",133,329,11,3,0.970588235294118,0.967647058823529,0.977941176470588,0.990963855421687,0.967647058823529,0.979166666666667,"rf_class",295,676,30,23,0.9482421875,0.957507082152975,0.927672955974843,0.967095851216023,0.957507082152975,0.962277580071174
2000,1000,80,0.3,0.05,"a",FALSE,0.5,0,503,"56, 29, 55, 32","IRT",432,1004,58,6,0.957333333333333,0.945386064030132,0.986301369863014,0.994059405940594,0.945386064030132,0.969111969111969,"IRT",159,339,11,2,0.974559686888454,0.968571428571429,0.987577639751553,0.994134897360704,0.968571428571429,0.981186685962373,"IRT",273,665,47,4,0.948432760364004,0.933988764044944,0.985559566787004,0.994020926756353,0.933988764044944,0.963070238957277
2000,1000,80,0.3,0.05,"a",FALSE,0.5,0,503,"56, 29, 55, 32","rf_probs",0,360,702,438,0.24,0.338983050847458,0,0.451127819548872,0.338983050847458,0.387096774193548,"rf_probs",0,114,236,161,0.223091976516634,0.325714285714286,0,0.414545454545455,0.325714285714286,0.3648,"rf_probs",0,246,466,277,0.248736097067745,0.345505617977528,0,0.470363288718929,0.345505617977528,0.398380566801619
2000,1000,80,0.3,0.05,"a",FALSE,0.5,0,503,"56, 29, 55, 32","rf_class",419,1025,37,19,0.962666666666667,0.965160075329567,0.95662100456621,0.981800766283525,0.965160075329567,0.97340930674264,"rf_class",155,341,9,6,0.970645792563601,0.974285714285714,0.962732919254658,0.982708933717579,0.974285714285714,0.978479196556671,"rf_class",264,684,28,13,0.958543983822042,0.960674157303371,0.953068592057762,0.981348637015782,0.960674157303371,0.970901348474095
2000,1000,80,0.3,0.05,"a",FALSE,0.5,0,504,"64, 59, 25, 78","IRT",430,1018,37,15,0.965333333333333,0.964928909952607,0.966292134831461,0.985479186834463,0.964928909952607,0.975095785440613,"IRT",145,332,14,5,0.961693548387097,0.959537572254335,0.966666666666667,0.985163204747775,0.959537572254335,0.972181551976574,"IRT",285,686,23,10,0.967131474103586,0.967559943582511,0.966101694915254,0.985632183908046,0.967559943582511,0.976512455516014
2000,1000,80,0.3,0.05,"a",FALSE,0.5,0,504,"64, 59, 25, 78","rf_probs",0,349,706,445,0.232666666666667,0.330805687203791,0,0.439546599496222,0.330805687203791,0.377501352082207,"rf_probs",0,105,241,150,0.211693548387097,0.303468208092486,0,0.411764705882353,0.303468208092486,0.349417637271215,"rf_probs",0,244,465,295,0.243027888446215,0.344146685472496,0,0.452690166975881,0.344146685472496,0.391025641025641
2000,1000,80,0.3,0.05,"a",FALSE,0.5,0,504,"64, 59, 25, 78","rf_class",420,1021,34,25,0.960666666666667,0.967772511848341,0.943820224719101,0.976099426386233,0.967772511848341,0.971918134221799,"rf_class",143,334,12,7,0.961693548387097,0.965317919075145,0.953333333333333,0.979472140762463,0.965317919075145,0.972343522561863,"rf_class",277,687,22,18,0.960159362549801,0.968970380818054,0.938983050847458,0.974468085106383,0.968970380818054,0.971711456859972
2000,1000,80,0.3,0.05,"a",FALSE,0.5,0,505,"58, 39, 63, 62","IRT",432,1010,42,16,0.961333333333333,0.960076045627376,0.964285714285714,0.984405458089669,0.960076045627376,0.9720885466795,"IRT",137,338,3,6,0.981404958677686,0.991202346041056,0.958041958041958,0.982558139534884,0.991202346041056,0.986861313868613,"IRT",295,672,39,10,0.951771653543307,0.945147679324895,0.967213114754098,0.98533724340176,0.945147679324895,0.964824120603015
2000,1000,80,0.3,0.05,"a",FALSE,0.5,0,505,"58, 39, 63, 62","rf_probs",0,352,700,448,0.234666666666667,0.334600760456274,0,0.44,0.334600760456274,0.380129589632829,"rf_probs",0,99,242,143,0.204545454545455,0.290322580645161,0,0.409090909090909,0.290322580645161,0.339622641509434,"rf_probs",0,253,458,305,0.249015748031496,0.355836849507736,0,0.453405017921147,0.355836849507736,0.398739164696611
2000,1000,80,0.3,0.05,"a",FALSE,0.5,0,505,"58, 39, 63, 62","rf_class",423,1021,31,25,0.962666666666667,0.970532319391635,0.944196428571429,0.976099426386233,0.970532319391635,0.973307912297426,"rf_class",137,337,4,6,0.979338842975207,0.988269794721408,0.958041958041958,0.982507288629738,0.988269794721408,0.985380116959064,"rf_class",286,684,27,19,0.954724409448819,0.962025316455696,0.937704918032787,0.972972972972973,0.962025316455696,0.967468175388967
2000,1000,80,0.3,0.05,"a",FALSE,0.5,0,506,"15, 29, 69, 74","IRT",447,1004,40,9,0.967333333333333,0.961685823754789,0.980263157894737,0.99111549851925,0.961685823754789,0.976178901312591,"IRT",147,333,16,2,0.963855421686747,0.954154727793696,0.986577181208054,0.994029850746269,0.954154727793696,0.973684210526316,"IRT",300,671,24,7,0.969061876247505,0.965467625899281,0.977198697068404,0.989675516224189,0.965467625899281,0.977421704297159
2000,1000,80,0.3,0.05,"a",FALSE,0.5,0,506,"15, 29, 69, 74","rf_probs",0,373,671,456,0.248666666666667,0.35727969348659,0,0.449939686369119,0.35727969348659,0.398291510945008,"rf_probs",0,132,217,149,0.265060240963855,0.378223495702006,0,0.469750889679715,0.378223495702006,0.419047619047619,"rf_probs",0,241,454,307,0.240518962075848,0.346762589928058,0,0.43978102189781,0.346762589928058,0.387771520514883
2000,1000,80,0.3,0.05,"a",FALSE,0.5,0,506,"15, 29, 69, 74","rf_class",439,1006,38,17,0.963333333333333,0.96360153256705,0.962719298245614,0.983382209188661,0.96360153256705,0.973391388485728,"rf_class",144,338,11,5,0.967871485943775,0.968481375358166,0.966442953020134,0.985422740524781,0.968481375358166,0.976878612716763,"rf_class",295,668,27,12,0.961077844311377,0.961151079136691,0.960912052117264,0.982352941176471,0.961151079136691,0.971636363636364
2000,1000,80,0.3,0.05,"a",FALSE,0.5,0,507,"15, 55, 67, 10","IRT",441,995,48,16,0.957333333333333,0.953978906999041,0.964989059080963,0.984174085064293,0.953978906999041,0.968841285296982,"IRT",149,327,16,7,0.953907815631262,0.9533527696793,0.955128205128205,0.979041916167665,0.9533527696793,0.96602658788774,"IRT",292,668,32,9,0.959040959040959,0.954285714285714,0.970099667774086,0.986706056129985,0.954285714285714,0.970225127087872
2000,1000,80,0.3,0.05,"a",FALSE,0.5,0,507,"15, 55, 67, 10","rf_probs",0,384,659,457,0.256,0.36816874400767,0,0.456599286563615,0.36816874400767,0.407643312101911,"rf_probs",0,125,218,156,0.250501002004008,0.364431486880466,0,0.444839857651246,0.364431486880466,0.400641025641026,"rf_probs",0,259,441,301,0.258741258741259,0.37,0,0.4625,0.37,0.411111111111111
2000,1000,80,0.3,0.05,"a",FALSE,0.5,0,507,"15, 55, 67, 10","rf_class",433,1007,36,24,0.96,0.965484180249281,0.947483588621444,0.976721629485936,0.965484180249281,0.971070395371263,"rf_class",148,332,11,8,0.961923847695391,0.967930029154519,0.948717948717949,0.976470588235294,0.967930029154519,0.972181551976574,"rf_class",285,675,25,16,0.959040959040959,0.964285714285714,0.946843853820598,0.97684515195369,0.964285714285714,0.970524802300503
2000,1000,80,0.3,0.05,"a",FALSE,0.5,0,508,"56, 38, 6, 76","IRT",435,998,56,11,0.955333333333333,0.946869070208729,0.975336322869955,0.989098116947473,0.946869070208729,0.96752302472128,"IRT",151,321,16,4,0.959349593495935,0.952522255192878,0.974193548387097,0.987692307692308,0.952522255192878,0.969788519637462,"IRT",284,677,40,7,0.953373015873016,0.944211994421199,0.975945017182131,0.989766081871345,0.944211994421199,0.966452533904354
2000,1000,80,0.3,0.05,"a",FALSE,0.5,0,508,"56, 38, 6, 76","rf_probs",0,358,696,446,0.238666666666667,0.33965844402277,0,0.445273631840796,0.33965844402277,0.385360602798708,"rf_probs",0,116,221,155,0.235772357723577,0.344213649851632,0,0.428044280442804,0.344213649851632,0.381578947368421,"rf_probs",0,242,475,291,0.240079365079365,0.337517433751743,0,0.454033771106942,0.337517433751743,0.3872
2000,1000,80,0.3,0.05,"a",FALSE,0.5,0,508,"56, 38, 6, 76","rf_class",425,1004,50,21,0.952666666666667,0.952561669829222,0.952914798206278,0.979512195121951,0.952561669829222,0.965848965848966,"rf_class",147,323,14,8,0.955284552845528,0.958456973293769,0.948387096774194,0.97583081570997,0.958456973293769,0.967065868263473,"rf_class",278,681,36,13,0.951388888888889,0.949790794979079,0.9553264604811,0.981268011527378,0.949790794979079,0.965272856130404
2000,1000,80,0.3,0.05,"a",FALSE,0.5,0,509,"62, 7, 54, 58","IRT",451,998,31,20,0.966,0.969873663751215,0.957537154989384,0.980353634577603,0.969873663751215,0.975085490962384,"IRT",150,341,13,6,0.962745098039216,0.963276836158192,0.961538461538462,0.982708933717579,0.963276836158192,0.972895863052782,"IRT",301,657,18,14,0.967676767676768,0.973333333333333,0.955555555555556,0.979135618479881,0.973333333333333,0.976225854383358
2000,1000,80,0.3,0.05,"a",FALSE,0.5,0,509,"62, 7, 54, 58","rf_probs",0,362,667,471,0.241333333333333,0.351797862001944,0,0.434573829531813,0.351797862001944,0.388829215896885,"rf_probs",0,122,232,156,0.23921568627451,0.344632768361582,0,0.438848920863309,0.344632768361582,0.386075949367089,"rf_probs",0,240,435,315,0.242424242424242,0.355555555555556,0,0.432432432432432,0.355555555555556,0.390243902439024
2000,1000,80,0.3,0.05,"a",FALSE,0.5,0,509,"62, 7, 54, 58","rf_class",444,994,35,27,0.958666666666667,0.965986394557823,0.942675159235669,0.973555337904016,0.965986394557823,0.969756097560976,"rf_class",150,338,16,6,0.956862745098039,0.954802259887006,0.961538461538462,0.982558139534884,0.954802259887006,0.968481375358166,"rf_class",294,656,19,21,0.95959595959596,0.971851851851852,0.933333333333333,0.968980797636632,0.971851851851852,0.970414201183432
2000,1000,80,0.3,0.05,"a",FALSE,0.5,0,510,"2, 78, 5, 73","IRT",428,1014,39,19,0.961333333333333,0.962962962962963,0.957494407158837,0.981606969990319,0.962962962962963,0.972195589645254,"IRT",127,359,12,9,0.958579881656805,0.967654986522911,0.933823529411765,0.97554347826087,0.967654986522911,0.971583220568336,"IRT",301,655,27,10,0.962739174219537,0.960410557184751,0.967845659163987,0.984962406015038,0.960410557184751,0.97253155159614
2000,1000,80,0.3,0.05,"a",FALSE,0.5,0,510,"2, 78, 5, 73","rf_probs",0,332,721,447,0.221333333333333,0.315289648622982,0,0.426187419768935,0.315289648622982,0.362445414847162,"rf_probs",0,113,258,136,0.222879684418146,0.304582210242588,0,0.453815261044177,0.304582210242588,0.364516129032258,"rf_probs",0,219,463,311,0.220543806646526,0.321114369501466,0,0.413207547169811,0.321114369501466,0.361386138613861
2000,1000,80,0.3,0.05,"a",FALSE,0.5,0,510,"2, 78, 5, 73","rf_class",422,1014,39,25,0.957333333333333,0.962962962962963,0.94407158836689,0.975938402309913,0.962962962962963,0.969407265774378,"rf_class",127,361,10,9,0.962524654832347,0.973045822102426,0.933823529411765,0.975675675675676,0.973045822102426,0.974358974358974,"rf_class",295,653,29,16,0.954682779456193,0.957478005865103,0.948553054662379,0.976083707025411,0.957478005865103,0.966691339748335
2000,1000,80,0.3,0.05,"a",FALSE,0.5,0,511,"3, 23, 12, 63","IRT",439,1021,21,19,0.973333333333333,0.979846449136276,0.958515283842795,0.981730769230769,0.979846449136276,0.980787704130644,"IRT",149,337,10,6,0.968127490039841,0.971181556195965,0.961290322580645,0.982507288629738,0.971181556195965,0.976811594202899,"IRT",290,684,11,13,0.975951903807615,0.984172661870504,0.957095709570957,0.981348637015782,0.984172661870504,0.982758620689655
2000,1000,80,0.3,0.05,"a",FALSE,0.5,0,511,"3, 23, 12, 63","rf_probs",0,362,680,458,0.241333333333333,0.347408829174664,0,0.441463414634146,0.347408829174664,0.388829215896885,"rf_probs",0,131,216,155,0.260956175298805,0.377521613832853,0,0.458041958041958,0.377521613832853,0.41390205371248,"rf_probs",0,231,464,303,0.231462925851703,0.332374100719424,0,0.432584269662921,0.332374100719424,0.375915378356387
2000,1000,80,0.3,0.05,"a",FALSE,0.5,0,511,"3, 23, 12, 63","rf_class",438,1009,33,20,0.964666666666667,0.968330134357006,0.956331877729258,0.980563654033042,0.968330134357006,0.974408498309995,"rf_class",149,334,13,6,0.962151394422311,0.962536023054755,0.961290322580645,0.982352941176471,0.962536023054755,0.972343522561863,"rf_class",289,675,20,14,0.965931863727455,0.971223021582734,0.953795379537954,0.979680696661829,0.971223021582734,0.975433526011561
2000,1000,80,0.3,0.05,"a",FALSE,0.5,0,512,"26, 57, 55, 79","IRT",453,981,60,6,0.956,0.942363112391931,0.986928104575163,0.993920972644377,0.942363112391931,0.967455621301775,"IRT",153,327,20,4,0.952380952380952,0.942363112391931,0.974522292993631,0.987915407854985,0.942363112391931,0.964601769911504,"IRT",300,654,40,2,0.957831325301205,0.942363112391931,0.993377483443709,0.996951219512195,0.942363112391931,0.968888888888889
2000,1000,80,0.3,0.05,"a",FALSE,0.5,0,512,"26, 57, 55, 79","rf_probs",0,394,647,459,0.262666666666667,0.378482228626321,0,0.46189917936694,0.378482228626321,0.416050686378036,"rf_probs",0,137,210,157,0.271825396825397,0.394812680115274,0,0.465986394557823,0.394812680115274,0.427457098283931,"rf_probs",0,257,437,302,0.258032128514056,0.370317002881844,0,0.459749552772809,0.370317002881844,0.410215482841181
2000,1000,80,0.3,0.05,"a",FALSE,0.5,0,512,"26, 57, 55, 79","rf_class",448,993,48,11,0.960666666666667,0.953890489913545,0.9760348583878,0.989043824701195,0.953890489913545,0.971149144254279,"rf_class",153,332,15,4,0.962301587301587,0.956772334293948,0.974522292993631,0.988095238095238,0.956772334293948,0.972181551976574,"rf_class",295,661,33,7,0.959839357429719,0.952449567723343,0.97682119205298,0.989520958083832,0.952449567723343,0.970631424375918
2000,1000,80,0.3,0.05,"a",FALSE,0.5,0,513,"58, 8, 33, 32","IRT",435,999,50,16,0.956,0.952335557673975,0.964523281596452,0.98423645320197,0.952335557673975,0.968023255813953,"IRT",153,333,15,3,0.964285714285714,0.956896551724138,0.980769230769231,0.991071428571429,0.956896551724138,0.973684210526316,"IRT",282,666,35,13,0.951807228915663,0.950071326676177,0.955932203389831,0.980854197349043,0.950071326676177,0.965217391304348
2000,1000,80,0.3,0.05,"a",FALSE,0.5,0,513,"58, 8, 33, 32","rf_probs",0,337,712,451,0.224666666666667,0.321258341277407,0,0.427664974619289,0.321258341277407,0.366902558519325,"rf_probs",0,104,244,156,0.206349206349206,0.298850574712644,0,0.4,0.298850574712644,0.342105263157895,"rf_probs",0,233,468,295,0.233935742971888,0.332382310984308,0,0.441287878787879,0.332382310984308,0.379170056956876
2000,1000,80,0.3,0.05,"a",FALSE,0.5,0,513,"58, 8, 33, 32","rf_class",424,1002,47,27,0.950666666666667,0.955195424213537,0.940133037694013,0.973760932944606,0.955195424213537,0.964388835418672,"rf_class",149,334,14,7,0.958333333333333,0.959770114942529,0.955128205128205,0.979472140762463,0.959770114942529,0.969521044992743,"rf_class",275,668,33,20,0.946787148594378,0.952924393723253,0.932203389830508,0.970930232558139,0.952924393723253,0.961843052555796
2000,1000,80,0.3,0.05,"a",FALSE,0.5,0,514,"17, 5, 32, 49","IRT",428,1021,30,21,0.966,0.971455756422455,0.953229398663697,0.979846449136276,0.971455756422455,0.975633062589584,"IRT",144,328,12,8,0.959349593495935,0.964705882352941,0.947368421052632,0.976190476190476,0.964705882352941,0.970414201183432,"IRT",284,693,18,13,0.969246031746032,0.974683544303797,0.956228956228956,0.981586402266289,0.974683544303797,0.978122794636556
2000,1000,80,0.3,0.05,"a",FALSE,0.5,0,514,"17, 5, 32, 49","rf_probs",0,369,682,449,0.246,0.351094196003806,0,0.451100244498778,0.351094196003806,0.394863563402889,"rf_probs",0,128,212,152,0.260162601626016,0.376470588235294,0,0.457142857142857,0.376470588235294,0.412903225806452,"rf_probs",0,241,470,297,0.239087301587302,0.338959212376934,0,0.447955390334572,0.338959212376934,0.385908726981585
2000,1000,80,0.3,0.05,"a",FALSE,0.5,0,514,"17, 5, 32, 49","rf_class",422,1020,31,27,0.961333333333333,0.970504281636537,0.939866369710468,0.974212034383954,0.970504281636537,0.972354623450906,"rf_class",143,327,13,9,0.955284552845528,0.961764705882353,0.940789473684211,0.973214285714286,0.961764705882353,0.967455621301775,"rf_class",279,693,18,18,0.964285714285714,0.974683544303797,0.939393939393939,0.974683544303797,0.974683544303797,0.974683544303797
2000,1000,80,0.3,0.05,"a",FALSE,0.5,0,515,"51, 73, 40, 68","IRT",435,1015,35,15,0.966666666666667,0.966666666666667,0.966666666666667,0.985436893203884,0.966666666666667,0.975961538461539,"IRT",137,347,14,6,0.96031746031746,0.961218836565097,0.958041958041958,0.98300283286119,0.961218836565097,0.971988795518207,"IRT",298,668,21,9,0.969879518072289,0.969521044992743,0.970684039087948,0.986706056129985,0.969521044992743,0.978038067349927
2000,1000,80,0.3,0.05,"a",FALSE,0.5,0,515,"51, 73, 40, 68","rf_probs",0,337,713,450,0.224666666666667,0.320952380952381,0,0.428208386277001,0.320952380952381,0.366902558519325,"rf_probs",0,110,251,143,0.218253968253968,0.304709141274238,0,0.434782608695652,0.304709141274238,0.358306188925081,"rf_probs",0,227,462,307,0.227911646586345,0.329462989840348,0,0.425093632958801,0.329462989840348,0.371218315617334
2000,1000,80,0.3,0.05,"a",FALSE,0.5,0,515,"51, 73, 40, 68","rf_class",434,997,53,16,0.954,0.94952380952381,0.964444444444444,0.984205330700888,0.94952380952381,0.966553562772661,"rf_class",140,339,22,3,0.950396825396825,0.939058171745152,0.979020979020979,0.991228070175439,0.939058171745152,0.964438122332859,"rf_class",294,658,31,13,0.955823293172691,0.955007256894049,0.957654723127036,0.980625931445604,0.955007256894049,0.967647058823529
2000,1000,80,0.3,0.05,"a",FALSE,0.5,0,516,"26, 36, 9, 59","IRT",442,997,43,18,0.959333333333333,0.958653846153846,0.960869565217391,0.982266009852217,0.958653846153846,0.970316301703163,"IRT",163,313,11,2,0.973415132924335,0.966049382716049,0.987878787878788,0.993650793650794,0.966049382716049,0.979655712050078,"IRT",279,684,32,16,0.952522255192878,0.955307262569832,0.945762711864407,0.977142857142857,0.955307262569832,0.966101694915254
2000,1000,80,0.3,0.05,"a",FALSE,0.5,0,516,"26, 36, 9, 59","rf_probs",0,354,686,460,0.236,0.340384615384615,0,0.434889434889435,0.340384615384615,0.381877022653722,"rf_probs",0,112,212,165,0.229038854805726,0.345679012345679,0,0.404332129963899,0.345679012345679,0.372712146422629,"rf_probs",0,242,474,295,0.239366963402572,0.337988826815642,0,0.450651769087523,0.337988826815642,0.386272944932163
2000,1000,80,0.3,0.05,"a",FALSE,0.5,0,516,"26, 36, 9, 59","rf_class",440,998,42,20,0.958666666666667,0.959615384615385,0.956521739130435,0.980353634577603,0.959615384615385,0.969873663751215,"rf_class",161,310,14,4,0.96319018404908,0.95679012345679,0.975757575757576,0.987261146496815,0.95679012345679,0.971786833855799,"rf_class",279,688,28,16,0.956478733926805,0.960893854748603,0.945762711864407,0.977272727272727,0.960893854748603,0.969014084507042
2000,1000,80,0.3,0.05,"a",FALSE,0.5,0,517,"27, 13, 30, 60","IRT",449,996,39,16,0.963333333333333,0.96231884057971,0.965591397849462,0.984189723320158,0.96231884057971,0.973131411822179,"IRT",140,324,14,3,0.964656964656965,0.958579881656805,0.979020979020979,0.990825688073395,0.958579881656805,0.974436090225564,"IRT",309,672,25,13,0.962708537782139,0.964131994261119,0.959627329192547,0.981021897810219,0.964131994261119,0.972503617945007
2000,1000,80,0.3,0.05,"a",FALSE,0.5,0,517,"27, 13, 30, 60","rf_probs",0,390,645,465,0.26,0.376811594202899,0,0.456140350877193,0.376811594202899,0.412698412698413,"rf_probs",0,114,224,143,0.237006237006237,0.337278106508876,0,0.443579766536965,0.337278106508876,0.383193277310924,"rf_probs",0,276,421,322,0.270853778213935,0.395982783357245,0,0.461538461538462,0.395982783357245,0.426254826254826
2000,1000,80,0.3,0.05,"a",FALSE,0.5,0,517,"27, 13, 30, 60","rf_class",441,998,37,24,0.959333333333333,0.964251207729469,0.948387096774194,0.976516634050881,0.964251207729469,0.970345162858532,"rf_class",138,325,13,5,0.962577962577963,0.961538461538462,0.965034965034965,0.984848484848485,0.961538461538462,0.973053892215569,"rf_class",303,673,24,19,0.957801766437684,0.965566714490674,0.940993788819876,0.972543352601156,0.965566714490674,0.969042476601872
2000,1000,80,0.3,0.05,"a",FALSE,0.5,0,518,"47, 30, 43, 72","IRT",440,1000,46,14,0.96,0.956022944550669,0.969162995594714,0.986193293885602,0.956022944550669,0.970873786407767,"IRT",162,325,14,7,0.958661417322835,0.958702064896755,0.958579881656805,0.978915662650602,0.958702064896755,0.968703427719821,"IRT",278,675,32,7,0.960685483870968,0.954738330975955,0.975438596491228,0.989736070381232,0.954738330975955,0.971922246220302
2000,1000,80,0.3,0.05,"a",FALSE,0.5,0,518,"47, 30, 43, 72","rf_probs",0,326,720,454,0.217333333333333,0.311663479923518,0,0.417948717948718,0.311663479923518,0.357064622124863,"rf_probs",0,107,232,169,0.210629921259843,0.315634218289086,0,0.38768115942029,0.315634218289086,0.347967479674797,"rf_probs",0,219,488,285,0.220766129032258,0.30975954738331,0,0.43452380952381,0.30975954738331,0.36168455821635
2000,1000,80,0.3,0.05,"a",FALSE,0.5,0,518,"47, 30, 43, 72","rf_class",428,1004,42,26,0.954666666666667,0.959847036328872,0.94273127753304,0.974757281553398,0.959847036328872,0.967244701348748,"rf_class",157,331,8,12,0.960629921259842,0.976401179941003,0.928994082840237,0.965014577259475,0.976401179941003,0.970674486803519,"rf_class",271,673,34,14,0.951612903225806,0.951909476661952,0.950877192982456,0.97962154294032,0.951909476661952,0.965566714490674
2000,1000,80,0.3,0.05,"a",FALSE,0.5,0,519,"17, 64, 24, 71","IRT",438,1008,42,12,0.964,0.96,0.973333333333333,0.988235294117647,0.96,0.973913043478261,"IRT",144,353,12,1,0.974509803921569,0.967123287671233,0.993103448275862,0.997175141242938,0.967123287671233,0.98191933240612,"IRT",294,655,30,11,0.958585858585859,0.956204379562044,0.963934426229508,0.983483483483483,0.956204379562044,0.969652109548483
2000,1000,80,0.3,0.05,"a",FALSE,0.5,0,519,"17, 64, 24, 71","rf_probs",0,350,700,450,0.233333333333333,0.333333333333333,0,0.4375,0.333333333333333,0.378378378378378,"rf_probs",0,119,246,145,0.233333333333333,0.326027397260274,0,0.450757575757576,0.326027397260274,0.378378378378378,"rf_probs",0,231,454,305,0.233333333333333,0.337226277372263,0,0.430970149253731,0.337226277372263,0.378378378378378
2000,1000,80,0.3,0.05,"a",FALSE,0.5,0,519,"17, 64, 24, 71","rf_class",429,1010,40,21,0.959333333333333,0.961904761904762,0.953333333333333,0.979631425800194,0.961904761904762,0.970687169629986,"rf_class",139,355,10,6,0.968627450980392,0.972602739726027,0.958620689655172,0.983379501385042,0.972602739726027,0.977961432506887,"rf_class",290,655,30,15,0.954545454545455,0.956204379562044,0.950819672131147,0.977611940298508,0.956204379562044,0.966789667896679
2000,1000,80,0.3,0.05,"a",FALSE,0.5,0,520,"22, 30, 61, 44","IRT",454,979,64,3,0.955333333333333,0.938638542665388,0.993435448577681,0.996945010183299,0.938638542665388,0.966913580246914,"IRT",164,318,17,1,0.964,0.949253731343284,0.993939393939394,0.996865203761755,0.949253731343284,0.972477064220184,"IRT",290,661,47,2,0.951,0.93361581920904,0.993150684931507,0.996983408748115,0.93361581920904,0.964259664478483
2000,1000,80,0.3,0.05,"a",FALSE,0.5,0,520,"22, 30, 61, 44","rf_probs",0,319,724,457,0.212666666666667,0.305848513902205,0,0.411082474226804,0.305848513902205,0.350742166025289,"rf_probs",0,106,229,165,0.212,0.316417910447761,0,0.391143911439114,0.316417910447761,0.34983498349835,"rf_probs",0,213,495,292,0.213,0.300847457627119,0,0.421782178217822,0.300847457627119,0.351195383347073
2000,1000,80,0.3,0.05,"a",FALSE,0.5,0,520,"22, 30, 61, 44","rf_class",433,1009,34,24,0.961333333333333,0.967401725790987,0.947483588621444,0.97676669893514,0.967401725790987,0.972061657032755,"rf_class",157,327,8,8,0.968,0.976119402985075,0.951515151515152,0.976119402985075,0.976119402985075,0.976119402985075,"rf_class",276,682,26,16,0.958,0.963276836158192,0.945205479452055,0.977077363896848,0.963276836158192,0.970128022759602
2000,1000,80,0.3,0.05,"a",FALSE,0.5,0,521,"15, 2, 66, 55","IRT",417,1026,43,14,0.962,0.95977549111319,0.967517401392111,0.986538461538462,0.95977549111319,0.972972972972973,"IRT",146,357,13,4,0.967307692307692,0.964864864864865,0.973333333333333,0.988919667590028,0.964864864864865,0.976744186046512,"IRT",271,669,30,10,0.959183673469388,0.957081545064378,0.9644128113879,0.985272459499264,0.957081545064378,0.970972423802613
2000,1000,80,0.3,0.05,"a",FALSE,0.5,0,521,"15, 2, 66, 55","rf_probs",0,358,711,431,0.238666666666667,0.33489242282507,0,0.453738910012674,0.33489242282507,0.385360602798708,"rf_probs",0,119,251,150,0.228846153846154,0.321621621621622,0,0.442379182156134,0.321621621621622,0.37245696400626,"rf_probs",0,239,460,281,0.243877551020408,0.341917024320458,0,0.459615384615385,0.341917024320458,0.392124692370796
2000,1000,80,0.3,0.05,"a",FALSE,0.5,0,521,"15, 2, 66, 55","rf_class",407,1035,34,24,0.961333333333333,0.968194574368569,0.944315545243619,0.977337110481586,0.968194574368569,0.972744360902256,"rf_class",141,360,10,9,0.963461538461538,0.972972972972973,0.94,0.975609756097561,0.972972972972973,0.974289580514208,"rf_class",266,675,24,15,0.960204081632653,0.965665236051502,0.94661921708185,0.978260869565217,0.965665236051502,0.971922246220302
2000,1000,80,0.3,0.05,"a",FALSE,0.5,0,522,"66, 78, 32, 10","IRT",436,1015,34,15,0.967333333333333,0.967588179218303,0.966740576496674,0.985436893203884,0.967588179218303,0.976430976430976,"IRT",132,338,8,5,0.973084886128364,0.976878612716763,0.963503649635037,0.985422740524781,0.976878612716763,0.981132075471698,"IRT",304,677,26,10,0.964601769911504,0.963015647226173,0.968152866242038,0.985443959243086,0.963015647226173,0.97410071942446
2000,1000,80,0.3,0.05,"a",FALSE,0.5,0,522,"66, 78, 32, 10","rf_probs",0,334,715,451,0.222666666666667,0.318398474737846,0,0.425477707006369,0.318398474737846,0.36423118865867,"rf_probs",0,107,239,137,0.221532091097308,0.309248554913295,0,0.438524590163934,0.309248554913295,0.36271186440678,"rf_probs",0,227,476,314,0.223205506391347,0.322901849217639,0,0.419593345656192,0.322901849217639,0.364951768488746
2000,1000,80,0.3,0.05,"a",FALSE,0.5,0,522,"66, 78, 32, 10","rf_class",423,1010,39,28,0.955333333333333,0.962821734985701,0.937915742793792,0.973025048169557,0.962821734985701,0.967896502156205,"rf_class",130,333,13,7,0.958592132505176,0.96242774566474,0.948905109489051,0.979411764705882,0.96242774566474,0.970845481049563,"rf_class",293,677,26,21,0.953785644051131,0.963015647226173,0.93312101910828,0.969914040114613,0.963015647226173,0.966452533904354
2000,1000,80,0.3,0.05,"a",FALSE,0.5,0,523,"38, 5, 59, 67","IRT",429,1004,53,14,0.955333333333333,0.949858088930937,0.968397291196388,0.986247544204322,0.949858088930937,0.967710843373494,"IRT",147,335,15,4,0.962075848303393,0.957142857142857,0.973509933774834,0.988200589970501,0.957142857142857,0.972423802612482,"IRT",282,669,38,10,0.951951951951952,0.946251768033946,0.965753424657534,0.985272459499264,0.946251768033946,0.965367965367965
2000,1000,80,0.3,0.05,"a",FALSE,0.5,0,523,"38, 5, 59, 67","rf_probs",0,372,685,443,0.248,0.3519394512772,0,0.456441717791411,0.3519394512772,0.397435897435897,"rf_probs",0,117,233,151,0.233532934131737,0.334285714285714,0,0.436567164179104,0.334285714285714,0.378640776699029,"rf_probs",0,255,452,292,0.255255255255255,0.360678925035361,0,0.46617915904936,0.360678925035361,0.406698564593301
2000,1000,80,0.3,0.05,"a",FALSE,0.5,0,523,"38, 5, 59, 67","rf_class",419,1021,36,24,0.96,0.965941343424787,0.945823927765237,0.977033492822966,0.965941343424787,0.971455756422455,"rf_class",142,340,10,9,0.962075848303393,0.971428571428571,0.940397350993378,0.974212034383954,0.971428571428571,0.972818311874106,"rf_class",277,681,26,15,0.958958958958959,0.963224893917963,0.948630136986301,0.978448275862069,0.963224893917963,0.970776906628653
2000,1000,80,0.3,0.05,"a",FALSE,0.5,0,524,"43, 24, 45, 36","IRT",442,1012,34,12,0.969333333333333,0.967495219885277,0.973568281938326,0.98828125,0.967495219885277,0.977777777777778,"IRT",144,328,10,5,0.969199178644764,0.970414201183432,0.966442953020134,0.984984984984985,0.970414201183432,0.977645305514158,"IRT",298,684,24,7,0.969397828232971,0.966101694915254,0.977049180327869,0.98986975397974,0.966101694915254,0.977841315225161
2000,1000,80,0.3,0.05,"a",FALSE,0.5,0,524,"43, 24, 45, 36","rf_probs",0,361,685,454,0.240666666666667,0.345124282982792,0,0.442944785276074,0.345124282982792,0.387963460505105,"rf_probs",0,114,224,149,0.234086242299795,0.337278106508876,0,0.433460076045627,0.337278106508876,0.37936772046589,"rf_probs",0,247,461,305,0.243830207305035,0.348870056497175,0,0.447463768115942,0.348870056497175,0.392063492063492
2000,1000,80,0.3,0.05,"a",FALSE,0.5,0,524,"43, 24, 45, 36","rf_class",434,1010,36,20,0.962666666666667,0.965583173996176,0.955947136563877,0.980582524271845,0.965583173996176,0.973025048169557,"rf_class",140,328,10,9,0.960985626283368,0.970414201183432,0.939597315436242,0.973293768545994,0.970414201183432,0.971851851851852,"rf_class",294,682,26,11,0.963474827245805,0.963276836158192,0.963934426229508,0.984126984126984,0.963276836158192,0.973590292648108
2000,1000,80,0.3,0.05,"a",FALSE,0.5,0,525,"7, 25, 52, 10","IRT",431,1025,39,5,0.970666666666667,0.963345864661654,0.988532110091743,0.995145631067961,0.963345864661654,0.978987583572111,"IRT",147,352,11,1,0.976516634050881,0.96969696969697,0.993243243243243,0.997167138810198,0.96969696969697,0.983240223463687,"IRT",284,673,28,4,0.967644084934277,0.960057061340941,0.986111111111111,0.994091580502216,0.960057061340941,0.97677793904209
2000,1000,80,0.3,0.05,"a",FALSE,0.5,0,525,"7, 25, 52, 10","rf_probs",0,365,699,436,0.243333333333333,0.343045112781955,0,0.455680399500624,0.343045112781955,0.39142091152815,"rf_probs",0,117,246,148,0.228962818003914,0.322314049586777,0,0.441509433962264,0.322314049586777,0.372611464968153,"rf_probs",0,248,453,288,0.250758341759353,0.353780313837375,0,0.462686567164179,0.353780313837375,0.400970088924818
2000,1000,80,0.3,0.05,"a",FALSE,0.5,0,525,"7, 25, 52, 10","rf_class",424,1031,33,12,0.97,0.968984962406015,0.972477064220184,0.98849472674976,0.968984962406015,0.978642619838633,"rf_class",143,356,7,5,0.976516634050881,0.980716253443526,0.966216216216216,0.986149584487535,0.980716253443526,0.983425414364641,"rf_class",281,675,26,7,0.966632962588473,0.962910128388017,0.975694444444444,0.989736070381232,0.962910128388017,0.976138828633406
2000,1000,80,0.3,0.05,"a",FALSE,0.5,0,526,"18, 6, 60, 45","IRT",434,1009,39,18,0.962,0.962786259541985,0.960176991150443,0.982473222979552,0.962786259541985,0.972530120481928,"IRT",148,338,10,4,0.972,0.971264367816092,0.973684210526316,0.988304093567251,0.971264367816092,0.979710144927536,"IRT",286,671,29,14,0.957,0.958571428571429,0.953333333333333,0.97956204379562,0.958571428571429,0.968953068592058
2000,1000,80,0.3,0.05,"a",FALSE,0.5,0,526,"18, 6, 60, 45","rf_probs",0,350,698,452,0.233333333333333,0.333969465648855,0,0.43640897755611,0.333969465648855,0.378378378378378,"rf_probs",0,117,231,152,0.234,0.336206896551724,0,0.434944237918216,0.336206896551724,0.379254457050243,"rf_probs",0,233,467,300,0.233,0.332857142857143,0,0.437148217636023,0.332857142857143,0.3779399837794
2000,1000,80,0.3,0.05,"a",FALSE,0.5,0,526,"18, 6, 60, 45","rf_class",429,1017,31,23,0.964,0.970419847328244,0.949115044247788,0.977884615384615,0.970419847328244,0.974137931034483,"rf_class",148,341,7,4,0.978,0.979885057471264,0.973684210526316,0.988405797101449,0.979885057471264,0.984126984126984,"rf_class",281,676,24,19,0.957,0.965714285714286,0.936666666666667,0.972661870503597,0.965714285714286,0.969175627240143
2000,1000,80,0.3,0.05,"a",FALSE,0.5,0,527,"27, 41, 43, 55","IRT",434,1028,18,20,0.974666666666667,0.982791586998088,0.955947136563877,0.980916030534351,0.982791586998088,0.981852913085005,"IRT",147,347,6,8,0.97244094488189,0.98300283286119,0.948387096774194,0.977464788732394,0.98300283286119,0.980225988700565,"IRT",287,681,12,12,0.975806451612903,0.982683982683983,0.959866220735786,0.982683982683983,0.982683982683983,0.982683982683983
2000,1000,80,0.3,0.05,"a",FALSE,0.5,0,527,"27, 41, 43, 55","rf_probs",388,0,1046,66,0.258666666666667,0,0.854625550660793,0,0,NA,"rf_probs",133,0,353,22,0.261811023622047,0,0.858064516129032,0,0,NA,"rf_probs",255,0,693,44,0.257056451612903,0,0.852842809364548,0,0,NA
2000,1000,80,0.3,0.05,"a",FALSE,0.5,0,527,"27, 41, 43, 55","rf_class",435,1014,32,19,0.966,0.969407265774379,0.958149779735683,0.981606969990319,0.969407265774379,0.975468975468975,"rf_class",151,343,10,4,0.97244094488189,0.971671388101983,0.974193548387097,0.988472622478386,0.971671388101983,0.98,"rf_class",284,671,22,15,0.962701612903226,0.968253968253968,0.949832775919732,0.978134110787172,0.968253968253968,0.973168963016679
2000,1000,80,0.3,0.05,"a",FALSE,0.5,0,528,"10, 2, 21, 54","IRT",440,999,52,9,0.959333333333333,0.950523311132255,0.979955456570156,0.991071428571429,0.950523311132255,0.970373967945605,"IRT",151,310,15,5,0.958419958419958,0.953846153846154,0.967948717948718,0.984126984126984,0.953846153846154,0.96875,"IRT",289,689,37,4,0.959764474975466,0.949035812672176,0.986348122866894,0.994227994227994,0.949035812672176,0.971106412966878
2000,1000,80,0.3,0.05,"a",FALSE,0.5,0,528,"10, 2, 21, 54","rf_probs",0,372,679,449,0.248,0.35394862036156,0,0.453105968331303,0.35394862036156,0.397435897435897,"rf_probs",0,122,203,156,0.253638253638254,0.375384615384615,0,0.438848920863309,0.375384615384615,0.404643449419569,"rf_probs",0,250,476,293,0.245338567222767,0.34435261707989,0,0.460405156537753,0.34435261707989,0.394011032308905
2000,1000,80,0.3,0.05,"a",FALSE,0.5,0,528,"10, 2, 21, 54","rf_class",423,1016,35,26,0.959333333333333,0.966698382492864,0.942093541202673,0.975047984644914,0.966698382492864,0.970855231724797,"rf_class",143,317,8,13,0.956340956340956,0.975384615384615,0.916666666666667,0.960606060606061,0.975384615384615,0.96793893129771,"rf_class",280,699,27,13,0.960745829244357,0.962809917355372,0.955631399317406,0.981741573033708,0.962809917355372,0.972183588317107
2000,1000,80,0.3,0.05,"a",FALSE,0.5,0,529,"41, 61, 48, 33","IRT",427,1027,25,21,0.969333333333333,0.976235741444867,0.953125,0.979961832061069,0.976235741444867,0.978095238095238,"IRT",141,347,12,6,0.964426877470356,0.966573816155989,0.959183673469388,0.98300283286119,0.966573816155989,0.974719101123595,"IRT",286,680,13,15,0.971830985915493,0.981240981240981,0.950166112956811,0.97841726618705,0.981240981240981,0.979827089337176
2000,1000,80,0.3,0.05,"a",FALSE,0.5,0,529,"41, 61, 48, 33","rf_probs",0,368,684,448,0.245333333333333,0.349809885931559,0,0.450980392156863,0.349809885931559,0.394004282655246,"rf_probs",0,119,240,147,0.235177865612648,0.331476323119777,0,0.447368421052632,0.331476323119777,0.3808,"rf_probs",0,249,444,301,0.250503018108652,0.359307359307359,0,0.452727272727273,0.359307359307359,0.400643604183427
2000,1000,80,0.3,0.05,"a",FALSE,0.5,0,529,"41, 61, 48, 33","rf_class",425,1023,29,23,0.965333333333333,0.972433460076046,0.948660714285714,0.978011472275335,0.972433460076046,0.975214489990467,"rf_class",140,346,13,7,0.960474308300395,0.963788300835655,0.952380952380952,0.980169971671388,0.963788300835655,0.971910112359551,"rf_class",285,677,16,16,0.967806841046278,0.976911976911977,0.946843853820598,0.976911976911977,0.976911976911977,0.976911976911977
2000,1000,80,0.3,0.05,"a",FALSE,0.5,0,530,"21, 60, 25, 39","IRT",439,995,57,9,0.956,0.945817490494297,0.979910714285714,0.991035856573705,0.945817490494297,0.967898832684825,"IRT",149,343,12,3,0.970414201183432,0.966197183098592,0.980263157894737,0.991329479768786,0.966197183098592,0.978601997146933,"IRT",290,652,45,6,0.948640483383686,0.935437589670014,0.97972972972973,0.990881458966565,0.935437589670014,0.962361623616236
2000,1000,80,0.3,0.05,"a",FALSE,0.5,0,530,"21, 60, 25, 39","rf_probs",0,355,697,448,0.236666666666667,0.33745247148289,0,0.442092154420922,0.33745247148289,0.382749326145553,"rf_probs",0,108,247,152,0.21301775147929,0.304225352112676,0,0.415384615384615,0.304225352112676,0.351219512195122,"rf_probs",0,247,450,296,0.248741188318228,0.354375896700143,0,0.4548802946593,0.354375896700143,0.398387096774194
2000,1000,80,0.3,0.05,"a",FALSE,0.5,0,530,"21, 60, 25, 39","rf_class",432,1001,51,16,0.955333333333333,0.951520912547528,0.964285714285714,0.984267453294002,0.951520912547528,0.967617206379894,"rf_class",145,343,12,7,0.962524654832347,0.966197183098592,0.953947368421053,0.98,0.966197183098592,0.973049645390071,"rf_class",287,658,39,9,0.95166163141994,0.944045911047346,0.969594594594595,0.986506746626687,0.944045911047346,0.964809384164223
2000,1000,80,0.3,0.05,"a",FALSE,0.5,0,531,"60, 2, 4, 64","IRT",458,992,36,14,0.966666666666667,0.964980544747082,0.970338983050847,0.986083499005964,0.964980544747082,0.975417895771878,"IRT",143,318,14,4,0.962421711899791,0.957831325301205,0.972789115646258,0.987577639751553,0.957831325301205,0.972477064220183,"IRT",315,674,22,10,0.968658178256611,0.968390804597701,0.969230769230769,0.985380116959064,0.968390804597701,0.976811594202899
2000,1000,80,0.3,0.05,"a",FALSE,0.5,0,531,"60, 2, 4, 64","rf_probs",0,318,710,472,0.212,0.309338521400778,0,0.40253164556962,0.309338521400778,0.34983498349835,"rf_probs",0,103,229,147,0.215031315240084,0.310240963855422,0,0.412,0.310240963855422,0.353951890034364,"rf_probs",0,215,481,325,0.210577864838394,0.308908045977011,0,0.398148148148148,0.308908045977011,0.34789644012945
2000,1000,80,0.3,0.05,"a",FALSE,0.5,0,531,"60, 2, 4, 64","rf_class",442,1001,27,30,0.962,0.973735408560311,0.936440677966102,0.97090203685742,0.973735408560311,0.972316658572122,"rf_class",139,322,10,8,0.962421711899791,0.969879518072289,0.945578231292517,0.975757575757576,0.969879518072289,0.972809667673716,"rf_class",303,679,17,22,0.961802154750245,0.975574712643678,0.932307692307692,0.968616262482168,0.975574712643678,0.972083035075161
2000,1000,80,0.3,0.05,"a",FALSE,0.5,0,532,"29, 41, 33, 68","IRT",444,977,67,12,0.947333333333333,0.935823754789272,0.973684210526316,0.987866531850354,0.935823754789272,0.961141170683719,"IRT",157,333,21,5,0.949612403100775,0.940677966101695,0.969135802469136,0.985207100591716,0.940677966101695,0.96242774566474,"IRT",287,644,46,7,0.946138211382114,0.933333333333333,0.976190476190476,0.989247311827957,0.933333333333333,0.960477255779269
2000,1000,80,0.3,0.05,"a",FALSE,0.5,0,532,"29, 41, 33, 68","rf_probs",0,407,637,456,0.271333333333333,0.389846743295019,0,0.471610660486674,0.389846743295019,0.426848453067646,"rf_probs",0,133,221,162,0.257751937984496,0.375706214689266,0,0.450847457627119,0.375706214689266,0.409861325115562,"rf_probs",0,274,416,294,0.278455284552846,0.397101449275362,0,0.482394366197183,0.397101449275362,0.435612082670906
2000,1000,80,0.3,0.05,"a",FALSE,0.5,0,532,"29, 41, 33, 68","rf_class",427,1000,44,29,0.951333333333333,0.957854406130268,0.93640350877193,0.971817298347911,0.957854406130268,0.964785335262904,"rf_class",150,339,15,12,0.947674418604651,0.957627118644068,0.925925925925926,0.965811965811966,0.957627118644068,0.961702127659574,"rf_class",277,661,29,17,0.953252032520325,0.957971014492754,0.942176870748299,0.974926253687316,0.957971014492754,0.966374269005848
2000,1000,80,0.3,0.05,"a",FALSE,0.5,0,533,"3, 10, 21, 69","IRT",431,1027,32,10,0.972,0.969782813975449,0.977324263038549,0.990356798457088,0.969782813975449,0.979961832061069,"IRT",148,348,8,5,0.974459724950884,0.97752808988764,0.967320261437909,0.985835694050991,0.97752808988764,0.981664315937941,"IRT",283,679,24,5,0.970736629667003,0.965860597439545,0.982638888888889,0.992690058479532,0.965860597439545,0.979091564527758
2000,1000,80,0.3,0.05,"a",FALSE,0.5,0,533,"3, 10, 21, 69","rf_probs",0,387,672,441,0.258,0.365439093484419,0,0.467391304347826,0.365439093484419,0.410174880763116,"rf_probs",0,131,225,153,0.257367387033399,0.367977528089888,0,0.461267605633803,0.367977528089888,0.409375,"rf_probs",0,256,447,288,0.25832492431887,0.364153627311522,0,0.470588235294118,0.364153627311522,0.410585404971933
2000,1000,80,0.3,0.05,"a",FALSE,0.5,0,533,"3, 10, 21, 69","rf_class",424,1030,29,17,0.969333333333333,0.97261567516525,0.961451247165533,0.983763132760267,0.97261567516525,0.978157644824312,"rf_class",146,349,7,7,0.972495088408644,0.980337078651685,0.954248366013072,0.980337078651685,0.980337078651685,0.980337078651685,"rf_class",278,681,22,10,0.967709384460141,0.968705547652916,0.965277777777778,0.985528219971056,0.968705547652916,0.977044476327116
2000,1000,80,0.3,0.05,"a",FALSE,0.5,0,534,"11, 66, 64, 70","IRT",436,996,54,14,0.954666666666667,0.948571428571429,0.968888888888889,0.986138613861386,0.948571428571429,0.966990291262136,"IRT",156,346,19,6,0.952561669829222,0.947945205479452,0.962962962962963,0.982954545454545,0.947945205479452,0.96513249651325,"IRT",280,650,35,8,0.955806783144913,0.948905109489051,0.972222222222222,0.987841945288754,0.948905109489051,0.967982129560685
2000,1000,80,0.3,0.05,"a",FALSE,0.5,0,534,"11, 66, 64, 70","rf_probs",0,430,620,450,0.286666666666667,0.40952380952381,0,0.488636363636364,0.40952380952381,0.44559585492228,"rf_probs",0,141,224,162,0.267552182163188,0.386301369863014,0,0.465346534653465,0.386301369863014,0.422155688622755,"rf_probs",0,289,396,288,0.297019527235355,0.421897810218978,0,0.500866551126516,0.421897810218978,0.458003169572108
2000,1000,80,0.3,0.05,"a",FALSE,0.5,0,534,"11, 66, 64, 70","rf_class",420,1001,49,30,0.947333333333333,0.953333333333333,0.933333333333333,0.97090203685742,0.953333333333333,0.962037481979817,"rf_class",153,349,16,9,0.952561669829222,0.956164383561644,0.944444444444444,0.974860335195531,0.956164383561644,0.965421853388658,"rf_class",267,652,33,21,0.944501541623844,0.951824817518248,0.927083333333333,0.968796433878158,0.951824817518248,0.960235640648012
2000,1000,80,0.3,0.05,"a",FALSE,0.5,0,535,"19, 47, 24, 27","IRT",442,1008,34,16,0.966666666666667,0.967370441458733,0.965065502183406,0.984375,0.967370441458733,0.975798644724104,"IRT",158,326,15,3,0.964143426294821,0.956011730205279,0.981366459627329,0.990881458966565,0.956011730205279,0.973134328358209,"IRT",284,682,19,13,0.967935871743487,0.972895863052782,0.956228956228956,0.981294964028777,0.972895863052782,0.977077363896848
2000,1000,80,0.3,0.05,"a",FALSE,0.5,0,535,"19, 47, 24, 27","rf_probs",0,367,675,458,0.244666666666667,0.352207293666027,0,0.444848484848485,0.352207293666027,0.393144081414033,"rf_probs",0,112,229,161,0.223107569721116,0.328445747800586,0,0.41025641025641,0.328445747800586,0.364820846905537,"rf_probs",0,255,446,297,0.255511022044088,0.36376604850214,0,0.46195652173913,0.36376604850214,0.407023144453312
2000,1000,80,0.3,0.05,"a",FALSE,0.5,0,535,"19, 47, 24, 27","rf_class",423,1007,35,35,0.953333333333333,0.966410748560461,0.923580786026201,0.966410748560461,0.966410748560461,0.966410748560461,"rf_class",149,327,14,12,0.948207171314741,0.958944281524927,0.925465838509317,0.964601769911504,0.958944281524927,0.961764705882353,"rf_class",274,680,21,23,0.955911823647295,0.970042796005706,0.922558922558923,0.96728307254623,0.970042796005706,0.968660968660969
2000,1000,80,0.3,0.05,"a",FALSE,0.5,0,536,"67, 69, 2, 73","IRT",414,1035,33,18,0.966,0.969101123595506,0.958333333333333,0.982905982905983,0.969101123595506,0.975954738330976,"IRT",144,335,8,8,0.967676767676768,0.97667638483965,0.947368421052632,0.97667638483965,0.97667638483965,0.97667638483965,"IRT",270,700,25,10,0.965174129353234,0.96551724137931,0.964285714285714,0.985915492957746,0.96551724137931,0.975609756097561
2000,1000,80,0.3,0.05,"a",FALSE,0.5,0,536,"67, 69, 2, 73","rf_probs",0,402,666,432,0.268,0.376404494382022,0,0.482014388489209,0.376404494382022,0.422712933753943,"rf_probs",0,124,219,152,0.250505050505051,0.361516034985423,0,0.449275362318841,0.361516034985423,0.40064620355412,"rf_probs",0,278,447,280,0.276616915422886,0.383448275862069,0,0.498207885304659,0.383448275862069,0.43335931410756
2000,1000,80,0.3,0.05,"a",FALSE,0.5,0,536,"67, 69, 2, 73","rf_class",415,1028,40,17,0.962,0.962546816479401,0.960648148148148,0.983732057416268,0.962546816479401,0.973024136299101,"rf_class",145,333,10,7,0.965656565656566,0.970845481049563,0.953947368421053,0.979411764705882,0.970845481049563,0.97510980966325,"rf_class",270,695,30,10,0.960199004975124,0.958620689655172,0.964285714285714,0.985815602836879,0.958620689655172,0.972027972027972
2000,1000,80,0.3,0.05,"a",FALSE,0.5,0,537,"57, 64, 70, 61","IRT",418,1027,31,24,0.963333333333333,0.97069943289225,0.945701357466063,0.977164605137964,0.97069943289225,0.973921289710763,"IRT",135,357,13,6,0.962818003913894,0.964864864864865,0.957446808510638,0.983471074380165,0.964864864864865,0.974079126875853,"IRT",283,670,18,18,0.963599595551062,0.973837209302326,0.940199335548173,0.973837209302326,0.973837209302326,0.973837209302326
2000,1000,80,0.3,0.05,"a",FALSE,0.5,0,537,"57, 64, 70, 61","rf_probs",0,385,673,442,0.256666666666667,0.363894139886578,0,0.465538089480048,0.363894139886578,0.408488063660477,"rf_probs",0,133,237,141,0.26027397260274,0.359459459459459,0,0.485401459854015,0.359459459459459,0.41304347826087,"rf_probs",0,252,436,301,0.254802831142568,0.366279069767442,0,0.455696202531646,0.366279069767442,0.406124093473006
2000,1000,80,0.3,0.05,"a",FALSE,0.5,0,537,"57, 64, 70, 61","rf_class",423,1010,48,19,0.955333333333333,0.954631379962193,0.957013574660634,0.98153547133139,0.954631379962193,0.967896502156205,"rf_class",137,354,16,4,0.960861056751468,0.956756756756757,0.971631205673759,0.988826815642458,0.956756756756757,0.972527472527473,"rf_class",286,656,32,15,0.952477249747219,0.953488372093023,0.950166112956811,0.977645305514158,0.953488372093023,0.9654157468727
2000,1000,80,0.3,0.05,"a",FALSE,0.5,0,538,"60, 42, 67, 44","IRT",418,1044,28,10,0.974666666666667,0.973880597014925,0.976635514018692,0.990512333965844,0.973880597014925,0.982126058325494,"IRT",163,347,9,5,0.973282442748092,0.974719101123595,0.970238095238095,0.985795454545455,0.974719101123595,0.980225988700565,"IRT",255,697,19,5,0.975409836065574,0.973463687150838,0.980769230769231,0.992877492877493,0.973463687150838,0.983074753173484
2000,1000,80,0.3,0.05,"a",FALSE,0.5,0,538,"60, 42, 67, 44","rf_probs",0,314,758,428,0.209333333333333,0.292910447761194,0,0.423180592991914,0.292910447761194,0.34619625137817,"rf_probs",0,93,263,168,0.177480916030534,0.26123595505618,0,0.35632183908046,0.26123595505618,0.301458670988655,"rf_probs",0,221,495,260,0.226434426229508,0.308659217877095,0,0.459459459459459,0.308659217877095,0.369256474519632
2000,1000,80,0.3,0.05,"a",FALSE,0.5,0,538,"60, 42, 67, 44","rf_class",409,1042,30,19,0.967333333333333,0.972014925373134,0.955607476635514,0.982092365692743,0.972014925373134,0.977027660571964,"rf_class",162,348,8,6,0.973282442748092,0.97752808988764,0.964285714285714,0.983050847457627,0.97752808988764,0.980281690140845,"rf_class",247,694,22,13,0.964139344262295,0.96927374301676,0.95,0.981612446958982,0.96927374301676,0.975404075895994
2000,1000,80,0.3,0.05,"a",FALSE,0.5,0,539,"19, 29, 53, 25","IRT",448,1006,29,17,0.969333333333333,0.971980676328502,0.963440860215054,0.983382209188661,0.971980676328502,0.977648202137998,"IRT",158,341,8,6,0.97270955165692,0.977077363896848,0.963414634146341,0.982708933717579,0.977077363896848,0.979885057471264,"IRT",290,665,21,11,0.96757852077001,0.969387755102041,0.963455149501661,0.983727810650888,0.969387755102041,0.976505139500734
2000,1000,80,0.3,0.05,"a",FALSE,0.5,0,539,"19, 29, 53, 25","rf_probs",0,379,656,465,0.252666666666667,0.366183574879227,0,0.449052132701422,0.366183574879227,0.403406067056945,"rf_probs",0,116,233,164,0.226120857699805,0.332378223495702,0,0.414285714285714,0.332378223495702,0.368839427662957,"rf_probs",0,263,423,301,0.266464032421479,0.383381924198251,0,0.466312056737589,0.383381924198251,0.4208
2000,1000,80,0.3,0.05,"a",FALSE,0.5,0,539,"19, 29, 53, 25","rf_class",437,1004,31,28,0.960666666666667,0.970048309178744,0.939784946236559,0.972868217054264,0.970048309178744,0.971456216739236,"rf_class",157,342,7,7,0.97270955165692,0.979942693409742,0.957317073170732,0.979942693409742,0.979942693409742,0.979942693409742,"rf_class",280,662,24,21,0.954407294832827,0.965014577259475,0.930232558139535,0.969253294289897,0.965014577259475,0.967129291453616
2000,1000,80,0.3,0.05,"a",FALSE,0.5,0,540,"24, 22, 73, 56","IRT",454,984,55,7,0.958666666666667,0.947064485081809,0.984815618221258,0.992936427850656,0.947064485081809,0.969458128078818,"IRT",157,335,26,0,0.94980694980695,0.92797783933518,1,1,0.92797783933518,0.96264367816092,"IRT",297,649,29,7,0.963340122199593,0.957227138643068,0.976973684210526,0.989329268292683,0.957227138643068,0.973013493253373
2000,1000,80,0.3,0.05,"a",FALSE,0.5,0,540,"24, 22, 73, 56","rf_probs",0,365,674,461,0.243333333333333,0.351299326275265,0,0.441888619854722,0.351299326275265,0.39142091152815,"rf_probs",0,134,227,157,0.258687258687259,0.371191135734072,0,0.460481099656357,0.371191135734072,0.411042944785276,"rf_probs",0,231,447,304,0.235234215885947,0.34070796460177,0,0.431775700934579,0.34070796460177,0.380873866446826
2000,1000,80,0.3,0.05,"a",FALSE,0.5,0,540,"24, 22, 73, 56","rf_class",436,1007,32,25,0.962,0.969201154956689,0.945770065075922,0.97577519379845,0.969201154956689,0.972477064220184,"rf_class",151,343,18,6,0.953667953667954,0.950138504155125,0.961783439490446,0.982808022922636,0.950138504155125,0.966197183098592,"rf_class",285,664,14,19,0.966395112016293,0.979351032448378,0.9375,0.972181551976574,0.979351032448378,0.975753122703894
2000,1000,80,0.3,0.05,"a",FALSE,0.5,0,541,"63, 69, 6, 43","IRT",439,1011,32,18,0.966666666666667,0.969319271332694,0.960612691466083,0.982507288629738,0.969319271332694,0.975868725868726,"IRT",131,332,10,0,0.978858350951374,0.970760233918129,1,1,0.970760233918129,0.985163204747774,"IRT",308,679,22,18,0.961051606621227,0.968616262482168,0.94478527607362,0.974175035868006,0.968616262482168,0.971387696709585
2000,1000,80,0.3,0.05,"a",FALSE,0.5,0,541,"63, 69, 6, 43","rf_probs",0,338,705,457,0.225333333333333,0.324065196548418,0,0.425157232704403,0.324065196548418,0.367791077257889,"rf_probs",0,103,239,131,0.217758985200846,0.301169590643275,0,0.44017094017094,0.301169590643275,0.357638888888889,"rf_probs",0,235,466,326,0.228821811100292,0.335235378031384,0,0.418894830659537,0.335235378031384,0.372424722662441
2000,1000,80,0.3,0.05,"a",FALSE,0.5,0,541,"63, 69, 6, 43","rf_class",440,1005,38,17,0.963333333333333,0.963566634707574,0.962800875273523,0.983365949119374,0.963566634707574,0.973365617433414,"rf_class",130,332,10,1,0.976744186046512,0.970760233918129,0.99236641221374,0.996996996996997,0.970760233918129,0.983703703703704,"rf_class",310,673,28,16,0.95715676728335,0.960057061340941,0.950920245398773,0.97677793904209,0.960057061340941,0.968345323741007
2000,1000,80,0.3,0.05,"a",FALSE,0.5,0,542,"63, 35, 52, 37","IRT",430,1020,40,10,0.966666666666667,0.962264150943396,0.977272727272727,0.990291262135922,0.962264150943396,0.976076555023923,"IRT",153,333,20,2,0.956692913385827,0.943342776203966,0.987096774193548,0.994029850746269,0.943342776203966,0.968023255813954,"IRT",277,687,20,8,0.971774193548387,0.971711456859972,0.971929824561404,0.988489208633094,0.971711456859972,0.980028530670471
2000,1000,80,0.3,0.05,"a",FALSE,0.5,0,542,"63, 35, 52, 37","rf_probs",0,359,701,440,0.239333333333333,0.338679245283019,0,0.449311639549437,0.338679245283019,0.386229155459925,"rf_probs",0,125,228,155,0.246062992125984,0.354107648725212,0,0.446428571428571,0.354107648725212,0.394944707740916,"rf_probs",0,234,473,285,0.235887096774194,0.330975954738331,0,0.450867052023121,0.330975954738331,0.381729200652529
2000,1000,80,0.3,0.05,"a",FALSE,0.5,0,542,"63, 35, 52, 37","rf_class",424,1009,51,16,0.955333333333333,0.95188679245283,0.963636363636364,0.984390243902439,0.95188679245283,0.967865707434053,"rf_class",150,330,23,5,0.94488188976378,0.934844192634561,0.967741935483871,0.985074626865672,0.934844192634561,0.959302325581395,"rf_class",274,679,28,11,0.960685483870968,0.96039603960396,0.96140350877193,0.984057971014493,0.96039603960396,0.972083035075161
2000,1000,80,0.3,0.05,"a",FALSE,0.5,0,543,"43, 74, 63, 31","IRT",435,1016,34,15,0.967333333333333,0.967619047619048,0.966666666666667,0.98545101842871,0.967619047619048,0.976453628063431,"IRT",136,310,16,4,0.957081545064378,0.950920245398773,0.971428571428571,0.987261146496815,0.950920245398773,0.96875,"IRT",299,706,18,11,0.971953578336557,0.975138121546961,0.964516129032258,0.98465829846583,0.975138121546961,0.979875086745316
2000,1000,80,0.3,0.05,"a",FALSE,0.5,0,543,"43, 74, 63, 31","rf_probs",0,380,670,450,0.253333333333333,0.361904761904762,0,0.457831325301205,0.361904761904762,0.404255319148936,"rf_probs",0,126,200,140,0.270386266094421,0.386503067484663,0,0.473684210526316,0.386503067484663,0.425675675675676,"rf_probs",0,254,470,310,0.245647969052224,0.350828729281768,0,0.450354609929078,0.350828729281768,0.394409937888199
2000,1000,80,0.3,0.05,"a",FALSE,0.5,0,543,"43, 74, 63, 31","rf_class",432,1014,36,18,0.964,0.965714285714286,0.96,0.982558139534884,0.965714285714286,0.974063400576369,"rf_class",137,309,17,3,0.957081545064378,0.947852760736196,0.978571428571429,0.990384615384615,0.947852760736196,0.968652037617555,"rf_class",295,705,19,15,0.967117988394584,0.973756906077348,0.951612903225806,0.979166666666667,0.973756906077348,0.976454293628809
2000,1000,80,0.3,0.05,"a",FALSE,0.5,0,544,"58, 6, 63, 11","IRT",448,1010,34,8,0.972,0.967432950191571,0.982456140350877,0.992141453831041,0.967432950191571,0.979631425800194,"IRT",163,324,9,2,0.977911646586345,0.972972972972973,0.987878787878788,0.993865030674847,0.972972972972973,0.983308042488619,"IRT",285,686,25,6,0.969061876247505,0.964838255977497,0.979381443298969,0.991329479768786,0.964838255977497,0.977904490377762
2000,1000,80,0.3,0.05,"a",FALSE,0.5,0,544,"58, 6, 63, 11","rf_probs",0,377,667,456,0.251333333333333,0.361111111111111,0,0.452581032412965,0.361111111111111,0.401704848161961,"rf_probs",0,122,211,165,0.244979919678715,0.366366366366366,0,0.425087108013937,0.366366366366366,0.393548387096774,"rf_probs",0,255,456,291,0.254491017964072,0.358649789029536,0,0.467032967032967,0.358649789029536,0.405727923627685
2000,1000,80,0.3,0.05,"a",FALSE,0.5,0,544,"58, 6, 63, 11","rf_class",440,1006,38,16,0.964,0.96360153256705,0.964912280701754,0.984344422700587,0.96360153256705,0.973862536302033,"rf_class",161,320,13,4,0.965863453815261,0.960960960960961,0.975757575757576,0.987654320987654,0.960960960960961,0.974124809741248,"rf_class",279,686,25,12,0.963073852295409,0.964838255977497,0.958762886597938,0.982808022922636,0.964838255977497,0.973740241305891
2000,1000,80,0.3,0.05,"a",FALSE,0.5,0,545,"72, 39, 66, 10","IRT",451,967,73,9,0.945333333333333,0.929807692307692,0.980434782608696,0.99077868852459,0.929807692307692,0.959325396825397,"IRT",137,314,23,3,0.945492662473795,0.931750741839763,0.978571428571429,0.990536277602524,0.931750741839763,0.960244648318043,"IRT",314,653,50,6,0.945259042033236,0.928876244665718,0.98125,0.990895295902883,0.928876244665718,0.958883994126285
2000,1000,80,0.3,0.05,"a",FALSE,0.5,0,545,"72, 39, 66, 10","rf_probs",0,361,679,460,0.240666666666667,0.347115384615385,0,0.439707673568819,0.347115384615385,0.387963460505105,"rf_probs",0,118,219,140,0.247379454926625,0.350148367952522,0,0.457364341085271,0.350148367952522,0.396638655462185,"rf_probs",0,243,460,320,0.237536656891496,0.345661450924609,0,0.431616341030195,0.345661450924609,0.383886255924171
2000,1000,80,0.3,0.05,"a",FALSE,0.5,0,545,"72, 39, 66, 10","rf_class",431,997,43,29,0.952,0.958653846153846,0.93695652173913,0.971734892787524,0.958653846153846,0.965150048402711,"rf_class",134,326,11,6,0.964360587002096,0.967359050445104,0.957142857142857,0.981927710843373,0.967359050445104,0.974588938714499,"rf_class",297,671,32,23,0.946236559139785,0.95448079658606,0.928125,0.96685878962536,0.95448079658606,0.960629921259842
2000,1000,80,0.3,0.05,"a",FALSE,0.5,0,546,"70, 34, 4, 75","IRT",454,1006,24,16,0.973333333333333,0.976699029126214,0.965957446808511,0.984344422700587,0.976699029126214,0.980506822612086,"IRT",150,341,9,5,0.972277227722772,0.974285714285714,0.967741935483871,0.985549132947977,0.974285714285714,0.979885057471265,"IRT",304,665,15,11,0.973869346733668,0.977941176470588,0.965079365079365,0.983727810650888,0.977941176470588,0.980825958702065
2000,1000,80,0.3,0.05,"a",FALSE,0.5,0,546,"70, 34, 4, 75","rf_probs",0,352,678,470,0.234666666666667,0.341747572815534,0,0.428223844282238,0.341747572815534,0.380129589632829,"rf_probs",0,111,239,155,0.21980198019802,0.317142857142857,0,0.417293233082707,0.317142857142857,0.36038961038961,"rf_probs",0,241,439,315,0.242211055276382,0.354411764705882,0,0.433453237410072,0.354411764705882,0.389967637540453
2000,1000,80,0.3,0.05,"a",FALSE,0.5,0,546,"70, 34, 4, 75","rf_class",443,1002,28,27,0.963333333333333,0.972815533980583,0.942553191489362,0.973760932944606,0.972815533980583,0.973288003885381,"rf_class",144,338,12,11,0.954455445544554,0.965714285714286,0.929032258064516,0.968481375358166,0.965714285714286,0.967095851216023,"rf_class",299,664,16,16,0.9678391959799,0.976470588235294,0.949206349206349,0.976470588235294,0.976470588235294,0.976470588235294
2000,1000,80,0.3,0.05,"a",FALSE,0.5,0,547,"60, 30, 28, 15","IRT",442,996,56,6,0.958666666666667,0.946768060836502,0.986607142857143,0.994011976047904,0.946768060836502,0.969814995131451,"IRT",139,345,22,1,0.954635108481262,0.940054495912807,0.992857142857143,0.997109826589595,0.940054495912807,0.967741935483871,"IRT",303,651,34,5,0.960725075528701,0.95036496350365,0.983766233766234,0.992378048780488,0.95036496350365,0.970917225950783
2000,1000,80,0.3,0.05,"a",FALSE,0.5,0,547,"60, 30, 28, 15","rf_probs",0,337,715,448,0.224666666666667,0.320342205323194,0,0.429299363057325,0.320342205323194,0.366902558519325,"rf_probs",0,108,259,140,0.21301775147929,0.294277929155313,0,0.435483870967742,0.294277929155313,0.351219512195122,"rf_probs",0,229,456,308,0.230614300100705,0.334306569343066,0,0.426443202979516,0.334306569343066,0.374795417348609
2000,1000,80,0.3,0.05,"a",FALSE,0.5,0,547,"60, 30, 28, 15","rf_class",422,1020,32,26,0.961333333333333,0.96958174904943,0.941964285714286,0.975143403441683,0.96958174904943,0.972354623450906,"rf_class",133,354,13,7,0.960552268244576,0.964577656675749,0.95,0.980609418282548,0.964577656675749,0.972527472527473,"rf_class",289,666,19,19,0.961732124874119,0.972262773722628,0.938311688311688,0.972262773722628,0.972262773722628,0.972262773722628
2000,1000,80,0.3,0.05,"a",FALSE,0.5,0,548,"11, 38, 72, 31","IRT",457,969,53,21,0.950666666666667,0.948140900195695,0.956066945606695,0.978787878787879,0.948140900195695,0.963220675944334,"IRT",150,322,18,7,0.949698189134809,0.947058823529412,0.955414012738854,0.978723404255319,0.947058823529412,0.962630792227205,"IRT",307,647,35,14,0.951146560319043,0.948680351906158,0.956386292834891,0.978819969742814,0.948680351906158,0.963514519731943
2000,1000,80,0.3,0.05,"a",FALSE,0.5,0,548,"11, 38, 72, 31","rf_probs",0,362,660,478,0.241333333333333,0.354207436399217,0,0.430952380952381,0.354207436399217,0.388829215896885,"rf_probs",0,128,212,157,0.257545271629779,0.376470588235294,0,0.449122807017544,0.376470588235294,0.4096,"rf_probs",0,234,448,321,0.233300099700897,0.343108504398827,0,0.421621621621622,0.343108504398827,0.378334680679062
2000,1000,80,0.3,0.05,"a",FALSE,0.5,0,548,"11, 38, 72, 31","rf_class",438,987,35,40,0.95,0.965753424657534,0.916317991631799,0.961051606621227,0.965753424657534,0.963396778916545,"rf_class",144,325,15,13,0.943661971830986,0.955882352941177,0.917197452229299,0.961538461538462,0.955882352941177,0.958702064896755,"rf_class",294,662,20,27,0.953140578265204,0.970674486803519,0.91588785046729,0.960812772133527,0.970674486803519,0.965718453683443
2000,1000,80,0.3,0.05,"a",FALSE,0.5,0,549,"32, 76, 70, 53","IRT",429,1015,36,20,0.962666666666667,0.965746907706946,0.955456570155902,0.980676328502415,0.965746907706946,0.973154362416107,"IRT",137,335,10,7,0.965235173824131,0.971014492753623,0.951388888888889,0.97953216374269,0.971014492753623,0.975254730713246,"IRT",292,680,26,13,0.961424332344214,0.963172804532578,0.957377049180328,0.981240981240981,0.963172804532578,0.972122944960686
2000,1000,80,0.3,0.05,"a",FALSE,0.5,0,549,"32, 76, 70, 53","rf_probs",0,393,658,449,0.262,0.373929590865842,0,0.466745843230404,0.373929590865842,0.415213946117274,"rf_probs",0,120,225,144,0.245398773006135,0.347826086956522,0,0.454545454545455,0.347826086956522,0.394088669950739,"rf_probs",0,273,433,305,0.270029673590504,0.386685552407932,0,0.472318339100346,0.386685552407932,0.425233644859813
2000,1000,80,0.3,0.05,"a",FALSE,0.5,0,549,"32, 76, 70, 53","rf_class",422,1009,42,27,0.954,0.960038058991437,0.939866369710468,0.973938223938224,0.960038058991437,0.966938188787734,"rf_class",134,331,14,10,0.950920245398773,0.959420289855072,0.930555555555556,0.970674486803519,0.959420289855072,0.965014577259475,"rf_class",288,678,28,17,0.955489614243323,0.960339943342776,0.944262295081967,0.975539568345324,0.960339943342776,0.967880085653105
2000,1000,80,0.3,0.05,"a",FALSE,0.5,0,550,"32, 14, 52, 16","IRT",429,1020,33,18,0.966,0.968660968660969,0.959731543624161,0.982658959537572,0.968660968660969,0.975609756097561,"IRT",130,357,10,7,0.966269841269841,0.97275204359673,0.948905109489051,0.980769230769231,0.97275204359673,0.976744186046512,"IRT",299,663,23,11,0.965863453815261,0.966472303206997,0.964516129032258,0.983679525222552,0.966472303206997,0.975
2000,1000,80,0.3,0.05,"a",FALSE,0.5,0,550,"32, 14, 52, 16","rf_probs",0,384,669,447,0.256,0.364672364672365,0,0.462093862815884,0.364672364672365,0.407643312101911,"rf_probs",0,131,236,137,0.259920634920635,0.356948228882834,0,0.488805970149254,0.356948228882834,0.41259842519685,"rf_probs",0,253,433,310,0.254016064257028,0.368804664723032,0,0.449378330373002,0.368804664723032,0.405124099279424
2000,1000,80,0.3,0.05,"a",FALSE,0.5,0,550,"32, 14, 52, 16","rf_class",420,1016,37,27,0.957333333333333,0.964862298195632,0.939597315436242,0.974113135186961,0.964862298195632,0.969465648854962,"rf_class",125,354,13,12,0.950396825396825,0.964577656675749,0.912408759124088,0.967213114754098,0.964577656675749,0.965893587994543,"rf_class",295,662,24,15,0.960843373493976,0.965014577259475,0.951612903225806,0.977843426883309,0.965014577259475,0.971386647101981
2000,1000,80,0.3,0.05,"a",FALSE,0.5,0,551,"53, 38, 69, 1","IRT",422,1014,53,11,0.957333333333333,0.950328022492971,0.97459584295612,0.989268292682927,0.950328022492971,0.969407265774379,"IRT",136,336,18,7,0.949698189134809,0.949152542372881,0.951048951048951,0.979591836734694,0.949152542372881,0.964131994261119,"IRT",286,678,35,4,0.96111665004985,0.950911640953717,0.986206896551724,0.994134897360704,0.950911640953717,0.972043010752688
2000,1000,80,0.3,0.05,"a",FALSE,0.5,0,551,"53, 38, 69, 1","rf_probs",0,382,685,433,0.254666666666667,0.358013120899719,0,0.468711656441718,0.358013120899719,0.405951115834219,"rf_probs",0,116,238,143,0.233400402414487,0.327683615819209,0,0.447876447876448,0.327683615819209,0.378466557911909,"rf_probs",0,266,447,290,0.265204386839482,0.373071528751753,0,0.47841726618705,0.373071528751753,0.419227738376675
2000,1000,80,0.3,0.05,"a",FALSE,0.5,0,551,"53, 38, 69, 1","rf_class",411,1035,32,22,0.964,0.970009372071228,0.94919168591224,0.97918637653737,0.970009372071228,0.974576271186441,"rf_class",130,345,9,13,0.955734406438632,0.974576271186441,0.909090909090909,0.963687150837989,0.974576271186441,0.969101123595506,"rf_class",281,690,23,9,0.968095712861416,0.967741935483871,0.968965517241379,0.987124463519313,0.967741935483871,0.977337110481586
2000,1000,80,0.3,0.05,"a",FALSE,0.5,0,552,"3, 22, 18, 23","IRT",422,1020,37,21,0.961333333333333,0.964995269631031,0.952595936794582,0.979827089337176,0.964995269631031,0.972354623450906,"IRT",139,342,14,5,0.962,0.960674157303371,0.965277777777778,0.985590778097983,0.960674157303371,0.972972972972973,"IRT",283,678,23,16,0.961,0.967189728958631,0.946488294314381,0.976945244956772,0.967189728958631,0.972043010752688
2000,1000,80,0.3,0.05,"a",FALSE,0.5,0,552,"3, 22, 18, 23","rf_probs",0,333,724,443,0.222,0.315042573320719,0,0.429123711340206,0.315042573320719,0.363338788870704,"rf_probs",0,114,242,144,0.228,0.320224719101124,0,0.441860465116279,0.320224719101124,0.371335504885993,"rf_probs",0,219,482,299,0.219,0.312410841654779,0,0.422779922779923,0.312410841654779,0.359310910582445
2000,1000,80,0.3,0.05,"a",FALSE,0.5,0,552,"3, 22, 18, 23","rf_class",415,1023,34,28,0.958666666666667,0.967833491012299,0.936794582392777,0.973358705994291,0.967833491012299,0.970588235294118,"rf_class",134,345,11,10,0.958,0.969101123595506,0.930555555555556,0.971830985915493,0.969101123595506,0.970464135021097,"rf_class",281,678,23,18,0.959,0.967189728958631,0.939799331103679,0.974137931034483,0.967189728958631,0.970651395848246
2000,1000,80,0.3,0.05,"a",FALSE,0.5,0,553,"32, 23, 40, 11","IRT",432,1021,38,9,0.968666666666667,0.964117091595845,0.979591836734694,0.99126213592233,0.964117091595845,0.977501196744854,"IRT",137,360,13,1,0.972602739726027,0.96514745308311,0.992753623188406,0.997229916897507,0.96514745308311,0.980926430517711,"IRT",295,661,25,8,0.966632962588473,0.963556851311953,0.973597359735974,0.988041853512706,0.963556851311953,0.975645756457565
2000,1000,80,0.3,0.05,"a",FALSE,0.5,0,553,"32, 23, 40, 11","rf_probs",0,359,700,441,0.239333333333333,0.338999055712937,0,0.44875,0.338999055712937,0.386229155459925,"rf_probs",0,129,244,138,0.252446183953033,0.345844504021448,0,0.48314606741573,0.345844504021448,0.403125,"rf_probs",0,230,456,303,0.232558139534884,0.335276967930029,0,0.431519699812383,0.335276967930029,0.377358490566038
2000,1000,80,0.3,0.05,"a",FALSE,0.5,0,553,"32, 23, 40, 11","rf_class",425,1021,38,16,0.964,0.964117091595845,0.963718820861678,0.98457087753134,0.964117091595845,0.974236641221374,"rf_class",136,356,17,2,0.962818003913894,0.954423592493298,0.985507246376812,0.994413407821229,0.954423592493298,0.974008207934337,"rf_class",289,665,21,14,0.964610717896865,0.969387755102041,0.953795379537954,0.979381443298969,0.969387755102041,0.974358974358974
2000,1000,80,0.3,0.05,"a",FALSE,0.5,0,554,"59, 6, 48, 49","IRT",432,1002,50,16,0.956,0.952471482889734,0.964285714285714,0.984282907662082,0.952471482889734,0.968115942028985,"IRT",156,355,20,4,0.955140186915888,0.946666666666667,0.975,0.988857938718663,0.946666666666667,0.967302452316076,"IRT",276,647,30,12,0.956476683937824,0.955686853766617,0.958333333333333,0.981790591805766,0.955686853766617,0.968562874251497
2000,1000,80,0.3,0.05,"a",FALSE,0.5,0,554,"59, 6, 48, 49","rf_probs",0,383,669,448,0.255333333333333,0.364068441064639,0,0.460890493381468,0.364068441064639,0.40679766330324,"rf_probs",0,141,234,160,0.263551401869159,0.376,0,0.46843853820598,0.376,0.41715976331361,"rf_probs",0,242,435,288,0.250777202072539,0.357459379615953,0,0.456603773584906,0.357459379615953,0.4009942004971
2000,1000,80,0.3,0.05,"a",FALSE,0.5,0,554,"59, 6, 48, 49","rf_class",424,1009,43,24,0.955333333333333,0.959125475285171,0.946428571428571,0.97676669893514,0.959125475285171,0.967865707434053,"rf_class",156,358,17,4,0.960747663551402,0.954666666666667,0.975,0.988950276243094,0.954666666666667,0.971506105834464,"rf_class",268,651,26,20,0.952331606217617,0.961595273264402,0.930555555555556,0.970193740685544,0.961595273264402,0.965875370919881
2000,1000,80,0.3,0.05,"a",FALSE,0.5,0,555,"21, 80, 19, 7","IRT",445,998,47,10,0.962,0.955023923444976,0.978021978021978,0.990079365079365,0.955023923444976,0.972235752557233,"IRT",158,323,16,5,0.958167330677291,0.952802359882006,0.969325153374233,0.984756097560976,0.952802359882006,0.968515742128936,"IRT",287,675,31,5,0.963927855711423,0.956090651558074,0.982876712328767,0.992647058823529,0.956090651558074,0.974025974025974
2000,1000,80,0.3,0.05,"a",FALSE,0.5,0,555,"21, 80, 19, 7","rf_probs",0,329,716,455,0.219333333333333,0.314832535885167,0,0.419642857142857,0.314832535885167,0.35975943138327,"rf_probs",0,106,233,163,0.211155378486056,0.312684365781711,0,0.394052044609665,0.312684365781711,0.348684210526316,"rf_probs",0,223,483,292,0.223446893787575,0.31586402266289,0,0.433009708737864,0.31586402266289,0.365274365274365
2000,1000,80,0.3,0.05,"a",FALSE,0.5,0,555,"21, 80, 19, 7","rf_class",431,1009,36,24,0.96,0.96555023923445,0.947252747252747,0.97676669893514,0.96555023923445,0.971126082771896,"rf_class",152,324,15,11,0.948207171314741,0.955752212389381,0.932515337423313,0.967164179104478,0.955752212389381,0.961424332344214,"rf_class",279,685,21,13,0.965931863727455,0.970254957507082,0.955479452054795,0.981375358166189,0.970254957507082,0.975783475783476
2000,1000,80,0.3,0.05,"a",FALSE,0.5,0,556,"31, 14, 23, 26","IRT",444,1000,43,13,0.962666666666667,0.958772770853308,0.971553610503282,0.987166831194472,0.958772770853308,0.972762645914397,"IRT",140,336,12,2,0.971428571428571,0.96551724137931,0.985915492957746,0.994082840236686,0.96551724137931,0.979591836734694,"IRT",304,664,31,11,0.958415841584158,0.955395683453237,0.965079365079365,0.983703703703704,0.955395683453237,0.969343065693431
2000,1000,80,0.3,0.05,"a",FALSE,0.5,0,556,"31, 14, 23, 26","rf_probs",0,334,709,457,0.222666666666667,0.320230105465005,0,0.422250316055626,0.320230105465005,0.36423118865867,"rf_probs",0,98,250,142,0.2,0.281609195402299,0,0.408333333333333,0.281609195402299,0.333333333333333,"rf_probs",0,236,459,315,0.233663366336634,0.339568345323741,0,0.428312159709619,0.339568345323741,0.378812199036918
2000,1000,80,0.3,0.05,"a",FALSE,0.5,0,556,"31, 14, 23, 26","rf_class",427,1005,38,30,0.954666666666667,0.963566634707574,0.934354485776805,0.971014492753623,0.963566634707574,0.967276227141482,"rf_class",133,337,11,9,0.959183673469388,0.968390804597701,0.936619718309859,0.973988439306358,0.968390804597701,0.971181556195965,"rf_class",294,668,27,21,0.952475247524752,0.961151079136691,0.933333333333333,0.969521044992743,0.961151079136691,0.965317919075144
2000,1000,80,0.3,0.05,"a",FALSE,0.5,0,557,"75, 74, 73, 52","IRT",439,1008,32,21,0.964666666666667,0.969230769230769,0.954347826086957,0.979591836734694,0.969230769230769,0.974383760270662,"IRT",156,334,8,9,0.96646942800789,0.976608187134503,0.945454545454545,0.973760932944606,0.976608187134503,0.975182481751825,"IRT",283,674,24,12,0.963746223564955,0.965616045845272,0.959322033898305,0.982507288629738,0.965616045845272,0.973988439306358
2000,1000,80,0.3,0.05,"a",FALSE,0.5,0,557,"75, 74, 73, 52","rf_probs",0,341,699,460,0.227333333333333,0.327884615384615,0,0.425717852684145,0.327884615384615,0.370450841933732,"rf_probs",0,94,248,165,0.185404339250493,0.274853801169591,0,0.362934362934363,0.274853801169591,0.312811980033278,"rf_probs",0,247,451,295,0.248741188318228,0.353868194842407,0,0.455719557195572,0.353868194842407,0.398387096774194
2000,1000,80,0.3,0.05,"a",FALSE,0.5,0,557,"75, 74, 73, 52","rf_class",439,1001,39,21,0.96,0.9625,0.954347826086957,0.979452054794521,0.9625,0.97090203685742,"rf_class",154,328,14,11,0.95069033530572,0.95906432748538,0.933333333333333,0.967551622418879,0.95906432748538,0.963289280469897,"rf_class",285,673,25,10,0.964753272910373,0.964183381088825,0.966101694915254,0.985358711566618,0.964183381088825,0.97465604634323
2000,1000,80,0.3,0.05,"a",FALSE,0.5,0,558,"28, 19, 46, 65","IRT",436,1012,40,12,0.965333333333333,0.961977186311787,0.973214285714286,0.98828125,0.961977186311787,0.97495183044316,"IRT",156,354,11,3,0.973282442748092,0.96986301369863,0.981132075471698,0.991596638655462,0.96986301369863,0.980609418282548,"IRT",280,658,29,9,0.961065573770492,0.957787481804949,0.968858131487889,0.986506746626687,0.957787481804949,0.971935007385524
2000,1000,80,0.3,0.05,"a",FALSE,0.5,0,558,"28, 19, 46, 65","rf_probs",0,353,699,448,0.235333333333333,0.335551330798479,0,0.440699126092385,0.335551330798479,0.381003777657852,"rf_probs",0,114,251,159,0.217557251908397,0.312328767123288,0,0.417582417582418,0.312328767123288,0.357366771159875,"rf_probs",0,239,448,289,0.244877049180328,0.347889374090247,0,0.452651515151515,0.347889374090247,0.393415637860082
2000,1000,80,0.3,0.05,"a",FALSE,0.5,0,558,"28, 19, 46, 65","rf_class",432,1004,48,16,0.957333333333333,0.954372623574145,0.964285714285714,0.984313725490196,0.954372623574145,0.969111969111969,"rf_class",154,350,15,5,0.961832061068702,0.958904109589041,0.968553459119497,0.985915492957746,0.958904109589041,0.972222222222222,"rf_class",278,654,33,11,0.954918032786885,0.951965065502183,0.961937716262976,0.983458646616541,0.951965065502183,0.967455621301775
2000,1000,80,0.3,0.05,"a",FALSE,0.5,0,559,"42, 28, 41, 11","IRT",432,998,56,14,0.953333333333333,0.946869070208729,0.968609865470852,0.986166007905138,0.946869070208729,0.966118102613746,"IRT",145,336,15,6,0.958167330677291,0.957264957264957,0.960264900662252,0.982456140350877,0.957264957264957,0.96969696969697,"IRT",287,662,41,8,0.950901803607214,0.941678520625889,0.972881355932203,0.988059701492537,0.941678520625889,0.964311726147123
2000,1000,80,0.3,0.05,"a",FALSE,0.5,0,559,"42, 28, 41, 11","rf_probs",0,421,633,446,0.280666666666667,0.399430740037951,0,0.48558246828143,0.399430740037951,0.438313378448725,"rf_probs",0,140,211,151,0.278884462151394,0.398860398860399,0,0.481099656357388,0.398860398860399,0.43613707165109,"rf_probs",0,281,422,295,0.281563126252505,0.399715504978663,0,0.487847222222222,0.399715504978663,0.439405785770133
2000,1000,80,0.3,0.05,"a",FALSE,0.5,0,559,"42, 28, 41, 11","rf_class",424,1002,52,22,0.950666666666667,0.950664136622391,0.95067264573991,0.978515625,0.950664136622391,0.964388835418672,"rf_class",144,332,19,7,0.948207171314741,0.945868945868946,0.95364238410596,0.979351032448378,0.945868945868946,0.96231884057971,"rf_class",280,670,33,15,0.95190380761523,0.953058321479374,0.949152542372881,0.978102189781022,0.953058321479374,0.965417867435159
2000,1000,80,0.3,0.05,"a",FALSE,0.5,0,560,"65, 31, 33, 9","IRT",437,1006,49,8,0.962,0.953554502369668,0.982022471910112,0.992110453648915,0.953554502369668,0.972450459159014,"IRT",166,325,15,2,0.966535433070866,0.955882352941177,0.988095238095238,0.99388379204893,0.955882352941177,0.974512743628186,"IRT",271,681,34,6,0.959677419354839,0.952447552447552,0.978339350180505,0.991266375545852,0.952447552447552,0.971469329529244
2000,1000,80,0.3,0.05,"a",FALSE,0.5,0,560,"65, 31, 33, 9","rf_probs",0,346,709,445,0.230666666666667,0.327962085308057,0,0.437420986093552,0.327962085308057,0.374864572047671,"rf_probs",0,105,235,168,0.206692913385827,0.308823529411765,0,0.384615384615385,0.308823529411765,0.34257748776509,"rf_probs",0,241,474,277,0.242943548387097,0.337062937062937,0,0.465250965250965,0.337062937062937,0.390916463909165
2000,1000,80,0.3,0.05,"a",FALSE,0.5,0,560,"65, 31, 33, 9","rf_class",425,1022,33,20,0.964666666666667,0.968720379146919,0.955056179775281,0.980806142034549,0.968720379146919,0.974725798760134,"rf_class",162,327,13,6,0.96259842519685,0.961764705882353,0.964285714285714,0.981981981981982,0.961764705882353,0.971768202080238,"rf_class",263,695,20,14,0.965725806451613,0.972027972027972,0.949458483754513,0.980253878702398,0.972027972027972,0.976123595505618
2000,1000,80,0.3,0.05,"a",FALSE,0.5,0,561,"8, 59, 27, 51","IRT",428,999,64,9,0.951333333333333,0.939793038570085,0.979405034324943,0.991071428571429,0.939793038570085,0.964751327860937,"IRT",142,340,19,2,0.958250497017893,0.947075208913649,0.986111111111111,0.994152046783626,0.947075208913649,0.970042796005706,"IRT",286,659,45,7,0.947843530591775,0.936079545454545,0.976109215017065,0.989489489489489,0.936079545454545,0.962043795620438
2000,1000,80,0.3,0.05,"a",FALSE,0.5,0,561,"8, 59, 27, 51","rf_probs",0,347,716,437,0.231333333333333,0.326434619002822,0,0.442602040816327,0.326434619002822,0.375744450460206,"rf_probs",0,112,247,144,0.222664015904573,0.311977715877437,0,0.4375,0.311977715877437,0.364227642276423,"rf_probs",0,235,469,293,0.235707121364092,0.333806818181818,0,0.445075757575758,0.333806818181818,0.381493506493507
2000,1000,80,0.3,0.05,"a",FALSE,0.5,0,561,"8, 59, 27, 51","rf_class",417,1012,51,20,0.952666666666667,0.952022577610536,0.954233409610984,0.98062015503876,0.952022577610536,0.966109785202864,"rf_class",135,341,18,9,0.946322067594433,0.949860724233983,0.9375,0.974285714285714,0.949860724233983,0.961918194640339,"rf_class",282,671,33,11,0.955867602808425,0.953125,0.962457337883959,0.983870967741935,0.953125,0.968253968253968
2000,1000,80,0.3,0.05,"a",FALSE,0.5,0,562,"31, 28, 65, 72","IRT",461,978,52,9,0.959333333333333,0.949514563106796,0.980851063829787,0.990881458966565,0.949514563106796,0.969757064947942,"IRT",146,321,19,4,0.953061224489796,0.944117647058824,0.973333333333333,0.987692307692308,0.944117647058824,0.965413533834587,"IRT",315,657,33,5,0.962376237623762,0.952173913043478,0.984375,0.992447129909366,0.952173913043478,0.97189349112426
2000,1000,80,0.3,0.05,"a",FALSE,0.5,0,562,"31, 28, 65, 72","rf_probs",0,387,643,470,0.258,0.375728155339806,0,0.451575262543757,0.375728155339806,0.410174880763116,"rf_probs",0,123,217,150,0.251020408163265,0.361764705882353,0,0.450549450549451,0.361764705882353,0.401305057096248,"rf_probs",0,264,426,320,0.261386138613861,0.382608695652174,0,0.452054794520548,0.382608695652174,0.414442700156986
2000,1000,80,0.3,0.05,"a",FALSE,0.5,0,562,"31, 28, 65, 72","rf_class",447,999,31,23,0.964,0.969902912621359,0.951063829787234,0.977495107632094,0.969902912621359,0.973684210526316,"rf_class",141,328,12,9,0.957142857142857,0.964705882352941,0.94,0.973293768545994,0.964705882352941,0.968980797636632,"rf_class",306,671,19,14,0.967326732673267,0.972463768115942,0.95625,0.97956204379562,0.972463768115942,0.976
2000,1000,80,0.3,0.05,"a",FALSE,0.5,0,563,"62, 16, 79, 23","IRT",418,1039,29,14,0.971333333333333,0.972846441947566,0.967592592592593,0.98670465337132,0.972846441947566,0.97972654408298,"IRT",163,343,10,6,0.969348659003831,0.971671388101983,0.964497041420118,0.982808022922636,0.971671388101983,0.977207977207977,"IRT",255,696,19,8,0.97239263803681,0.973426573426573,0.96958174904943,0.988636363636364,0.973426573426573,0.980972515856237
2000,1000,80,0.3,0.05,"a",FALSE,0.5,0,563,"62, 16, 79, 23","rf_probs",0,352,716,432,0.234666666666667,0.329588014981273,0,0.448979591836735,0.329588014981273,0.380129589632829,"rf_probs",0,106,247,169,0.203065134099617,0.30028328611898,0,0.385454545454545,0.30028328611898,0.337579617834395,"rf_probs",0,246,469,263,0.251533742331288,0.344055944055944,0,0.483300589390963,0.344055944055944,0.401960784313726
2000,1000,80,0.3,0.05,"a",FALSE,0.5,0,563,"62, 16, 79, 23","rf_class",413,1037,31,19,0.966666666666667,0.970973782771536,0.956018518518518,0.982007575757576,0.970973782771536,0.976459510357815,"rf_class",163,342,11,6,0.967432950191571,0.968838526912181,0.964497041420118,0.982758620689655,0.968838526912181,0.975748930099857,"rf_class",250,695,20,13,0.966257668711656,0.972027972027972,0.950570342205323,0.981638418079096,0.972027972027972,0.976809557273366
2000,1000,80,0.3,0.05,"a",FALSE,0.5,0,564,"51, 12, 77, 76","IRT",443,997,55,5,0.96,0.947718631178707,0.988839285714286,0.99500998003992,0.947718631178707,0.97078870496592,"IRT",130,320,20,3,0.951374207188161,0.941176470588235,0.977443609022556,0.990712074303406,0.941176470588235,0.965309200603318,"IRT",313,677,35,2,0.963972736124635,0.950842696629214,0.993650793650794,0.997054491899853,0.950842696629214,0.973400431344357
2000,1000,80,0.3,0.05,"a",FALSE,0.5,0,564,"51, 12, 77, 76","rf_probs",0,380,672,448,0.253333333333333,0.361216730038023,0,0.458937198067633,0.361216730038023,0.404255319148936,"rf_probs",0,113,227,133,0.238900634249471,0.332352941176471,0,0.459349593495935,0.332352941176471,0.385665529010239,"rf_probs",0,267,445,315,0.259980525803311,0.375,0,0.458762886597938,0.375,0.412673879443586
2000,1000,80,0.3,0.05,"a",FALSE,0.5,0,564,"51, 12, 77, 76","rf_class",434,1012,40,14,0.964,0.961977186311787,0.96875,0.98635477582846,0.961977186311787,0.974013474494706,"rf_class",129,324,16,4,0.957716701902748,0.952941176470588,0.969924812030075,0.98780487804878,0.952941176470588,0.970059880239521,"rf_class",305,688,24,10,0.966893865628043,0.966292134831461,0.968253968253968,0.98567335243553,0.966292134831461,0.975886524822695
2000,1000,80,0.3,0.05,"a",FALSE,0.5,0,565,"21, 17, 20, 70","IRT",434,998,63,5,0.954666666666667,0.94062205466541,0.988610478359909,0.995014955134596,0.94062205466541,0.967054263565892,"IRT",142,311,18,1,0.959745762711864,0.945288753799392,0.993006993006993,0.996794871794872,0.945288753799392,0.970358814352574,"IRT",292,687,45,4,0.952334630350194,0.938524590163934,0.986486486486487,0.994211287988423,0.938524590163934,0.965565706254392
2000,1000,80,0.3,0.05,"a",FALSE,0.5,0,565,"21, 17, 20, 70","rf_probs",0,388,673,439,0.258666666666667,0.36569274269557,0,0.469165659008464,0.36569274269557,0.411016949152542,"rf_probs",0,108,221,143,0.228813559322034,0.328267477203647,0,0.430278884462151,0.328267477203647,0.372413793103448,"rf_probs",0,280,452,296,0.272373540856031,0.382513661202186,0,0.486111111111111,0.382513661202186,0.428134556574924
2000,1000,80,0.3,0.05,"a",FALSE,0.5,0,565,"21, 17, 20, 70","rf_class",425,1014,47,14,0.959333333333333,0.955702167766258,0.968109339407745,0.986381322957198,0.955702167766258,0.97079942556247,"rf_class",139,317,12,4,0.966101694915254,0.963525835866261,0.972027972027972,0.987538940809969,0.963525835866261,0.975384615384616,"rf_class",286,697,35,10,0.956225680933852,0.952185792349727,0.966216216216216,0.985855728429986,0.952185792349727,0.968728283530229
2000,1000,80,0.3,0.05,"a",FALSE,0.5,0,566,"19, 10, 23, 2","IRT",439,1010,42,9,0.966,0.960076045627376,0.979910714285714,0.99116781157998,0.960076045627376,0.975374215354901,"IRT",145,336,12,1,0.973684210526316,0.96551724137931,0.993150684931507,0.997032640949555,0.96551724137931,0.981021897810219,"IRT",294,674,30,8,0.962226640159046,0.957386363636364,0.973509933774834,0.988269794721408,0.957386363636364,0.972582972582972
2000,1000,80,0.3,0.05,"a",FALSE,0.5,0,566,"19, 10, 23, 2","rf_probs",0,367,685,448,0.244666666666667,0.348859315589354,0,0.450306748466258,0.348859315589354,0.393144081414033,"rf_probs",0,120,228,146,0.242914979757085,0.344827586206897,0,0.451127819548872,0.344827586206897,0.390879478827362,"rf_probs",0,247,457,302,0.245526838966203,0.350852272727273,0,0.449908925318761,0.350852272727273,0.394253790901836
2000,1000,80,0.3,0.05,"a",FALSE,0.5,0,566,"19, 10, 23, 2","rf_class",430,1006,46,18,0.957333333333333,0.956273764258555,0.959821428571429,0.982421875,0.956273764258555,0.969171483622351,"rf_class",144,334,14,2,0.967611336032389,0.959770114942529,0.986301369863014,0.994047619047619,0.959770114942529,0.976608187134503,"rf_class",286,672,32,16,0.952286282306163,0.954545454545455,0.947019867549669,0.976744186046512,0.954545454545455,0.96551724137931
2000,1000,80,0.3,0.05,"a",FALSE,0.5,0,567,"73, 7, 35, 44","IRT",432,1021,21,26,0.968666666666667,0.979846449136276,0.943231441048035,0.975167144221585,0.979846449136276,0.977501196744854,"IRT",127,364,8,11,0.962745098039216,0.978494623655914,0.920289855072464,0.970666666666667,0.978494623655914,0.974564926372155,"IRT",305,657,13,15,0.971717171717172,0.980597014925373,0.953125,0.977678571428571,0.980597014925373,0.979135618479881
2000,1000,80,0.3,0.05,"a",FALSE,0.5,0,567,"73, 7, 35, 44","rf_probs",0,308,734,458,0.205333333333333,0.295585412667946,0,0.402088772845953,0.295585412667946,0.34070796460177,"rf_probs",0,109,263,138,0.213725490196078,0.293010752688172,0,0.441295546558704,0.293010752688172,0.352180936995153,"rf_probs",0,199,471,320,0.201010101010101,0.297014925373134,0,0.383429672447013,0.297014925373134,0.334735071488646
2000,1000,80,0.3,0.05,"a",FALSE,0.5,0,567,"73, 7, 35, 44","rf_class",429,1006,36,29,0.956666666666667,0.965451055662188,0.936681222707424,0.971980676328502,0.965451055662188,0.96870486278286,"rf_class",127,359,13,11,0.952941176470588,0.96505376344086,0.920289855072464,0.97027027027027,0.96505376344086,0.967654986522911,"rf_class",302,647,23,18,0.958585858585859,0.965671641791045,0.94375,0.972932330827068,0.965671641791045,0.969288389513109
2000,1000,80,0.3,0.05,"a",FALSE,0.5,0,568,"62, 45, 27, 12","IRT",440,1000,45,15,0.96,0.956937799043062,0.967032967032967,0.985221674876847,0.956937799043062,0.970873786407767,"IRT",133,334,17,8,0.949186991869919,0.951566951566952,0.943262411347518,0.976608187134503,0.951566951566952,0.963924963924964,"IRT",307,666,28,7,0.965277777777778,0.959654178674352,0.977707006369427,0.989598811292719,0.959654178674352,0.974396488661302
2000,1000,80,0.3,0.05,"a",FALSE,0.5,0,568,"62, 45, 27, 12","rf_probs",0,359,686,455,0.239333333333333,0.343540669856459,0,0.441031941031941,0.343540669856459,0.386229155459925,"rf_probs",0,120,231,141,0.24390243902439,0.341880341880342,0,0.459770114942529,0.341880341880342,0.392156862745098,"rf_probs",0,239,455,314,0.237103174603175,0.344380403458213,0,0.432188065099458,0.344380403458213,0.383319967923015
2000,1000,80,0.3,0.05,"a",FALSE,0.5,0,568,"62, 45, 27, 12","rf_class",418,1006,39,37,0.949333333333333,0.962679425837321,0.918681318681319,0.964525407478428,0.962679425837321,0.96360153256705,"rf_class",126,337,14,15,0.941056910569106,0.96011396011396,0.893617021276596,0.957386363636364,0.96011396011396,0.958748221906117,"rf_class",292,669,25,22,0.953373015873016,0.963976945244957,0.929936305732484,0.968162083936324,0.963976945244957,0.966064981949459
2000,1000,80,0.3,0.05,"a",FALSE,0.5,0,569,"63, 44, 29, 77","IRT",457,962,72,9,0.946,0.93036750483559,0.98068669527897,0.990731204943357,0.93036750483559,0.959600997506234,"IRT",158,318,24,4,0.944444444444444,0.929824561403509,0.975308641975309,0.987577639751553,0.929824561403509,0.957831325301205,"IRT",299,644,48,5,0.946787148594378,0.930635838150289,0.983552631578947,0.992295839753467,0.930635838150289,0.960477255779269
2000,1000,80,0.3,0.05,"a",FALSE,0.5,0,569,"63, 44, 29, 77","rf_probs",0,372,662,466,0.248,0.359767891682785,0,0.443914081145585,0.359767891682785,0.397435897435897,"rf_probs",0,115,227,162,0.228174603174603,0.33625730994152,0,0.415162454873646,0.33625730994152,0.37156704361874,"rf_probs",0,257,435,304,0.258032128514056,0.371387283236994,0,0.458110516934046,0.371387283236994,0.410215482841181
2000,1000,80,0.3,0.05,"a",FALSE,0.5,0,569,"63, 44, 29, 77","rf_class",429,990,44,37,0.946,0.957446808510638,0.920600858369099,0.963972736124635,0.957446808510638,0.960698689956332,"rf_class",151,329,13,11,0.952380952380952,0.961988304093567,0.932098765432099,0.967647058823529,0.961988304093567,0.964809384164223,"rf_class",278,661,31,26,0.942771084337349,0.955202312138728,0.914473684210526,0.962154294032023,0.955202312138728,0.958665699782451
2000,1000,80,0.3,0.05,"a",FALSE,0.5,0,570,"64, 16, 80, 12","IRT",455,986,46,13,0.960666666666667,0.955426356589147,0.972222222222222,0.986986986986987,0.955426356589147,0.97095027080256,"IRT",163,326,12,6,0.964497041420118,0.964497041420118,0.964497041420118,0.981927710843373,0.964497041420118,0.973134328358209,"IRT",292,660,34,7,0.958710976837865,0.951008645533141,0.976588628762542,0.989505247376312,0.951008645533141,0.969875091844232
2000,1000,80,0.3,0.05,"a",FALSE,0.5,0,570,"64, 16, 80, 12","rf_probs",0,345,687,468,0.23,0.334302325581395,0,0.424354243542435,0.334302325581395,0.373983739837398,"rf_probs",0,120,218,169,0.236686390532544,0.355029585798817,0,0.41522491349481,0.355029585798817,0.382775119617225,"rf_probs",0,225,469,299,0.226586102719033,0.324207492795389,0,0.429389312977099,0.324207492795389,0.369458128078818
2000,1000,80,0.3,0.05,"a",FALSE,0.5,0,570,"64, 16, 80, 12","rf_class",442,991,41,26,0.955333333333333,0.960271317829457,0.944444444444444,0.974434611602753,0.960271317829457,0.96730112249878,"rf_class",159,326,12,10,0.956607495069034,0.964497041420118,0.940828402366864,0.970238095238095,0.964497041420118,0.967359050445104,"rf_class",283,665,29,16,0.954682779456193,0.95821325648415,0.946488294314381,0.976505139500734,0.95821325648415,0.967272727272727
2000,1000,80,0.3,0.05,"a",FALSE,0.5,0,571,"44, 65, 73, 66","IRT",423,1014,58,5,0.958,0.94589552238806,0.988317757009346,0.995093228655545,0.94589552238806,0.96987087517934,"IRT",149,359,21,1,0.958490566037736,0.944736842105263,0.993333333333333,0.997222222222222,0.944736842105263,0.97027027027027,"IRT",274,655,37,4,0.957731958762887,0.946531791907514,0.985611510791367,0.993930197268589,0.946531791907514,0.969652109548483
2000,1000,80,0.3,0.05,"a",FALSE,0.5,0,571,"44, 65, 73, 66","rf_probs",0,410,662,428,0.273333333333333,0.382462686567164,0,0.489260143198091,0.382462686567164,0.429319371727749,"rf_probs",0,137,243,150,0.258490566037736,0.360526315789474,0,0.477351916376307,0.360526315789474,0.410794602698651,"rf_probs",0,273,419,278,0.281443298969072,0.394508670520231,0,0.49546279491833,0.394508670520231,0.439259855189059
2000,1000,80,0.3,0.05,"a",FALSE,0.5,0,571,"44, 65, 73, 66","rf_class",408,1033,39,20,0.960666666666667,0.963619402985075,0.953271028037383,0.981006647673314,0.963619402985075,0.972235294117647,"rf_class",142,367,13,8,0.960377358490566,0.965789473684211,0.946666666666667,0.978666666666667,0.965789473684211,0.972185430463576,"rf_class",266,666,26,12,0.960824742268041,0.96242774566474,0.956834532374101,0.982300884955752,0.96242774566474,0.972262773722628
2000,1000,80,0.3,0.05,"a",FALSE,0.5,0,572,"52, 17, 56, 59","IRT",440,1011,35,14,0.967333333333333,0.966539196940727,0.969162995594714,0.986341463414634,0.966539196940727,0.976339932399807,"IRT",136,349,11,4,0.97,0.969444444444444,0.971428571428571,0.988668555240793,0.969444444444444,0.978962131837307,"IRT",304,662,24,10,0.966,0.965014577259475,0.968152866242038,0.985119047619048,0.965014577259475,0.974963181148748
2000,1000,80,0.3,0.05,"a",FALSE,0.5,0,572,"52, 17, 56, 59","rf_probs",0,342,704,454,0.228,0.326959847036329,0,0.42964824120603,0.326959847036329,0.371335504885993,"rf_probs",0,119,241,140,0.238,0.330555555555556,0,0.459459459459459,0.330555555555556,0.384491114701131,"rf_probs",0,223,463,314,0.223,0.325072886297376,0,0.415270018621974,0.325072886297376,0.364677023712183
2000,1000,80,0.3,0.05,"a",FALSE,0.5,0,572,"52, 17, 56, 59","rf_class",435,1010,36,19,0.963333333333333,0.965583173996176,0.958149779735683,0.98153547133139,0.965583173996176,0.973493975903614,"rf_class",135,346,14,5,0.962,0.961111111111111,0.964285714285714,0.985754985754986,0.961111111111111,0.973277074542897,"rf_class",300,664,22,14,0.964,0.967930029154519,0.955414012738854,0.979351032448378,0.967930029154519,0.973607038123167
2000,1000,80,0.3,0.05,"a",FALSE,0.5,0,573,"40, 57, 70, 7","IRT",449,1003,31,17,0.968,0.970019342359768,0.963519313304721,0.983333333333333,0.970019342359768,0.976630963972736,"IRT",152,329,9,6,0.969758064516129,0.973372781065089,0.962025316455696,0.982089552238806,0.973372781065089,0.977711738484398,"IRT",297,674,22,11,0.967131474103586,0.968390804597701,0.964285714285714,0.983941605839416,0.968390804597701,0.976104272266474
2000,1000,80,0.3,0.05,"a",FALSE,0.5,0,573,"40, 57, 70, 7","rf_probs",0,324,710,466,0.216,0.313346228239845,0,0.410126582278481,0.313346228239845,0.355263157894737,"rf_probs",0,113,225,158,0.227822580645161,0.334319526627219,0,0.416974169741697,0.334319526627219,0.371100164203613,"rf_probs",0,211,485,308,0.210159362549801,0.30316091954023,0,0.40655105973025,0.30316091954023,0.347325102880658
2000,1000,80,0.3,0.05,"a",FALSE,0.5,0,573,"40, 57, 70, 7","rf_class",438,1002,32,28,0.96,0.969052224371373,0.939914163090129,0.972815533980583,0.969052224371373,0.97093023255814,"rf_class",147,327,11,11,0.955645161290323,0.967455621301775,0.930379746835443,0.967455621301775,0.967455621301775,0.967455621301775,"rf_class",291,675,21,17,0.962151394422311,0.969827586206897,0.944805194805195,0.975433526011561,0.969827586206897,0.972622478386167
2000,1000,80,0.3,0.05,"a",FALSE,0.5,0,574,"73, 47, 18, 29","IRT",410,1046,22,22,0.970666666666667,0.97940074906367,0.949074074074074,0.97940074906367,0.97940074906367,0.97940074906367,"IRT",147,341,5,6,0.977955911823647,0.985549132947977,0.96078431372549,0.982708933717579,0.985549132947977,0.984126984126984,"IRT",263,705,17,16,0.967032967032967,0.976454293628809,0.942652329749104,0.977808599167822,0.976454293628809,0.977130977130977
2000,1000,80,0.3,0.05,"a",FALSE,0.5,0,574,"73, 47, 18, 29","rf_probs",0,395,673,432,0.263333333333333,0.369850187265918,0,0.477629987908102,0.369850187265918,0.41688654353562,"rf_probs",0,119,227,153,0.238476953907816,0.34393063583815,0,0.4375,0.34393063583815,0.385113268608414,"rf_probs",0,276,446,279,0.275724275724276,0.382271468144044,0,0.497297297297297,0.382271468144044,0.432263116679718
2000,1000,80,0.3,0.05,"a",FALSE,0.5,0,574,"73, 47, 18, 29","rf_class",410,1034,34,22,0.962666666666667,0.968164794007491,0.949074074074074,0.979166666666667,0.968164794007491,0.973634651600753,"rf_class",148,335,11,5,0.967935871743487,0.968208092485549,0.967320261437909,0.985294117647059,0.968208092485549,0.97667638483965,"rf_class",262,699,23,17,0.96003996003996,0.96814404432133,0.939068100358423,0.976256983240223,0.96814404432133,0.972183588317107
2000,1000,80,0.3,0.05,"a",FALSE,0.5,0,575,"55, 49, 63, 71","IRT",452,985,45,18,0.958,0.956310679611651,0.961702127659574,0.982053838484546,0.956310679611651,0.969011313330054,"IRT",153,314,18,6,0.95112016293279,0.94578313253012,0.962264150943396,0.98125,0.94578313253012,0.96319018404908,"IRT",299,671,27,12,0.961347869177403,0.961318051575931,0.961414790996785,0.982430453879941,0.961318051575931,0.971759594496742
2000,1000,80,0.3,0.05,"a",FALSE,0.5,0,575,"55, 49, 63, 71","rf_probs",0,335,695,470,0.223333333333333,0.325242718446602,0,0.416149068322981,0.325242718446602,0.365122615803815,"rf_probs",0,113,219,159,0.230142566191446,0.340361445783133,0,0.415441176470588,0.340361445783133,0.374172185430464,"rf_probs",0,222,476,311,0.22001982160555,0.318051575931232,0,0.416510318949343,0.318051575931232,0.36068237205524
2000,1000,80,0.3,0.05,"a",FALSE,0.5,0,575,"55, 49, 63, 71","rf_class",432,1002,28,38,0.956,0.972815533980583,0.919148936170213,0.963461538461538,0.972815533980583,0.968115942028986,"rf_class",146,321,11,13,0.95112016293279,0.966867469879518,0.918238993710692,0.961077844311377,0.966867469879518,0.963963963963964,"rf_class",286,681,17,25,0.958374628344896,0.975644699140401,0.919614147909968,0.964589235127479,0.975644699140401,0.97008547008547
2000,1000,80,0.3,0.05,"a",FALSE,0.5,0,576,"52, 29, 72, 49","IRT",413,1029,33,25,0.961333333333333,0.968926553672316,0.942922374429224,0.976280834914611,0.968926553672316,0.972589792060492,"IRT",145,352,14,6,0.961315280464217,0.961748633879781,0.960264900662252,0.983240223463687,0.961748633879781,0.972375690607735,"IRT",268,677,19,19,0.961342828077314,0.972701149425287,0.933797909407665,0.972701149425287,0.972701149425287,0.972701149425288
2000,1000,80,0.3,0.05,"a",FALSE,0.5,0,576,"52, 29, 72, 49","rf_probs",0,384,678,438,0.256,0.361581920903955,0,0.467153284671533,0.361581920903955,0.407643312101911,"rf_probs",0,142,224,151,0.274661508704062,0.387978142076503,0,0.484641638225256,0.387978142076503,0.430955993930197,"rf_probs",0,242,454,287,0.24618514750763,0.347701149425287,0,0.457466918714556,0.347701149425287,0.395102040816327
2000,1000,80,0.3,0.05,"a",FALSE,0.5,0,576,"52, 29, 72, 49","rf_class",418,1005,57,20,0.948666666666667,0.946327683615819,0.954337899543379,0.980487804878049,0.946327683615819,0.963104935313848,"rf_class",143,347,19,8,0.947775628626692,0.948087431693989,0.947019867549669,0.977464788732394,0.948087431693989,0.9625520110957,"rf_class",275,658,38,12,0.949135300101729,0.945402298850575,0.958188153310105,0.982089552238806,0.945402298850575,0.963396778916545
2000,1000,80,0.3,0.05,"a",FALSE,0.5,0,577,"28, 62, 67, 78","IRT",426,995,69,10,0.947333333333333,0.93515037593985,0.977064220183486,0.990049751243781,0.93515037593985,0.961817303044949,"IRT",149,334,27,4,0.939688715953307,0.925207756232687,0.973856209150327,0.988165680473373,0.925207756232687,0.955650929899857,"IRT",277,661,42,6,0.95131845841785,0.940256045519203,0.978798586572438,0.991004497751124,0.940256045519203,0.964963503649635
2000,1000,80,0.3,0.05,"a",FALSE,0.5,0,577,"28, 62, 67, 78","rf_probs",0,342,722,436,0.228,0.321428571428571,0,0.439588688946015,0.321428571428571,0.371335504885994,"rf_probs",0,109,252,153,0.212062256809339,0.301939058171745,0,0.416030534351145,0.301939058171745,0.34991974317817,"rf_probs",0,233,470,283,0.23630831643002,0.331436699857752,0,0.451550387596899,0.331436699857752,0.38228055783429
2000,1000,80,0.3,0.05,"a",FALSE,0.5,0,577,"28, 62, 67, 78","rf_class",414,1018,46,22,0.954666666666667,0.956766917293233,0.94954128440367,0.978846153846154,0.956766917293233,0.967680608365019,"rf_class",145,343,18,8,0.949416342412451,0.950138504155125,0.947712418300654,0.977207977207977,0.950138504155125,0.963483146067416,"rf_class",269,675,28,14,0.957403651115619,0.960170697012802,0.950530035335689,0.979680696661829,0.960170697012802,0.969827586206896
2000,1000,80,0.3,0.05,"a",FALSE,0.5,0,578,"68, 9, 38, 10","IRT",419,1028,31,22,0.964666666666667,0.970727101038716,0.950113378684807,0.979047619047619,0.970727101038716,0.974869606448554,"IRT",141,350,12,6,0.964636542239686,0.966850828729282,0.959183673469388,0.98314606741573,0.966850828729282,0.974930362116992,"IRT",278,678,19,16,0.96468213925328,0.972740315638451,0.945578231292517,0.976945244956772,0.972740315638451,0.974838245866283
2000,1000,80,0.3,0.05,"a",FALSE,0.5,0,578,"68, 9, 38, 10","rf_probs",0,372,687,441,0.248,0.351274787535411,0,0.457564575645756,0.351274787535411,0.397435897435897,"rf_probs",0,119,243,147,0.233791748526523,0.328729281767956,0,0.447368421052632,0.328729281767956,0.378980891719745,"rf_probs",0,253,444,294,0.255297679112008,0.362984218077475,0,0.462522851919561,0.362984218077475,0.406752411575563
2000,1000,80,0.3,0.05,"a",FALSE,0.5,0,578,"68, 9, 38, 10","rf_class",421,1018,41,20,0.959333333333333,0.961284230406043,0.954648526077097,0.980732177263969,0.961284230406043,0.970910824988078,"rf_class",141,348,14,6,0.960707269155206,0.961325966850829,0.959183673469388,0.983050847457627,0.961325966850829,0.972067039106145,"rf_class",280,670,27,14,0.958627648839556,0.961262553802009,0.952380952380952,0.97953216374269,0.961262553802009,0.970311368573498
2000,1000,80,0.3,0.05,"a",FALSE,0.5,0,579,"1, 64, 58, 11","IRT",437,1004,44,15,0.960666666666667,0.958015267175573,0.966814159292035,0.985279685966634,0.958015267175573,0.971456216739236,"IRT",133,336,19,3,0.955193482688391,0.946478873239437,0.977941176470588,0.991150442477876,0.946478873239437,0.968299711815562,"IRT",304,668,25,12,0.963330029732408,0.963924963924964,0.962025316455696,0.982352941176471,0.963924963924964,0.973051711580481
2000,1000,80,0.3,0.05,"a",FALSE,0.5,0,579,"1, 64, 58, 11","rf_probs",0,368,680,452,0.245333333333333,0.351145038167939,0,0.448780487804878,0.351145038167939,0.394004282655246,"rf_probs",0,117,238,136,0.238289205702648,0.329577464788732,0,0.462450592885375,0.329577464788732,0.384868421052632,"rf_probs",0,251,442,316,0.248761149653122,0.362193362193362,0,0.442680776014109,0.362193362193362,0.398412698412698
2000,1000,80,0.3,0.05,"a",FALSE,0.5,0,579,"1, 64, 58, 11","rf_class",423,1013,35,29,0.957333333333333,0.966603053435115,0.935840707964602,0.972168905950096,0.966603053435115,0.969377990430622,"rf_class",128,342,13,8,0.957230142566191,0.963380281690141,0.941176470588235,0.977142857142857,0.963380281690141,0.970212765957447,"rf_class",295,671,22,21,0.957383548067393,0.968253968253968,0.933544303797468,0.969653179190751,0.968253968253968,0.968953068592058
2000,1000,80,0.3,0.05,"a",FALSE,0.5,0,580,"48, 4, 5, 9","IRT",454,988,41,17,0.961333333333333,0.960155490767736,0.963906581740977,0.983084577114428,0.960155490767736,0.971484759095379,"IRT",129,333,13,8,0.956521739130435,0.96242774566474,0.941605839416058,0.976539589442815,0.96242774566474,0.96943231441048,"IRT",325,655,28,9,0.96361848574238,0.95900439238653,0.973053892215569,0.98644578313253,0.95900439238653,0.97253155159614
2000,1000,80,0.3,0.05,"a",FALSE,0.5,0,580,"48, 4, 5, 9","rf_probs",0,349,680,471,0.232666666666667,0.339164237123421,0,0.425609756097561,0.339164237123421,0.377501352082207,"rf_probs",0,111,235,137,0.229813664596273,0.320809248554913,0,0.44758064516129,0.320809248554913,0.373737373737374,"rf_probs",0,238,445,334,0.234021632251721,0.348462664714495,0,0.416083916083916,0.348462664714495,0.379282868525896
2000,1000,80,0.3,0.05,"a",FALSE,0.5,0,580,"48, 4, 5, 9","rf_class",442,991,38,29,0.955333333333333,0.963070942662779,0.938428874734607,0.97156862745098,0.963070942662779,0.96730112249878,"rf_class",126,337,9,11,0.958592132505176,0.973988439306358,0.91970802919708,0.968390804597701,0.973988439306358,0.971181556195965,"rf_class",316,654,29,18,0.953785644051131,0.957540263543192,0.946107784431138,0.973214285714286,0.957540263543192,0.965313653136531
2000,1000,80,0.3,0.05,"a",FALSE,0.5,0,581,"58, 13, 40, 26","IRT",450,999,36,15,0.966,0.965217391304348,0.967741935483871,0.985207100591716,0.965217391304348,0.97510980966325,"IRT",140,323,9,5,0.970649895178197,0.97289156626506,0.96551724137931,0.984756097560976,0.97289156626506,0.978787878787879,"IRT",310,676,27,10,0.963831867057674,0.961593172119488,0.96875,0.985422740524781,0.961593172119488,0.973362131029518
2000,1000,80,0.3,0.05,"a",FALSE,0.5,0,581,"58, 13, 40, 26","rf_probs",0,396,639,465,0.264,0.382608695652174,0,0.45993031358885,0.382608695652174,0.417721518987342,"rf_probs",0,130,202,145,0.272536687631027,0.391566265060241,0,0.472727272727273,0.391566265060241,0.42833607907743,"rf_probs",0,266,437,320,0.260019550342131,0.378378378378378,0,0.453924914675768,0.378378378378378,0.412723041117145
2000,1000,80,0.3,0.05,"a",FALSE,0.5,0,581,"58, 13, 40, 26","rf_class",445,999,36,20,0.962666666666667,0.965217391304348,0.956989247311828,0.980372914622179,0.965217391304348,0.972736124634859,"rf_class",139,324,8,6,0.970649895178197,0.975903614457831,0.958620689655172,0.981818181818182,0.975903614457831,0.978851963746224,"rf_class",306,675,28,14,0.958944281524927,0.960170697012802,0.95625,0.979680696661829,0.960170697012802,0.969827586206896
2000,1000,80,0.3,0.05,"a",FALSE,0.5,0,582,"40, 65, 80, 27","IRT",435,1001,48,16,0.957333333333333,0.954242135367016,0.964523281596452,0.984267453294002,0.954242135367016,0.969022265246854,"IRT",131,328,18,3,0.95625,0.947976878612717,0.977611940298508,0.990936555891239,0.947976878612717,0.968980797636632,"IRT",304,673,30,13,0.957843137254902,0.957325746799431,0.958990536277603,0.981049562682216,0.957325746799431,0.969042476601872
2000,1000,80,0.3,0.05,"a",FALSE,0.5,0,582,"40, 65, 80, 27","rf_probs",0,386,663,451,0.257333333333333,0.367969494756911,0,0.461170848267622,0.367969494756911,0.409331919406151,"rf_probs",0,120,226,134,0.25,0.346820809248555,0,0.47244094488189,0.346820809248555,0.4,"rf_probs",0,266,437,317,0.26078431372549,0.378378378378378,0,0.456260720411664,0.378378378378378,0.413685847589425
2000,1000,80,0.3,0.05,"a",FALSE,0.5,0,582,"40, 65, 80, 27","rf_class",417,1008,41,34,0.95,0.96091515729266,0.924611973392461,0.967370441458733,0.96091515729266,0.964131994261119,"rf_class",127,333,13,7,0.958333333333333,0.96242774566474,0.947761194029851,0.979411764705882,0.96242774566474,0.970845481049563,"rf_class",290,675,28,27,0.946078431372549,0.960170697012802,0.914826498422713,0.961538461538462,0.960170697012802,0.96085409252669
2000,1000,80,0.3,0.05,"a",FALSE,0.5,0,583,"24, 56, 78, 32","IRT",447,993,50,10,0.96,0.952061361457335,0.978118161925602,0.990029910269192,0.952061361457335,0.970674486803519,"IRT",151,349,15,6,0.959692898272553,0.958791208791209,0.961783439490446,0.983098591549296,0.958791208791209,0.970792767732962,"IRT",296,644,35,4,0.960163432073544,0.948453608247423,0.986666666666667,0.993827160493827,0.948453608247423,0.970610399397136
2000,1000,80,0.3,0.05,"a",FALSE,0.5,0,583,"24, 56, 78, 32","rf_probs",0,369,674,457,0.246,0.353787152444871,0,0.446731234866828,0.353787152444871,0.394863563402889,"rf_probs",0,118,246,157,0.226487523992322,0.324175824175824,0,0.429090909090909,0.324175824175824,0.369327073552426,"rf_probs",0,251,428,300,0.256384065372829,0.369661266568483,0,0.455535390199637,0.369661266568483,0.408130081300813
2000,1000,80,0.3,0.05,"a",FALSE,0.5,0,583,"24, 56, 78, 32","rf_class",441,1005,38,16,0.964,0.963566634707574,0.964989059080963,0.984329089128306,0.963566634707574,0.973837209302326,"rf_class",150,350,14,7,0.959692898272553,0.961538461538462,0.955414012738854,0.980392156862745,0.961538461538462,0.970873786407767,"rf_class",291,655,24,9,0.966292134831461,0.964653902798233,0.97,0.98644578313253,0.964653902798233,0.975428145941921
2000,1000,80,0.3,0.05,"a",FALSE,0.5,0,584,"22, 57, 24, 3","IRT",452,996,35,17,0.965333333333333,0.966052376333657,0.963752665245203,0.983218163869694,0.966052376333657,0.974559686888454,"IRT",162,321,12,3,0.969879518072289,0.963963963963964,0.981818181818182,0.990740740740741,0.963963963963964,0.977168949771689,"IRT",290,675,23,14,0.963073852295409,0.967048710601719,0.953947368421053,0.979680696661829,0.967048710601719,0.973323720259553
2000,1000,80,0.3,0.05,"a",FALSE,0.5,0,584,"22, 57, 24, 3","rf_probs",0,327,704,469,0.218,0.317167798254122,0,0.410804020100502,0.317167798254122,0.357963875205255,"rf_probs",0,99,234,165,0.198795180722892,0.297297297297297,0,0.375,0.297297297297297,0.331658291457286,"rf_probs",0,228,470,304,0.227544910179641,0.326647564469914,0,0.428571428571429,0.326647564469914,0.370731707317073
2000,1000,80,0.3,0.05,"a",FALSE,0.5,0,584,"22, 57, 24, 3","rf_class",433,1006,25,36,0.959333333333333,0.975751697381183,0.923240938166311,0.965451055662188,0.975751697381183,0.970574047274481,"rf_class",156,324,9,9,0.963855421686747,0.972972972972973,0.945454545454545,0.972972972972973,0.972972972972973,0.972972972972973,"rf_class",277,682,16,27,0.957085828343313,0.977077363896848,0.911184210526316,0.961918194640338,0.977077363896848,0.969438521677328
2000,1000,80,0.3,0.05,"a",FALSE,0.5,0,585,"20, 46, 66, 80","IRT",425,1026,39,10,0.967333333333333,0.963380281690141,0.977011494252874,0.99034749034749,0.963380281690141,0.976677772489291,"IRT",152,325,17,3,0.959758551307847,0.950292397660819,0.980645161290323,0.990853658536585,0.950292397660819,0.970149253731343,"IRT",273,701,22,7,0.971086739780658,0.969571230982019,0.975,0.990112994350282,0.969571230982019,0.979734451432565
2000,1000,80,0.3,0.05,"a",FALSE,0.5,0,585,"20, 46, 66, 80","rf_probs",0,351,714,435,0.234,0.329577464788732,0,0.446564885496183,0.329577464788732,0.379254457050243,"rf_probs",0,101,241,155,0.203219315895372,0.295321637426901,0,0.39453125,0.295321637426901,0.337792642140468,"rf_probs",0,250,473,280,0.249252243270189,0.345781466113416,0,0.471698113207547,0.345781466113416,0.399042298483639
2000,1000,80,0.3,0.05,"a",FALSE,0.5,0,585,"20, 46, 66, 80","rf_class",423,1025,40,12,0.965333333333333,0.962441314553991,0.972413793103448,0.988428158148505,0.962441314553991,0.975261655566128,"rf_class",151,327,15,4,0.961770623742455,0.956140350877193,0.974193548387097,0.987915407854985,0.956140350877193,0.971768202080238,"rf_class",272,698,25,8,0.967098703888335,0.965421853388658,0.971428571428571,0.988668555240793,0.965421853388658,0.976906927921624
2000,1000,80,0.3,0.05,"a",FALSE,0.5,0,586,"47, 31, 33, 49","IRT",451,997,42,10,0.965333333333333,0.959576515880655,0.978308026030369,0.990069513406157,0.959576515880655,0.974584555229717,"IRT",141,346,12,6,0.964356435643564,0.966480446927374,0.959183673469388,0.982954545454545,0.966480446927374,0.974647887323944,"IRT",310,651,30,4,0.965829145728643,0.955947136563877,0.987261146496815,0.993893129770992,0.955947136563877,0.974550898203593
2000,1000,80,0.3,0.05,"a",FALSE,0.5,0,586,"47, 31, 33, 49","rf_probs",0,375,664,461,0.25,0.360923965351299,0,0.448564593301435,0.360923965351299,0.4,"rf_probs",0,121,237,147,0.23960396039604,0.337988826815642,0,0.451492537313433,0.337988826815642,0.386581469648562,"rf_probs",0,254,427,314,0.255276381909548,0.372980910425844,0,0.447183098591549,0.372980910425844,0.406725380304243
2000,1000,80,0.3,0.05,"a",FALSE,0.5,0,586,"47, 31, 33, 49","rf_class",434,1007,32,27,0.960666666666667,0.969201154956689,0.941431670281996,0.973887814313346,0.969201154956689,0.971538832609744,"rf_class",137,348,10,10,0.96039603960396,0.972067039106145,0.931972789115646,0.972067039106145,0.972067039106145,0.972067039106145,"rf_class",297,659,22,17,0.960804020100502,0.96769456681351,0.945859872611465,0.974852071005917,0.96769456681351,0.971260132645542
2000,1000,80,0.3,0.05,"a",FALSE,0.5,0,587,"15, 36, 41, 61","IRT",443,1011,34,12,0.969333333333333,0.967464114832536,0.973626373626374,0.988269794721408,0.967464114832536,0.977756286266924,"IRT",135,330,13,2,0.96875,0.962099125364432,0.985401459854015,0.993975903614458,0.962099125364432,0.977777777777778,"IRT",308,681,21,10,0.969607843137255,0.97008547008547,0.968553459119497,0.985528219971056,0.97008547008547,0.977745872218234
2000,1000,80,0.3,0.05,"a",FALSE,0.5,0,587,"15, 36, 41, 61","rf_probs",0,324,721,455,0.216,0.310047846889952,0,0.41591784338896,0.310047846889952,0.355263157894737,"rf_probs",0,101,242,137,0.210416666666667,0.294460641399417,0,0.42436974789916,0.294460641399417,0.347676419965577,"rf_probs",0,223,479,318,0.218627450980392,0.317663817663818,0,0.412199630314233,0.317663817663818,0.35880933226066
2000,1000,80,0.3,0.05,"a",FALSE,0.5,0,587,"15, 36, 41, 61","rf_class",434,1014,31,21,0.965333333333333,0.970334928229665,0.953846153846154,0.979710144927536,0.970334928229665,0.975,"rf_class",131,332,11,6,0.964583333333333,0.967930029154519,0.956204379562044,0.982248520710059,0.967930029154519,0.97503671071953,"rf_class",303,682,20,15,0.965686274509804,0.971509971509972,0.952830188679245,0.978479196556671,0.971509971509972,0.974982130092923
2000,1000,80,0.3,0.05,"a",FALSE,0.5,0,588,"1, 60, 54, 36","IRT",419,1033,33,15,0.968,0.969043151969981,0.965437788018433,0.985687022900763,0.969043151969981,0.977294228949858,"IRT",143,322,9,3,0.974842767295597,0.972809667673716,0.979452054794521,0.990769230769231,0.972809667673716,0.981707317073171,"IRT",276,711,24,12,0.964809384164223,0.96734693877551,0.958333333333333,0.983402489626556,0.96734693877551,0.975308641975309
2000,1000,80,0.3,0.05,"a",FALSE,0.5,0,588,"1, 60, 54, 36","rf_probs",0,374,692,434,0.249333333333333,0.350844277673546,0,0.462871287128713,0.350844277673546,0.3991462113127,"rf_probs",0,110,221,146,0.230607966457023,0.332326283987915,0,0.4296875,0.332326283987915,0.374787052810903,"rf_probs",0,264,471,288,0.258064516129032,0.359183673469388,0,0.478260869565217,0.359183673469388,0.41025641025641
2000,1000,80,0.3,0.05,"a",FALSE,0.5,0,588,"1, 60, 54, 36","rf_class",420,1025,41,14,0.963333333333333,0.961538461538462,0.967741935483871,0.986525505293552,0.961538461538462,0.973871733966746,"rf_class",145,319,12,1,0.972746331236897,0.963746223564955,0.993150684931507,0.996875,0.963746223564955,0.980030721966206,"rf_class",275,706,29,13,0.958944281524927,0.960544217687075,0.954861111111111,0.98191933240612,0.960544217687075,0.97111416781293
2000,1000,80,0.3,0.05,"a",FALSE,0.5,0,589,"33, 31, 13, 69","IRT",447,979,66,8,0.950666666666667,0.936842105263158,0.982417582417582,0.991894630192503,0.936842105263158,0.963582677165354,"IRT",154,315,23,3,0.947474747474747,0.931952662721893,0.980891719745223,0.990566037735849,0.931952662721893,0.960365853658537,"IRT",293,664,43,5,0.952238805970149,0.939179632248939,0.983221476510067,0.992526158445441,0.939179632248939,0.965116279069767
2000,1000,80,0.3,0.05,"a",FALSE,0.5,0,589,"33, 31, 13, 69","rf_probs",0,311,734,455,0.207333333333333,0.297607655502392,0,0.406005221932115,0.297607655502392,0.343456653782441,"rf_probs",0,102,236,157,0.206060606060606,0.301775147928994,0,0.393822393822394,0.301775147928994,0.341708542713568,"rf_probs",0,209,498,298,0.207960199004975,0.295615275813296,0,0.412228796844181,0.295615275813296,0.344316309719934
2000,1000,80,0.3,0.05,"a",FALSE,0.5,0,589,"33, 31, 13, 69","rf_class",427,1007,38,28,0.956,0.963636363636364,0.938461538461538,0.972946859903382,0.963636363636364,0.968269230769231,"rf_class",147,325,13,10,0.953535353535354,0.961538461538462,0.936305732484076,0.970149253731343,0.961538461538462,0.965824665676077,"rf_class",280,682,25,18,0.957213930348259,0.964639321074965,0.939597315436242,0.974285714285714,0.964639321074965,0.969438521677328
2000,1000,80,0.3,0.05,"a",FALSE,0.5,0,590,"12, 36, 55, 7","IRT",428,1012,52,8,0.96,0.951127819548872,0.981651376146789,0.992156862745098,0.951127819548872,0.971209213051823,"IRT",140,343,18,1,0.962151394422311,0.950138504155125,0.99290780141844,0.997093023255814,0.950138504155125,0.973049645390071,"IRT",288,669,34,7,0.958917835671343,0.951635846372688,0.976271186440678,0.989644970414201,0.951635846372688,0.970268310369833
2000,1000,80,0.3,0.05,"a",FALSE,0.5,0,590,"12, 36, 55, 7","rf_probs",0,363,701,436,0.242,0.341165413533835,0,0.454317897371715,0.341165413533835,0.389694041867955,"rf_probs",0,127,234,141,0.252988047808765,0.351800554016621,0,0.473880597014925,0.351800554016621,0.403815580286169,"rf_probs",0,236,467,295,0.236472945891784,0.335704125177809,0,0.444444444444444,0.335704125177809,0.382495948136143
2000,1000,80,0.3,0.05,"a",FALSE,0.5,0,590,"12, 36, 55, 7","rf_class",420,1028,36,16,0.965333333333333,0.966165413533835,0.963302752293578,0.984674329501916,0.966165413533835,0.975332068311195,"rf_class",138,347,14,3,0.966135458167331,0.961218836565097,0.978723404255319,0.991428571428571,0.961218836565097,0.976090014064698,"rf_class",282,681,22,13,0.964929859719439,0.968705547652916,0.955932203389831,0.981268011527378,0.968705547652916,0.974946313528991
2000,1000,80,0.3,0.05,"a",FALSE,0.5,0,591,"15, 69, 5, 67","IRT",456,975,59,10,0.954,0.94294003868472,0.978540772532189,0.989847715736041,0.94294003868472,0.965824665676077,"IRT",141,321,20,2,0.954545454545455,0.941348973607038,0.986013986013986,0.993808049535604,0.941348973607038,0.966867469879518,"IRT",315,654,39,8,0.953740157480315,0.943722943722944,0.975232198142415,0.987915407854985,0.943722943722944,0.965313653136531
2000,1000,80,0.3,0.05,"a",FALSE,0.5,0,591,"15, 69, 5, 67","rf_probs",0,335,699,466,0.223333333333333,0.323984526112186,0,0.418227215980025,0.323984526112186,0.365122615803815,"rf_probs",0,106,235,143,0.21900826446281,0.310850439882698,0,0.42570281124498,0.310850439882698,0.359322033898305,"rf_probs",0,229,464,323,0.225393700787402,0.33044733044733,0,0.414855072463768,0.33044733044733,0.367871485943775
2000,1000,80,0.3,0.05,"a",FALSE,0.5,0,591,"15, 69, 5, 67","rf_class",436,991,43,30,0.951333333333333,0.958413926499033,0.935622317596567,0.970617042115573,0.958413926499033,0.964476885644769,"rf_class",134,326,15,9,0.950413223140496,0.956011730205279,0.937062937062937,0.973134328358209,0.956011730205279,0.964497041420118,"rf_class",302,665,28,21,0.951771653543307,0.95959595959596,0.934984520123839,0.969387755102041,0.95959595959596,0.964467005076142
2000,1000,80,0.3,0.05,"a",FALSE,0.5,0,592,"74, 8, 23, 65","IRT",454,995,39,12,0.966,0.962282398452611,0.974248927038627,0.988083416087388,0.962282398452611,0.975012248897599,"IRT",155,337,13,5,0.964705882352941,0.962857142857143,0.96875,0.985380116959064,0.962857142857143,0.973988439306358,"IRT",299,658,26,7,0.966666666666667,0.961988304093567,0.977124183006536,0.989473684210526,0.961988304093567,0.975537435137139
2000,1000,80,0.3,0.05,"a",FALSE,0.5,0,592,"74, 8, 23, 65","rf_probs",0,300,734,466,0.2,0.290135396518375,0,0.391644908616188,0.290135396518375,0.333333333333333,"rf_probs",0,103,247,160,0.201960784313725,0.294285714285714,0,0.391634980988593,0.294285714285714,0.33605220228385,"rf_probs",0,197,487,306,0.198989898989899,0.288011695906433,0,0.391650099403579,0.288011695906433,0.331929233361415
2000,1000,80,0.3,0.05,"a",FALSE,0.5,0,592,"74, 8, 23, 65","rf_class",439,1013,21,27,0.968,0.979690522243714,0.94206008583691,0.974038461538462,0.979690522243714,0.976856316297011,"rf_class",147,343,7,13,0.96078431372549,0.98,0.91875,0.963483146067416,0.98,0.971671388101983,"rf_class",292,670,14,14,0.971717171717172,0.97953216374269,0.954248366013072,0.97953216374269,0.97953216374269,0.97953216374269
2000,1000,80,0.3,0.05,"a",FALSE,0.5,0,593,"62, 59, 26, 42","IRT",428,1012,42,18,0.96,0.960151802656547,0.959641255605381,0.98252427184466,0.960151802656547,0.971209213051824,"IRT",155,334,12,8,0.960707269155206,0.965317919075145,0.950920245398773,0.976608187134503,0.965317919075145,0.97093023255814,"IRT",273,678,30,10,0.959636730575177,0.957627118644068,0.964664310954064,0.98546511627907,0.957627118644068,0.97134670487106
2000,1000,80,0.3,0.05,"a",FALSE,0.5,0,593,"62, 59, 26, 42","rf_probs",0,369,685,446,0.246,0.350094876660342,0,0.452760736196319,0.350094876660342,0.394863563402889,"rf_probs",0,117,229,163,0.229862475442043,0.338150289017341,0,0.417857142857143,0.338150289017341,0.373801916932907,"rf_probs",0,252,456,283,0.254288597376387,0.355932203389831,0,0.471028037383178,0.355932203389831,0.405470635559131
2000,1000,80,0.3,0.05,"a",FALSE,0.5,0,593,"62, 59, 26, 42","rf_class",425,1007,47,21,0.954666666666667,0.955407969639469,0.952914798206278,0.979571984435798,0.955407969639469,0.967339097022094,"rf_class",150,333,13,13,0.948919449901768,0.96242774566474,0.920245398773006,0.96242774566474,0.96242774566474,0.96242774566474,"rf_class",275,674,34,8,0.957618567103935,0.951977401129944,0.971731448763251,0.988269794721408,0.951977401129944,0.969784172661871
2000,1000,80,0.3,0.05,"a",FALSE,0.5,0,594,"50, 26, 78, 55","IRT",437,1008,52,3,0.963333333333333,0.950943396226415,0.993181818181818,0.997032640949555,0.950943396226415,0.973442781265089,"IRT",126,343,13,1,0.971014492753623,0.963483146067416,0.992125984251969,0.997093023255814,0.963483146067416,0.98,"IRT",311,665,39,2,0.95968534906588,0.944602272727273,0.993610223642173,0.997001499250375,0.944602272727273,0.970094821298322
2000,1000,80,0.3,0.05,"a",FALSE,0.5,0,594,"50, 26, 78, 55","rf_probs",0,386,674,440,0.257333333333333,0.364150943396226,0,0.467312348668281,0.364150943396226,0.409331919406151,"rf_probs",0,127,229,127,0.262939958592132,0.356741573033708,0,0.5,0.356741573033708,0.416393442622951,"rf_probs",0,259,445,313,0.254670599803343,0.367897727272727,0,0.452797202797203,0.367897727272727,0.405956112852665
2000,1000,80,0.3,0.05,"a",FALSE,0.5,0,594,"50, 26, 78, 55","rf_class",423,1011,49,17,0.956,0.95377358490566,0.961363636363636,0.983463035019455,0.95377358490566,0.968390804597701,"rf_class",124,340,16,3,0.960662525879917,0.955056179775281,0.976377952755906,0.991253644314869,0.955056179775281,0.972818311874106,"rf_class",299,671,33,14,0.953785644051131,0.953125,0.955271565495208,0.97956204379562,0.953125,0.966162706983441
2000,1000,80,0.3,0.05,"a",FALSE,0.5,0,595,"28, 44, 46, 33","IRT",441,998,46,15,0.959333333333333,0.955938697318008,0.967105263157895,0.985192497532083,0.955938697318008,0.970345162858532,"IRT",144,315,18,5,0.952282157676348,0.945945945945946,0.966442953020134,0.984375,0.945945945945946,0.964777947932619,"IRT",297,683,28,10,0.962671905697446,0.960618846694796,0.96742671009772,0.985569985569986,0.960618846694796,0.972934472934473
2000,1000,80,0.3,0.05,"a",FALSE,0.5,0,595,"28, 44, 46, 33","rf_probs",0,363,681,456,0.242,0.347701149425287,0,0.443223443223443,0.347701149425287,0.389694041867955,"rf_probs",0,116,217,149,0.240663900414938,0.348348348348348,0,0.437735849056604,0.348348348348348,0.387959866220736,"rf_probs",0,247,464,307,0.242632612966601,0.347398030942335,0,0.445848375451264,0.347398030942335,0.390513833992095
2000,1000,80,0.3,0.05,"a",FALSE,0.5,0,595,"28, 44, 46, 33","rf_class",426,1016,28,30,0.961333333333333,0.973180076628352,0.934210526315789,0.97131931166348,0.973180076628352,0.972248803827751,"rf_class",138,324,9,11,0.95850622406639,0.972972972972973,0.926174496644295,0.967164179104478,0.972972972972973,0.970059880239521,"rf_class",288,692,19,19,0.962671905697446,0.973277074542897,0.938110749185668,0.973277074542897,0.973277074542897,0.973277074542897
2000,1000,80,0.3,0.05,"a",FALSE,0.5,0,596,"52, 26, 57, 64","IRT",424,1023,40,13,0.964666666666667,0.962370649106303,0.97025171624714,0.987451737451737,0.962370649106303,0.974749880895665,"IRT",126,351,17,4,0.957831325301205,0.953804347826087,0.969230769230769,0.988732394366197,0.953804347826087,0.970954356846473,"IRT",298,672,23,9,0.968063872255489,0.966906474820144,0.970684039087948,0.986784140969163,0.966906474820144,0.976744186046512
2000,1000,80,0.3,0.05,"a",FALSE,0.5,0,596,"52, 26, 57, 64","rf_probs",0,385,678,437,0.256666666666667,0.362182502351834,0,0.468369829683698,0.362182502351834,0.408488063660477,"rf_probs",0,136,232,130,0.273092369477912,0.369565217391304,0,0.511278195488722,0.369565217391304,0.429022082018927,"rf_probs",0,249,446,307,0.248502994011976,0.358273381294964,0,0.447841726618705,0.358273381294964,0.398081534772182
2000,1000,80,0.3,0.05,"a",FALSE,0.5,0,596,"52, 26, 57, 64","rf_class",411,1030,33,26,0.960666666666667,0.9689557855127,0.940503432494279,0.975378787878788,0.9689557855127,0.97215667767815,"rf_class",122,355,13,8,0.957831325301205,0.964673913043478,0.938461538461538,0.977961432506887,0.964673913043478,0.971272229822161,"rf_class",289,675,20,18,0.962075848303393,0.971223021582734,0.941368078175896,0.974025974025974,0.971223021582734,0.972622478386167
2000,1000,80,0.3,0.05,"a",FALSE,0.5,0,597,"54, 48, 57, 11","IRT",444,1001,40,15,0.963333333333333,0.961575408261287,0.967320261437909,0.985236220472441,0.961575408261287,0.973262032085562,"IRT",145,354,10,3,0.974609375,0.972527472527473,0.97972972972973,0.991596638655462,0.972527472527473,0.981969486823856,"IRT",299,647,30,12,0.95748987854251,0.955686853766617,0.961414790996785,0.981790591805766,0.955686853766617,0.968562874251497
2000,1000,80,0.3,0.05,"a",FALSE,0.5,0,597,"54, 48, 57, 11","rf_probs",0,324,717,459,0.216,0.311239193083574,0,0.413793103448276,0.311239193083574,0.355263157894737,"rf_probs",0,123,241,148,0.240234375,0.337912087912088,0,0.453874538745387,0.337912087912088,0.38740157480315,"rf_probs",0,201,476,311,0.203441295546559,0.296898079763663,0,0.392578125,0.296898079763663,0.338099243061396
2000,1000,80,0.3,0.05,"a",FALSE,0.5,0,597,"54, 48, 57, 11","rf_class",435,998,43,24,0.955333333333333,0.958693563880884,0.947712418300654,0.976516634050881,0.958693563880884,0.96752302472128,"rf_class",142,355,9,6,0.970703125,0.975274725274725,0.959459459459459,0.983379501385042,0.975274725274725,0.979310344827586,"rf_class",293,643,34,18,0.947368421052632,0.949778434268833,0.942122186495177,0.972768532526475,0.949778434268833,0.961136023916293
2000,1000,80,0.3,0.05,"a",FALSE,0.5,0,598,"62, 6, 49, 60","IRT",438,1010,33,19,0.965333333333333,0.968360498561841,0.958424507658643,0.98153547133139,0.968360498561841,0.974903474903475,"IRT",131,323,14,5,0.959830866807611,0.958456973293769,0.963235294117647,0.984756097560976,0.958456973293769,0.971428571428571,"IRT",307,687,19,14,0.967867575462512,0.973087818696884,0.956386292834891,0.980028530670471,0.973087818696884,0.976545842217484
2000,1000,80,0.3,0.05,"a",FALSE,0.5,0,598,"62, 6, 49, 60","rf_probs",0,370,673,457,0.246666666666667,0.354745925215724,0,0.447400241837969,0.354745925215724,0.39572192513369,"rf_probs",0,124,213,136,0.26215644820296,0.367952522255193,0,0.476923076923077,0.367952522255193,0.415410385259632,"rf_probs",0,246,460,321,0.239532619279455,0.348441926345609,0,0.433862433862434,0.348441926345609,0.386488609583661
2000,1000,80,0.3,0.05,"a",FALSE,0.5,0,598,"62, 6, 49, 60","rf_class",428,1003,40,29,0.954,0.961649089165868,0.936542669584245,0.971899224806202,0.961649089165868,0.966746987951807,"rf_class",128,321,16,8,0.949260042283298,0.952522255192878,0.941176470588235,0.975683890577508,0.952522255192878,0.963963963963964,"rf_class",300,682,24,21,0.95618305744888,0.96600566572238,0.934579439252336,0.970128022759602,0.96600566572238,0.9680624556423
2000,1000,80,0.3,0.05,"a",FALSE,0.5,0,599,"70, 16, 24, 53","IRT",390,1052,42,16,0.961333333333333,0.961608775137112,0.960591133004926,0.98501872659176,0.961608775137112,0.973172987974098,"IRT",126,326,14,8,0.953586497890295,0.958823529411765,0.940298507462687,0.976047904191617,0.958823529411765,0.967359050445104,"IRT",264,726,28,8,0.964912280701754,0.962864721485411,0.970588235294118,0.989100817438692,0.962864721485411,0.975806451612903
2000,1000,80,0.3,0.05,"a",FALSE,0.5,0,599,"70, 16, 24, 53","rf_probs",0,429,665,406,0.286,0.392138939670932,0,0.51377245508982,0.392138939670932,0.444790046656299,"rf_probs",0,135,205,134,0.284810126582278,0.397058823529412,0,0.50185873605948,0.397058823529412,0.443349753694581,"rf_probs",0,294,460,272,0.286549707602339,0.389920424403183,0,0.519434628975265,0.389920424403183,0.445454545454545
2000,1000,80,0.3,0.05,"a",FALSE,0.5,0,599,"70, 16, 24, 53","rf_class",391,1036,58,15,0.951333333333333,0.946983546617916,0.963054187192118,0.985727878211227,0.946983546617916,0.965967365967366,"rf_class",130,319,21,4,0.947257383966245,0.938235294117647,0.970149253731343,0.987616099071207,0.938235294117647,0.962292609351433,"rf_class",261,717,37,11,0.953216374269006,0.950928381962865,0.959558823529412,0.98489010989011,0.950928381962865,0.967611336032389
2000,1000,80,0.3,0.05,"a",FALSE,0.5,0,600,"20, 60, 70, 72","IRT",438,1007,35,20,0.963333333333333,0.966410748560461,0.956331877729258,0.980525803310613,0.966410748560461,0.973417109714838,"IRT",146,366,9,4,0.975238095238095,0.976,0.973333333333333,0.989189189189189,0.976,0.98255033557047,"IRT",292,641,26,16,0.956923076923077,0.961019490254873,0.948051948051948,0.975646879756469,0.961019490254873,0.968277945619335
2000,1000,80,0.3,0.05,"a",FALSE,0.5,0,600,"20, 60, 70, 72","rf_probs",0,372,670,458,0.248,0.35700575815739,0,0.448192771084337,0.35700575815739,0.397435897435897,"rf_probs",0,132,243,150,0.251428571428571,0.352,0,0.468085106382979,0.352,0.401826484018265,"rf_probs",0,240,427,308,0.246153846153846,0.359820089955023,0,0.437956204379562,0.359820089955023,0.395061728395062
2000,1000,80,0.3,0.05,"a",FALSE,0.5,0,600,"20, 60, 70, 72","rf_class",431,1012,30,27,0.962,0.971209213051823,0.941048034934498,0.974013474494706,0.971209213051823,0.972609322441134,"rf_class",142,366,9,8,0.967619047619048,0.976,0.946666666666667,0.978609625668449,0.976,0.977303070761015,"rf_class",289,646,21,19,0.958974358974359,0.968515742128936,0.938311688311688,0.971428571428571,0.968515742128936,0.96996996996997
2000,1000,80,0.3,0.05,"a",FALSE,0.5,0,601,"77, 75, 28, 68","IRT",450,1004,37,9,0.969333333333333,0.964457252641691,0.980392156862745,0.99111549851925,0.964457252641691,0.977604673807206,"IRT",172,320,11,3,0.972332015810277,0.966767371601209,0.982857142857143,0.990712074303406,0.966767371601209,0.978593272171254,"IRT",278,684,26,6,0.967806841046278,0.963380281690141,0.97887323943662,0.991304347826087,0.963380281690141,0.977142857142857
2000,1000,80,0.3,0.05,"a",FALSE,0.5,0,601,"77, 75, 28, 68","rf_probs",0,348,693,459,0.232,0.334293948126801,0,0.431226765799257,0.334293948126801,0.376623376623377,"rf_probs",0,107,224,175,0.211462450592885,0.323262839879154,0,0.379432624113475,0.323262839879154,0.349102773246329,"rf_probs",0,241,469,284,0.242454728370221,0.33943661971831,0,0.459047619047619,0.33943661971831,0.390283400809717
2000,1000,80,0.3,0.05,"a",FALSE,0.5,0,601,"77, 75, 28, 68","rf_class",440,1011,30,19,0.967333333333333,0.971181556195965,0.958605664488017,0.981553398058252,0.971181556195965,0.976339932399807,"rf_class",171,323,8,4,0.976284584980237,0.97583081570997,0.977142857142857,0.987767584097859,0.97583081570997,0.981762917933131,"rf_class",269,688,22,15,0.962776659959759,0.969014084507042,0.947183098591549,0.978662873399715,0.969014084507042,0.97381457891012
2000,1000,80,0.3,0.05,"a",FALSE,0.5,0,602,"3, 15, 43, 36","IRT",409,1031,39,21,0.96,0.963551401869159,0.951162790697674,0.980038022813688,0.963551401869159,0.971724787935909,"IRT",145,330,14,3,0.965447154471545,0.959302325581395,0.97972972972973,0.990990990990991,0.959302325581395,0.974889217134417,"IRT",264,701,25,18,0.95734126984127,0.965564738292011,0.936170212765957,0.974965229485396,0.965564738292011,0.970242214532872
2000,1000,80,0.3,0.05,"a",FALSE,0.5,0,602,"3, 15, 43, 36","rf_probs",0,375,695,430,0.25,0.350467289719626,0,0.46583850931677,0.350467289719626,0.4,"rf_probs",0,129,215,148,0.26219512195122,0.375,0,0.465703971119134,0.375,0.415458937198068,"rf_probs",0,246,480,282,0.244047619047619,0.338842975206612,0,0.465909090909091,0.338842975206612,0.392344497607655
2000,1000,80,0.3,0.05,"a",FALSE,0.5,0,602,"3, 15, 43, 36","rf_class",405,1028,42,25,0.955333333333333,0.960747663551402,0.941860465116279,0.976258309591643,0.960747663551402,0.968440885539331,"rf_class",142,331,13,6,0.961382113821138,0.962209302325581,0.959459459459459,0.982195845697329,0.962209302325581,0.972099853157122,"rf_class",263,697,29,19,0.952380952380952,0.960055096418733,0.932624113475177,0.973463687150838,0.960055096418733,0.966712898751734
2000,1000,80,0.3,0.05,"a",FALSE,0.5,0,603,"73, 67, 38, 52","IRT",424,1030,29,17,0.969333333333333,0.97261567516525,0.961451247165533,0.983763132760267,0.97261567516525,0.978157644824312,"IRT",127,338,13,5,0.962732919254658,0.962962962962963,0.962121212121212,0.985422740524781,0.962962962962963,0.974063400576369,"IRT",297,692,16,12,0.972468043264503,0.977401129943503,0.961165048543689,0.982954545454545,0.977401129943503,0.980169971671388
2000,1000,80,0.3,0.05,"a",FALSE,0.5,0,603,"73, 67, 38, 52","rf_probs",0,344,715,441,0.229333333333333,0.324834749763928,0,0.438216560509554,0.324834749763928,0.373101952277657,"rf_probs",0,107,244,132,0.221532091097308,0.304843304843305,0,0.447698744769874,0.304843304843305,0.36271186440678,"rf_probs",0,237,471,309,0.233038348082596,0.334745762711864,0,0.434065934065934,0.334745762711864,0.37799043062201
2000,1000,80,0.3,0.05,"a",FALSE,0.5,0,603,"73, 67, 38, 52","rf_class",422,1024,35,19,0.964,0.966949952785647,0.956916099773243,0.981783317353787,0.966949952785647,0.974310180780209,"rf_class",127,337,14,5,0.960662525879917,0.96011396011396,0.962121212121212,0.985380116959064,0.96011396011396,0.972582972582973,"rf_class",295,687,21,14,0.965585054080629,0.970338983050847,0.954692556634304,0.980028530670471,0.970338983050847,0.975159687721789
2000,1000,80,0.3,0.05,"a",FALSE,0.5,0,604,"8, 51, 33, 2","IRT",414,1024,47,15,0.958666666666667,0.956115779645191,0.965034965034965,0.985563041385948,0.956115779645191,0.970616113744076,"IRT",134,334,19,3,0.955102040816327,0.946175637393768,0.978102189781022,0.991097922848665,0.946175637393768,0.968115942028986,"IRT",280,690,28,12,0.96039603960396,0.96100278551532,0.958904109589041,0.982905982905983,0.96100278551532,0.971830985915493
2000,1000,80,0.3,0.05,"a",FALSE,0.5,0,604,"8, 51, 33, 2","rf_probs",0,358,713,429,0.238666666666667,0.334267040149393,0,0.454891994917408,0.334267040149393,0.385360602798708,"rf_probs",0,123,230,137,0.251020408163265,0.348441926345609,0,0.473076923076923,0.348441926345609,0.401305057096248,"rf_probs",0,235,483,292,0.232673267326733,0.327298050139276,0,0.445920303605313,0.327298050139276,0.377510040160643
2000,1000,80,0.3,0.05,"a",FALSE,0.5,0,604,"8, 51, 33, 2","rf_class",407,1029,42,22,0.957333333333333,0.96078431372549,0.948717948717949,0.9790675547098,0.96078431372549,0.969839773798304,"rf_class",133,336,17,4,0.957142857142857,0.951841359773371,0.970802919708029,0.988235294117647,0.951841359773371,0.96969696969697,"rf_class",274,693,25,18,0.957425742574257,0.965181058495822,0.938356164383562,0.974683544303797,0.965181058495822,0.969909027291812
2000,1000,80,0.3,0.05,"a",FALSE,0.5,0,605,"23, 22, 42, 39","IRT",418,1035,25,22,0.968666666666667,0.976415094339623,0.95,0.97918637653737,0.976415094339623,0.977798771846953,"IRT",133,355,10,4,0.972111553784861,0.972602739726027,0.970802919708029,0.988857938718663,0.972602739726027,0.980662983425414,"IRT",285,680,15,18,0.966933867735471,0.97841726618705,0.940594059405941,0.974212034383954,0.97841726618705,0.976310122038765
2000,1000,80,0.3,0.05,"a",FALSE,0.5,0,605,"23, 22, 42, 39","rf_probs",0,341,719,440,0.227333333333333,0.321698113207547,0,0.436619718309859,0.321698113207547,0.370450841933732,"rf_probs",0,117,248,137,0.233067729083665,0.320547945205479,0,0.460629921259843,0.320547945205479,0.378029079159935,"rf_probs",0,224,471,303,0.224448897795591,0.322302158273381,0,0.425047438330171,0.322302158273381,0.366612111292962
2000,1000,80,0.3,0.05,"a",FALSE,0.5,0,605,"23, 22, 42, 39","rf_class",415,1038,22,25,0.968666666666667,0.979245283018868,0.943181818181818,0.976481655691439,0.979245283018868,0.97786151672162,"rf_class",129,357,8,8,0.968127490039841,0.978082191780822,0.941605839416058,0.978082191780822,0.978082191780822,0.978082191780822,"rf_class",286,681,14,17,0.968937875751503,0.979856115107914,0.943894389438944,0.975644699140401,0.979856115107914,0.977745872218234
2000,1000,80,0.3,0.05,"a",FALSE,0.5,0,606,"80, 32, 8, 57","IRT",450,999,37,14,0.966,0.964285714285714,0.969827586206897,0.986179664363277,0.964285714285714,0.97510980966325,"IRT",152,319,8,7,0.969135802469136,0.975535168195719,0.955974842767296,0.978527607361963,0.975535168195719,0.977029096477795,"IRT",298,680,29,7,0.964497041420118,0.959097320169252,0.977049180327869,0.98981077147016,0.959097320169252,0.974212034383954
2000,1000,80,0.3,0.05,"a",FALSE,0.5,0,606,"80, 32, 8, 57","rf_probs",0,331,705,464,0.220666666666667,0.31949806949807,0,0.416352201257862,0.31949806949807,0.361551064991808,"rf_probs",0,97,230,159,0.199588477366255,0.296636085626911,0,0.37890625,0.296636085626911,0.332761578044597,"rf_probs",0,234,475,305,0.230769230769231,0.330042313117066,0,0.434137291280148,0.330042313117066,0.375
2000,1000,80,0.3,0.05,"a",FALSE,0.5,0,606,"80, 32, 8, 57","rf_class",427,1010,26,37,0.958,0.974903474903475,0.920258620689655,0.964660936007641,0.974903474903475,0.969755160825732,"rf_class",141,322,5,18,0.952674897119342,0.984709480122324,0.886792452830189,0.947058823529412,0.984709480122324,0.96551724137931,"rf_class",286,688,21,19,0.960552268244576,0.970380818053597,0.937704918032787,0.973125884016973,0.970380818053597,0.971751412429378
2000,1000,80,0.3,0.05,"a",FALSE,0.5,0,607,"25, 9, 20, 42","IRT",446,999,44,11,0.963333333333333,0.957813998082454,0.975929978118162,0.989108910891089,0.957813998082454,0.973209936678032,"IRT",164,336,19,3,0.957854406130268,0.946478873239437,0.982035928143713,0.991150442477876,0.946478873239437,0.968299711815562,"IRT",282,663,25,8,0.966257668711656,0.963662790697674,0.972413793103448,0.988077496274218,0.963662790697674,0.975717439293598
2000,1000,80,0.3,0.05,"a",FALSE,0.5,0,607,"25, 9, 20, 42","rf_probs",0,370,673,457,0.246666666666667,0.354745925215724,0,0.447400241837969,0.354745925215724,0.39572192513369,"rf_probs",0,120,235,167,0.229885057471264,0.338028169014085,0,0.418118466898955,0.338028169014085,0.373831775700935,"rf_probs",0,250,438,290,0.255623721881391,0.363372093023256,0,0.462962962962963,0.363372093023256,0.407166123778502
2000,1000,80,0.3,0.05,"a",FALSE,0.5,0,607,"25, 9, 20, 42","rf_class",435,1014,29,22,0.966,0.972195589645254,0.951859956236324,0.978764478764479,0.972195589645254,0.975468975468976,"rf_class",161,345,10,6,0.969348659003831,0.971830985915493,0.964071856287425,0.982905982905983,0.971830985915493,0.977337110481586,"rf_class",274,669,19,16,0.964212678936605,0.972383720930233,0.944827586206897,0.976642335766423,0.972383720930233,0.974508375819374
2000,1000,80,0.3,0.05,"a",FALSE,0.5,0,608,"31, 53, 26, 46","IRT",453,994,43,10,0.964666666666667,0.958534233365477,0.978401727861771,0.99003984063745,0.958534233365477,0.974032337089662,"IRT",147,341,14,5,0.962524654832347,0.96056338028169,0.967105263157895,0.985549132947977,0.96056338028169,0.972895863052782,"IRT",306,653,29,5,0.965760322255791,0.957478005865103,0.983922829581994,0.992401215805471,0.957478005865103,0.974626865671642
2000,1000,80,0.3,0.05,"a",FALSE,0.5,0,608,"31, 53, 26, 46","rf_probs",0,339,698,463,0.226,0.326904532304725,0,0.422693266832918,0.326904532304725,0.368678629690049,"rf_probs",0,120,235,152,0.236686390532544,0.338028169014085,0,0.441176470588235,0.338028169014085,0.382775119617225,"rf_probs",0,219,463,311,0.220543806646526,0.321114369501466,0,0.413207547169811,0.321114369501466,0.361386138613861
2000,1000,80,0.3,0.05,"a",FALSE,0.5,0,608,"31, 53, 26, 46","rf_class",448,998,39,15,0.964,0.962391513982642,0.967602591792657,0.985192497532083,0.962391513982642,0.973658536585366,"rf_class",147,343,12,5,0.96646942800789,0.966197183098592,0.967105263157895,0.985632183908046,0.966197183098592,0.975817923186344,"rf_class",301,655,27,10,0.962739174219537,0.960410557184751,0.967845659163987,0.984962406015038,0.960410557184751,0.97253155159614
2000,1000,80,0.3,0.05,"a",FALSE,0.5,0,609,"69, 75, 21, 26","IRT",433,1016,38,13,0.966,0.963946869070209,0.97085201793722,0.987366375121477,0.963946869070209,0.975516082573212,"IRT",140,330,15,4,0.961145194274029,0.956521739130435,0.972222222222222,0.988023952095808,0.956521739130435,0.972017673048601,"IRT",293,686,23,9,0.968348170128586,0.967559943582511,0.970198675496689,0.98705035971223,0.967559943582511,0.977207977207977
2000,1000,80,0.3,0.05,"a",FALSE,0.5,0,609,"69, 75, 21, 26","rf_probs",0,378,676,446,0.252,0.358633776091082,0,0.45873786407767,0.358633776091082,0.402555910543131,"rf_probs",0,119,226,144,0.243353783231084,0.344927536231884,0,0.452471482889734,0.344927536231884,0.391447368421053,"rf_probs",0,259,450,302,0.256181998021761,0.365303244005642,0,0.461675579322638,0.365303244005642,0.407874015748031
2000,1000,80,0.3,0.05,"a",FALSE,0.5,0,609,"69, 75, 21, 26","rf_class",431,1012,42,15,0.962,0.960151802656547,0.966367713004484,0.98539435248296,0.960151802656547,0.972609322441134,"rf_class",140,330,15,4,0.961145194274029,0.956521739130435,0.972222222222222,0.988023952095808,0.956521739130435,0.972017673048601,"rf_class",291,682,27,11,0.962413452027695,0.961918194640338,0.963576158940397,0.984126984126984,0.961918194640338,0.972895863052782
2000,1000,80,0.3,0.05,"a",FALSE,0.5,0,610,"33, 60, 26, 2","IRT",459,987,44,10,0.964,0.957322987390883,0.978678038379531,0.989969909729188,0.957322987390883,0.973372781065089,"IRT",164,295,21,3,0.950310559006211,0.933544303797468,0.982035928143713,0.98993288590604,0.933544303797468,0.960912052117264,"IRT",295,692,23,7,0.970501474926254,0.967832167832168,0.97682119205298,0.989985693848355,0.967832167832168,0.978783592644979
2000,1000,80,0.3,0.05,"a",FALSE,0.5,0,610,"33, 60, 26, 2","rf_probs",0,381,650,469,0.254,0.369544131910766,0,0.448235294117647,0.369544131910766,0.405103668261563,"rf_probs",0,120,196,167,0.248447204968944,0.379746835443038,0,0.418118466898955,0.379746835443038,0.398009950248756,"rf_probs",0,261,454,302,0.256637168141593,0.365034965034965,0,0.463587921847247,0.365034965034965,0.408450704225352
2000,1000,80,0.3,0.05,"a",FALSE,0.5,0,610,"33, 60, 26, 2","rf_class",454,988,43,15,0.961333333333333,0.958292919495635,0.968017057569296,0.985044865403789,0.958292919495635,0.971484759095379,"rf_class",161,298,18,6,0.950310559006211,0.943037974683544,0.964071856287425,0.980263157894737,0.943037974683544,0.961290322580645,"rf_class",293,690,25,9,0.966568338249754,0.965034965034965,0.970198675496689,0.987124463519313,0.965034965034965,0.975954738330976
2000,1000,80,0.3,0.05,"a",FALSE,0.5,0,611,"47, 53, 23, 54","IRT",431,1016,39,14,0.964666666666667,0.96303317535545,0.968539325842697,0.986407766990291,0.96303317535545,0.974580335731415,"IRT",142,343,17,4,0.958498023715415,0.952777777777778,0.972602739726027,0.988472622478386,0.952777777777778,0.97029702970297,"IRT",289,673,22,10,0.967806841046278,0.968345323741007,0.966555183946488,0.985358711566618,0.968345323741007,0.97677793904209
2000,1000,80,0.3,0.05,"a",FALSE,0.5,0,611,"47, 53, 23, 54","rf_probs",0,344,711,445,0.229333333333333,0.3260663507109,0,0.435994930291508,0.3260663507109,0.373101952277657,"rf_probs",0,121,239,146,0.239130434782609,0.336111111111111,0,0.453183520599251,0.336111111111111,0.385964912280702,"rf_probs",0,223,472,299,0.224346076458753,0.320863309352518,0,0.4272030651341,0.320863309352518,0.366474938373049
2000,1000,80,0.3,0.05,"a",FALSE,0.5,0,611,"47, 53, 23, 54","rf_class",428,1016,39,17,0.962666666666667,0.96303317535545,0.961797752808989,0.983543078412391,0.96303317535545,0.973180076628352,"rf_class",142,345,15,4,0.962450592885375,0.958333333333333,0.972602739726027,0.988538681948424,0.958333333333333,0.973201692524683,"rf_class",286,671,24,13,0.962776659959759,0.965467625899281,0.956521739130435,0.980994152046784,0.965467625899281,0.973168963016679
2000,1000,80,0.3,0.05,"a",FALSE,0.5,0,612,"63, 74, 72, 32","IRT",417,1037,35,11,0.969333333333333,0.967350746268657,0.974299065420561,0.989503816793893,0.967350746268657,0.978301886792453,"IRT",143,338,10,2,0.975659229208925,0.971264367816092,0.986206896551724,0.994117647058824,0.971264367816092,0.982558139534884,"IRT",274,699,25,9,0.966236345580934,0.965469613259669,0.968197879858657,0.98728813559322,0.965469613259669,0.976256983240224
2000,1000,80,0.3,0.05,"a",FALSE,0.5,0,612,"63, 74, 72, 32","rf_probs",0,394,678,428,0.262666666666667,0.367537313432836,0,0.479318734793187,0.367537313432836,0.416050686378036,"rf_probs",0,125,223,145,0.253549695740365,0.359195402298851,0,0.462962962962963,0.359195402298851,0.40453074433657,"rf_probs",0,269,455,283,0.267130089374379,0.371546961325967,0,0.48731884057971,0.371546961325967,0.421630094043887
2000,1000,80,0.3,0.05,"a",FALSE,0.5,0,612,"63, 74, 72, 32","rf_class",403,1030,42,25,0.955333333333333,0.960820895522388,0.941588785046729,0.976303317535545,0.960820895522388,0.968500235072873,"rf_class",139,334,14,6,0.959432048681542,0.959770114942529,0.958620689655172,0.982352941176471,0.959770114942529,0.970930232558139,"rf_class",264,696,28,19,0.953326713008937,0.961325966850829,0.932862190812721,0.973426573426573,0.961325966850829,0.967338429464906
2000,1000,80,0.3,0.05,"a",FALSE,0.5,0,613,"50, 38, 35, 2","IRT",436,1002,57,5,0.958666666666667,0.946175637393768,0.988662131519274,0.995034756703079,0.946175637393768,0.96999031945789,"IRT",147,325,20,2,0.955465587044534,0.942028985507246,0.986577181208054,0.99388379204893,0.942028985507246,0.967261904761905,"IRT",289,677,37,3,0.960238568588469,0.948179271708683,0.98972602739726,0.995588235294118,0.948179271708683,0.971305595408895
2000,1000,80,0.3,0.05,"a",FALSE,0.5,0,613,"50, 38, 35, 2","rf_probs",0,369,690,441,0.246,0.348441926345609,0,0.455555555555556,0.348441926345609,0.394863563402889,"rf_probs",0,124,221,149,0.251012145748988,0.359420289855072,0,0.454212454212454,0.359420289855072,0.401294498381877,"rf_probs",0,245,469,292,0.243538767395626,0.343137254901961,0,0.456238361266294,0.343137254901961,0.391686650679456
2000,1000,80,0.3,0.05,"a",FALSE,0.5,0,613,"50, 38, 35, 2","rf_class",422,1027,32,19,0.966,0.969782813975449,0.956916099773243,0.981835564053537,0.969782813975449,0.975771971496437,"rf_class",143,334,11,6,0.965587044534413,0.968115942028986,0.959731543624161,0.982352941176471,0.968115942028986,0.975182481751825,"rf_class",279,693,21,13,0.966202783300199,0.970588235294118,0.955479452054795,0.981586402266289,0.970588235294118,0.976056338028169
2000,1000,80,0.3,0.05,"a",FALSE,0.5,0,614,"55, 16, 23, 17","IRT",446,990,56,8,0.957333333333333,0.946462715105163,0.982378854625551,0.991983967935872,0.946462715105163,0.968688845401174,"IRT",139,320,16,2,0.962264150943396,0.952380952380952,0.985815602836879,0.993788819875776,0.952380952380952,0.972644376899696,"IRT",307,670,40,6,0.955034213098729,0.943661971830986,0.980830670926518,0.99112426035503,0.943661971830986,0.966810966810967
2000,1000,80,0.3,0.05,"a",FALSE,0.5,0,614,"55, 16, 23, 17","rf_probs",0,320,726,454,0.213333333333333,0.305927342256214,0,0.41343669250646,0.305927342256214,0.351648351648352,"rf_probs",0,98,238,141,0.205450733752621,0.291666666666667,0,0.410041841004184,0.291666666666667,0.340869565217391,"rf_probs",0,222,488,313,0.217008797653959,0.312676056338028,0,0.414953271028037,0.312676056338028,0.356626506024096
2000,1000,80,0.3,0.05,"a",FALSE,0.5,0,614,"55, 16, 23, 17","rf_class",432,1009,37,22,0.960666666666667,0.964627151051625,0.951541850220264,0.978661493695441,0.964627151051625,0.971593644679827,"rf_class",134,324,12,7,0.960167714884696,0.964285714285714,0.950354609929078,0.978851963746224,0.964285714285714,0.971514242878561,"rf_class",298,685,25,15,0.960899315738025,0.964788732394366,0.952076677316294,0.978571428571429,0.964788732394366,0.971631205673759
2000,1000,80,0.3,0.05,"a",FALSE,0.5,0,615,"76, 65, 6, 61","IRT",447,998,46,9,0.963333333333333,0.955938697318008,0.980263157894737,0.991062562065541,0.955938697318008,0.973183812774256,"IRT",130,332,16,3,0.960498960498961,0.954022988505747,0.977443609022556,0.991044776119403,0.954022988505747,0.972181551976574,"IRT",317,666,30,6,0.964671246319922,0.956896551724138,0.981424148606811,0.991071428571429,0.956896551724138,0.973684210526316
2000,1000,80,0.3,0.05,"a",FALSE,0.5,0,615,"76, 65, 6, 61","rf_probs",0,354,690,456,0.236,0.339080459770115,0,0.437037037037037,0.339080459770115,0.381877022653722,"rf_probs",0,129,219,133,0.268191268191268,0.370689655172414,0,0.49236641221374,0.370689655172414,0.422950819672131,"rf_probs",0,225,471,323,0.220804710500491,0.323275862068966,0,0.410583941605839,0.323275862068966,0.361736334405145
2000,1000,80,0.3,0.05,"a",FALSE,0.5,0,615,"76, 65, 6, 61","rf_class",435,1008,36,21,0.962,0.96551724137931,0.953947368421053,0.979591836734694,0.96551724137931,0.972503617945007,"rf_class",124,338,10,9,0.960498960498961,0.971264367816092,0.932330827067669,0.974063400576369,0.971264367816092,0.972661870503597,"rf_class",311,670,26,12,0.962708537782139,0.96264367816092,0.962848297213622,0.982404692082111,0.96264367816092,0.972423802612482
2000,1000,80,0.3,0.05,"a",FALSE,0.5,0,616,"23, 43, 37, 20","IRT",425,1015,50,10,0.96,0.953051643192488,0.977011494252874,0.990243902439024,0.953051643192488,0.971291866028708,"IRT",148,344,22,3,0.951644100580271,0.939890710382514,0.980132450331126,0.99135446685879,0.939890710382514,0.964936886395512,"IRT",277,671,28,7,0.964394710071211,0.959942775393419,0.975352112676056,0.989675516224189,0.959942775393419,0.974582425562818
2000,1000,80,0.3,0.05,"a",FALSE,0.5,0,616,"23, 43, 37, 20","rf_probs",0,403,662,435,0.268666666666667,0.378403755868545,0,0.48090692124105,0.378403755868545,0.423541776142932,"rf_probs",0,146,220,151,0.282398452611219,0.398907103825137,0,0.491582491582492,0.398907103825137,0.440422322775264,"rf_probs",0,257,442,284,0.261444557477111,0.367668097281831,0,0.475046210720887,0.367668097281831,0.414516129032258
2000,1000,80,0.3,0.05,"a",FALSE,0.5,0,616,"23, 43, 37, 20","rf_class",416,1015,50,19,0.954,0.953051643192488,0.95632183908046,0.981624758220503,0.953051643192488,0.967127203430205,"rf_class",146,343,23,5,0.945841392649903,0.937158469945355,0.966887417218543,0.985632183908046,0.937158469945355,0.96078431372549,"rf_class",270,672,27,14,0.958290946083418,0.96137339055794,0.950704225352113,0.979591836734694,0.96137339055794,0.970397111913357
2000,1000,80,0.3,0.05,"a",FALSE,0.5,0,617,"7, 2, 26, 39","IRT",440,1010,22,28,0.966666666666667,0.978682170542636,0.94017094017094,0.973025048169557,0.978682170542636,0.975845410628019,"IRT",139,345,9,7,0.968,0.974576271186441,0.952054794520548,0.980113636363636,0.974576271186441,0.977337110481586,"IRT",301,665,13,21,0.966,0.980825958702065,0.934782608695652,0.969387755102041,0.980825958702065,0.975073313782991
2000,1000,80,0.3,0.05,"a",FALSE,0.5,0,617,"7, 2, 26, 39","rf_probs",0,331,701,468,0.220666666666667,0.320736434108527,0,0.414267834793492,0.320736434108527,0.361551064991808,"rf_probs",0,111,243,146,0.222,0.313559322033898,0,0.431906614785992,0.313559322033898,0.363338788870704,"rf_probs",0,220,458,322,0.22,0.324483775811209,0,0.40590405904059,0.324483775811209,0.360655737704918
2000,1000,80,0.3,0.05,"a",FALSE,0.5,0,617,"7, 2, 26, 39","rf_class",431,1010,22,37,0.960666666666667,0.978682170542636,0.920940170940171,0.964660936007641,0.978682170542636,0.971620971620972,"rf_class",136,347,7,10,0.966,0.980225988700565,0.931506849315068,0.971988795518207,0.980225988700565,0.976090014064698,"rf_class",295,663,15,27,0.958,0.97787610619469,0.916149068322981,0.960869565217391,0.97787610619469,0.969298245614035
2000,1000,80,0.3,0.05,"a",FALSE,0.5,0,618,"39, 27, 68, 23","IRT",445,997,47,11,0.961333333333333,0.954980842911877,0.975877192982456,0.989087301587302,0.954980842911877,0.971734892787524,"IRT",155,329,14,1,0.969939879759519,0.959183673469388,0.993589743589744,0.996969696969697,0.959183673469388,0.977711738484398,"IRT",290,668,33,10,0.957042957042957,0.952924393723253,0.966666666666667,0.985250737463127,0.952924393723253,0.968817984046411
2000,1000,80,0.3,0.05,"a",FALSE,0.5,0,618,"39, 27, 68, 23","rf_probs",0,344,700,456,0.229333333333333,0.329501915708812,0,0.43,0.329501915708812,0.373101952277657,"rf_probs",0,109,234,156,0.218436873747495,0.317784256559767,0,0.411320754716981,0.317784256559767,0.358552631578947,"rf_probs",0,235,466,300,0.234765234765235,0.335235378031384,0,0.439252336448598,0.335235378031384,0.380258899676375
2000,1000,80,0.3,0.05,"a",FALSE,0.5,0,618,"39, 27, 68, 23","rf_class",441,1007,37,15,0.965333333333333,0.96455938697318,0.967105263157895,0.9853228962818,0.96455938697318,0.974830590513069,"rf_class",152,332,11,4,0.969939879759519,0.967930029154519,0.974358974358974,0.988095238095238,0.967930029154519,0.977908689248896,"rf_class",289,675,26,11,0.963036963036963,0.962910128388017,0.963333333333333,0.983965014577259,0.962910128388017,0.973323720259553
2000,1000,80,0.3,0.05,"a",FALSE,0.5,0,619,"40, 33, 45, 13","IRT",431,1019,26,24,0.966666666666667,0.97511961722488,0.947252747252747,0.976989453499521,0.97511961722488,0.976053639846743,"IRT",151,350,8,10,0.965317919075145,0.977653631284916,0.937888198757764,0.972222222222222,0.977653631284916,0.974930362116992,"IRT",280,669,18,14,0.967380224260958,0.973799126637555,0.952380952380952,0.979502196193265,0.973799126637555,0.976642335766423
2000,1000,80,0.3,0.05,"a",FALSE,0.5,0,619,"40, 33, 45, 13","rf_probs",0,397,648,455,0.264666666666667,0.379904306220096,0,0.465962441314554,0.379904306220096,0.41855561412757,"rf_probs",0,138,220,161,0.265895953757225,0.385474860335196,0,0.461538461538462,0.385474860335196,0.420091324200913,"rf_probs",0,259,428,294,0.26401630988787,0.377001455604076,0,0.468354430379747,0.377001455604076,0.417741935483871
2000,1000,80,0.3,0.05,"a",FALSE,0.5,0,619,"40, 33, 45, 13","rf_class",427,1015,30,28,0.961333333333333,0.971291866028708,0.938461538461538,0.973154362416107,0.971291866028708,0.972222222222222,"rf_class",154,349,9,7,0.969171483622351,0.974860335195531,0.956521739130435,0.980337078651685,0.974860335195531,0.977591036414566,"rf_class",273,666,21,21,0.957186544342508,0.96943231441048,0.928571428571429,0.96943231441048,0.96943231441048,0.96943231441048
2000,1000,80,0.3,0.05,"a",FALSE,0.5,0,620,"78, 11, 63, 32","IRT",427,1017,47,9,0.962666666666667,0.955827067669173,0.979357798165138,0.991228070175439,0.955827067669173,0.973205741626794,"IRT",136,343,16,3,0.961847389558233,0.955431754874652,0.97841726618705,0.991329479768786,0.955431754874652,0.973049645390071,"IRT",291,674,31,6,0.963073852295409,0.956028368794326,0.97979797979798,0.991176470588235,0.956028368794326,0.973285198555957
2000,1000,80,0.3,0.05,"a",FALSE,0.5,0,620,"78, 11, 63, 32","rf_probs",0,392,672,436,0.261333333333333,0.368421052631579,0,0.473429951690821,0.368421052631579,0.414376321353066,"rf_probs",0,130,229,139,0.261044176706827,0.362116991643454,0,0.483271375464684,0.362116991643454,0.414012738853503,"rf_probs",0,262,443,297,0.261477045908184,0.371631205673759,0,0.468694096601073,0.371631205673759,0.414556962025316
2000,1000,80,0.3,0.05,"a",FALSE,0.5,0,620,"78, 11, 63, 32","rf_class",414,1022,42,22,0.957333333333333,0.960526315789474,0.94954128440367,0.978927203065134,0.960526315789474,0.969639468690702,"rf_class",133,345,14,6,0.959839357429719,0.96100278551532,0.956834532374101,0.982905982905983,0.96100278551532,0.971830985915493,"rf_class",281,677,28,16,0.956087824351297,0.960283687943262,0.946127946127946,0.976911976911977,0.960283687943262,0.968526466380544
2000,1000,80,0.3,0.05,"a",FALSE,0.5,0,621,"13, 48, 9, 36","IRT",448,1002,32,18,0.966666666666667,0.969052224371373,0.96137339055794,0.982352941176471,0.969052224371373,0.975657254138267,"IRT",158,357,10,6,0.969868173258004,0.97275204359673,0.963414634146341,0.983471074380165,0.97275204359673,0.978082191780822,"IRT",290,645,22,12,0.964912280701754,0.967016491754123,0.960264900662252,0.981735159817352,0.967016491754123,0.974320241691843
2000,1000,80,0.3,0.05,"a",FALSE,0.5,0,621,"13, 48, 9, 36","rf_probs",0,311,723,466,0.207333333333333,0.300773694390716,0,0.4002574002574,0.300773694390716,0.343456653782441,"rf_probs",0,107,260,164,0.2015065913371,0.291553133514986,0,0.394833948339483,0.291553133514986,0.335423197492163,"rf_probs",0,204,463,302,0.210526315789474,0.305847076461769,0,0.403162055335968,0.305847076461769,0.347826086956522
2000,1000,80,0.3,0.05,"a",FALSE,0.5,0,621,"13, 48, 9, 36","rf_class",438,1009,25,28,0.964666666666667,0.975822050290135,0.939914163090129,0.972999035679846,0.975822050290135,0.974408498309995,"rf_class",152,359,8,12,0.962335216572505,0.978201634877384,0.926829268292683,0.967654986522911,0.978201634877384,0.97289972899729,"rf_class",286,650,17,16,0.96594427244582,0.974512743628186,0.947019867549669,0.975975975975976,0.974512743628186,0.975243810952738
2000,1000,80,0.3,0.05,"a",FALSE,0.5,0,622,"17, 22, 77, 60","IRT",435,1010,42,13,0.963333333333333,0.960076045627376,0.970982142857143,0.987292277614858,0.960076045627376,0.973493975903614,"IRT",149,323,13,3,0.967213114754098,0.961309523809524,0.980263157894737,0.99079754601227,0.961309523809524,0.97583081570997,"IRT",286,687,29,10,0.961462450592885,0.959497206703911,0.966216216216216,0.985652797704448,0.959497206703911,0.9723991507431
2000,1000,80,0.3,0.05,"a",FALSE,0.5,0,622,"17, 22, 77, 60","rf_probs",0,377,675,448,0.251333333333333,0.358365019011407,0,0.456969696969697,0.358365019011407,0.401704848161961,"rf_probs",0,123,213,152,0.252049180327869,0.366071428571429,0,0.447272727272727,0.366071428571429,0.402618657937807,"rf_probs",0,254,462,296,0.25098814229249,0.354748603351955,0,0.461818181818182,0.354748603351955,0.401263823064771
2000,1000,80,0.3,0.05,"a",FALSE,0.5,0,622,"17, 22, 77, 60","rf_class",420,1025,27,28,0.963333333333333,0.974334600760456,0.9375,0.97340930674264,0.974334600760456,0.973871733966746,"rf_class",146,327,9,6,0.969262295081967,0.973214285714286,0.960526315789474,0.981981981981982,0.973214285714286,0.977578475336323,"rf_class",274,698,18,22,0.960474308300395,0.974860335195531,0.925675675675676,0.969444444444444,0.974860335195531,0.972144846796657
2000,1000,80,0.3,0.05,"a",FALSE,0.5,0,623,"11, 4, 71, 19","IRT",436,1013,41,10,0.966,0.961100569259962,0.977578475336323,0.990224828934506,0.961100569259962,0.975445353875782,"IRT",154,349,9,4,0.974806201550388,0.974860335195531,0.974683544303797,0.988668555240793,0.974860335195531,0.981715893108298,"IRT",282,664,32,6,0.961382113821138,0.954022988505747,0.979166666666667,0.991044776119403,0.954022988505747,0.972181551976574
2000,1000,80,0.3,0.05,"a",FALSE,0.5,0,623,"11, 4, 71, 19","rf_probs",0,342,712,446,0.228,0.324478178368121,0,0.434010152284264,0.324478178368121,0.371335504885993,"rf_probs",0,106,252,158,0.205426356589147,0.29608938547486,0,0.401515151515151,0.29608938547486,0.340836012861736,"rf_probs",0,236,460,288,0.239837398373984,0.339080459770115,0,0.450381679389313,0.339080459770115,0.386885245901639
2000,1000,80,0.3,0.05,"a",FALSE,0.5,0,623,"11, 4, 71, 19","rf_class",422,1014,40,24,0.957333333333333,0.962049335863378,0.946188340807175,0.976878612716763,0.962049335863378,0.969407265774379,"rf_class",150,348,10,8,0.965116279069767,0.972067039106145,0.949367088607595,0.97752808988764,0.972067039106145,0.974789915966386,"rf_class",272,666,30,16,0.953252032520325,0.956896551724138,0.944444444444444,0.976539589442815,0.956896551724138,0.966618287373004
2000,1000,80,0.3,0.05,"a",FALSE,0.5,0,624,"4, 2, 11, 37","IRT",440,996,59,5,0.957333333333333,0.944075829383886,0.98876404494382,0.995004995004995,0.944075829383886,0.968871595330739,"IRT",160,327,22,1,0.954901960784314,0.936962750716332,0.993788819875776,0.996951219512195,0.936962750716332,0.96602658788774,"IRT",280,669,37,4,0.958585858585859,0.947592067988669,0.985915492957746,0.99405646359584,0.947592067988669,0.970268310369833
2000,1000,80,0.3,0.05,"a",FALSE,0.5,0,624,"4, 2, 11, 37","rf_probs",0,363,692,445,0.242,0.344075829383886,0,0.449257425742574,0.344075829383886,0.389694041867955,"rf_probs",0,111,238,161,0.217647058823529,0.318051575931232,0,0.408088235294118,0.318051575931232,0.357487922705314,"rf_probs",0,252,454,284,0.254545454545455,0.356940509915014,0,0.470149253731343,0.356940509915014,0.405797101449275
2000,1000,80,0.3,0.05,"a",FALSE,0.5,0,624,"4, 2, 11, 37","rf_class",424,1017,38,21,0.960666666666667,0.963981042654028,0.952808988764045,0.979768786127168,0.963981042654028,0.971810797897754,"rf_class",156,336,13,5,0.964705882352941,0.962750716332378,0.968944099378882,0.98533724340176,0.962750716332378,0.973913043478261,"rf_class",268,681,25,16,0.958585858585859,0.964589235127479,0.943661971830986,0.977044476327116,0.964589235127479,0.970776906628653
2000,1000,80,0.3,0.05,"a",FALSE,0.5,0,625,"54, 14, 52, 69","IRT",445,1000,41,14,0.963333333333333,0.960614793467819,0.969498910675381,0.986193293885602,0.960614793467819,0.97323600973236,"IRT",148,326,14,5,0.961460446247465,0.958823529411765,0.967320261437909,0.984894259818731,0.958823529411765,0.971684053651267,"IRT",297,674,27,9,0.964250248262165,0.961483594864479,0.970588235294118,0.986822840409956,0.961483594864479,0.973988439306358
2000,1000,80,0.3,0.05,"a",FALSE,0.5,0,625,"54, 14, 52, 69","rf_probs",0,355,686,459,0.236666666666667,0.341018251681076,0,0.436117936117936,0.341018251681076,0.382749326145553,"rf_probs",0,123,217,153,0.249492900608519,0.361764705882353,0,0.445652173913043,0.361764705882353,0.399350649350649,"rf_probs",0,232,469,306,0.23038728897716,0.33095577746077,0,0.431226765799257,0.33095577746077,0.374495560936239
2000,1000,80,0.3,0.05,"a",FALSE,0.5,0,625,"54, 14, 52, 69","rf_class",435,1010,31,24,0.963333333333333,0.970220941402498,0.947712418300654,0.97678916827853,0.970220941402498,0.973493975903615,"rf_class",145,331,9,8,0.96551724137931,0.973529411764706,0.947712418300654,0.976401179941003,0.973529411764706,0.974963181148748,"rf_class",290,679,22,16,0.962264150943396,0.968616262482168,0.947712418300654,0.976978417266187,0.968616262482168,0.972779369627507
2000,1000,80,0.3,0.05,"a",FALSE,0.5,0,626,"61, 27, 28, 4","IRT",456,984,51,9,0.96,0.950724637681159,0.980645161290323,0.990936555891239,0.950724637681159,0.970414201183432,"IRT",154,336,13,1,0.972222222222222,0.962750716332378,0.993548387096774,0.997032640949555,0.962750716332378,0.979591836734694,"IRT",302,648,38,8,0.953815261044177,0.944606413994169,0.974193548387097,0.98780487804878,0.944606413994169,0.965722801788376
2000,1000,80,0.3,0.05,"a",FALSE,0.5,0,626,"61, 27, 28, 4","rf_probs",0,363,672,465,0.242,0.350724637681159,0,0.438405797101449,0.350724637681159,0.389694041867955,"rf_probs",0,126,223,155,0.25,0.361031518624642,0,0.448398576512456,0.361031518624642,0.4,"rf_probs",0,237,449,310,0.237951807228916,0.345481049562682,0,0.43327239488117,0.345481049562682,0.384428223844282
2000,1000,80,0.3,0.05,"a",FALSE,0.5,0,626,"61, 27, 28, 4","rf_class",446,997,38,19,0.962,0.963285024154589,0.959139784946237,0.981299212598425,0.963285024154589,0.97220867869332,"rf_class",147,341,8,8,0.968253968253968,0.977077363896848,0.948387096774194,0.977077363896848,0.977077363896848,0.977077363896848,"rf_class",299,656,30,11,0.958835341365462,0.956268221574344,0.964516129032258,0.983508245877061,0.956268221574344,0.96969696969697
2000,1000,80,0.3,0.05,"a",FALSE,0.5,0,627,"64, 60, 57, 38","IRT",424,1025,30,21,0.966,0.971563981042654,0.952808988764045,0.979923518164436,0.971563981042654,0.975725844835792,"IRT",140,327,11,9,0.958932238193018,0.967455621301775,0.939597315436242,0.973214285714286,0.967455621301775,0.970326409495549,"IRT",284,698,19,12,0.969397828232971,0.97350069735007,0.959459459459459,0.983098591549296,0.97350069735007,0.978276103714085
2000,1000,80,0.3,0.05,"a",FALSE,0.5,0,627,"64, 60, 57, 38","rf_probs",0,373,682,445,0.248666666666667,0.353554502369668,0,0.4559902200489,0.353554502369668,0.398291510945008,"rf_probs",0,127,211,149,0.260780287474333,0.375739644970414,0,0.460144927536232,0.375739644970414,0.413680781758958,"rf_probs",0,246,471,296,0.24284304047384,0.343096234309623,0,0.453874538745387,0.343096234309623,0.390786338363781
2000,1000,80,0.3,0.05,"a",FALSE,0.5,0,627,"64, 60, 57, 38","rf_class",417,1019,36,28,0.957333333333333,0.965876777251185,0.937078651685393,0.973256924546323,0.965876777251185,0.969552806850618,"rf_class",138,326,12,11,0.952772073921971,0.964497041420118,0.926174496644295,0.967359050445104,0.964497041420118,0.965925925925926,"rf_class",279,693,24,17,0.959526159921027,0.96652719665272,0.942567567567568,0.976056338028169,0.96652719665272,0.971268395234758
2000,1000,80,0.3,0.05,"a",FALSE,0.5,0,628,"44, 71, 77, 60","IRT",428,1001,66,5,0.952666666666667,0.938144329896907,0.988452655889146,0.995029821073559,0.938144329896907,0.965750120598167,"IRT",149,323,13,2,0.969199178644764,0.961309523809524,0.986754966887417,0.993846153846154,0.961309523809524,0.977307110438729,"IRT",279,678,53,3,0.94471865745311,0.92749658002736,0.98936170212766,0.995594713656388,0.92749658002736,0.960339943342776
2000,1000,80,0.3,0.05,"a",FALSE,0.5,0,628,"44, 71, 77, 60","rf_probs",0,354,713,433,0.236,0.331771321462043,0,0.449809402795426,0.331771321462043,0.381877022653722,"rf_probs",0,105,231,151,0.215605749486653,0.3125,0,0.41015625,0.3125,0.35472972972973,"rf_probs",0,249,482,282,0.245804540967423,0.3406292749658,0,0.468926553672316,0.3406292749658,0.394611727416799
2000,1000,80,0.3,0.05,"a",FALSE,0.5,0,628,"44, 71, 77, 60","rf_class",421,1018,49,12,0.959333333333333,0.954076850984067,0.972286374133949,0.988349514563107,0.954076850984067,0.970910824988078,"rf_class",148,323,13,3,0.967145790554415,0.961309523809524,0.980132450331126,0.99079754601227,0.961309523809524,0.97583081570997,"rf_class",273,695,36,9,0.955577492596249,0.950752393980848,0.968085106382979,0.987215909090909,0.950752393980848,0.968641114982578
2000,1000,80,0.3,0.05,"a",FALSE,0.5,0,629,"8, 41, 25, 22","IRT",425,1027,31,17,0.968,0.97069943289225,0.961538461538462,0.983716475095785,0.97069943289225,0.977164605137964,"IRT",132,335,11,5,0.966873706004141,0.968208092485549,0.963503649635037,0.985294117647059,0.968208092485549,0.97667638483965,"IRT",293,692,20,12,0.968534906588004,0.971910112359551,0.960655737704918,0.982954545454545,0.971910112359551,0.977401129943503
2000,1000,80,0.3,0.05,"a",FALSE,0.5,0,629,"8, 41, 25, 22","rf_probs",0,329,729,442,0.219333333333333,0.310964083175803,0,0.426718547341115,0.310964083175803,0.35975943138327,"rf_probs",0,96,250,137,0.198757763975155,0.277456647398844,0,0.412017167381974,0.277456647398844,0.33160621761658,"rf_probs",0,233,479,305,0.229105211406096,0.327247191011236,0,0.433085501858736,0.327247191011236,0.3728
2000,1000,80,0.3,0.05,"a",FALSE,0.5,0,629,"8, 41, 25, 22","rf_class",420,1023,35,22,0.962,0.966918714555766,0.950226244343891,0.978947368421053,0.966918714555766,0.972895863052782,"rf_class",131,333,13,6,0.960662525879917,0.96242774566474,0.956204379562044,0.982300884955752,0.96242774566474,0.972262773722628,"rf_class",289,690,22,16,0.962635201573255,0.969101123595506,0.947540983606557,0.977337110481586,0.969101123595506,0.973201692524683
2000,1000,80,0.3,0.05,"a",FALSE,0.5,0,630,"6, 79, 33, 24","IRT",409,1039,26,26,0.965333333333333,0.975586854460094,0.940229885057471,0.975586854460094,0.975586854460094,0.975586854460094,"IRT",132,359,11,9,0.960861056751468,0.97027027027027,0.936170212765957,0.97554347826087,0.97027027027027,0.97289972899729,"IRT",277,680,15,17,0.967644084934277,0.97841726618705,0.942176870748299,0.975609756097561,0.97841726618705,0.977011494252874
2000,1000,80,0.3,0.05,"a",FALSE,0.5,0,630,"6, 79, 33, 24","rf_probs",0,372,693,435,0.248,0.349295774647887,0,0.460966542750929,0.349295774647887,0.397435897435897,"rf_probs",0,129,241,141,0.252446183953033,0.348648648648649,0,0.477777777777778,0.348648648648649,0.403125,"rf_probs",0,243,452,294,0.245702730030334,0.349640287769784,0,0.452513966480447,0.349640287769784,0.394480519480519
2000,1000,80,0.3,0.05,"a",FALSE,0.5,0,630,"6, 79, 33, 24","rf_class",411,1037,28,24,0.965333333333333,0.973708920187793,0.944827586206897,0.977379830348728,0.973708920187793,0.975540921919097,"rf_class",135,358,12,6,0.964774951076321,0.967567567567568,0.957446808510638,0.983516483516483,0.967567567567568,0.975476839237057,"rf_class",276,679,16,18,0.965621840242669,0.976978417266187,0.938775510204082,0.974175035868006,0.976978417266187,0.975574712643678
2000,1000,80,0.3,0.05,"a",FALSE,0.5,0,631,"45, 23, 9, 78","IRT",440,984,62,14,0.949333333333333,0.940726577437858,0.969162995594714,0.985971943887776,0.940726577437858,0.962818003913894,"IRT",144,324,18,3,0.957055214723926,0.947368421052632,0.979591836734694,0.990825688073395,0.947368421052632,0.968609865470852,"IRT",296,660,44,11,0.945598417408506,0.9375,0.964169381107492,0.983606557377049,0.9375,0.96
2000,1000,80,0.3,0.05,"a",FALSE,0.5,0,631,"45, 23, 9, 78","rf_probs",0,316,730,454,0.210666666666667,0.302103250478011,0,0.41038961038961,0.302103250478011,0.348017621145374,"rf_probs",0,108,234,147,0.220858895705521,0.315789473684211,0,0.423529411764706,0.315789473684211,0.361809045226131,"rf_probs",0,208,496,307,0.205736894164194,0.295454545454545,0,0.403883495145631,0.295454545454545,0.341263330598851
2000,1000,80,0.3,0.05,"a",FALSE,0.5,0,631,"45, 23, 9, 78","rf_class",428,1003,43,26,0.954,0.958891013384321,0.94273127753304,0.974732750242954,0.958891013384321,0.966746987951807,"rf_class",136,325,17,11,0.942740286298569,0.950292397660819,0.925170068027211,0.967261904761905,0.950292397660819,0.958702064896755,"rf_class",292,678,26,15,0.95944609297725,0.963068181818182,0.95114006514658,0.978354978354978,0.963068181818182,0.970651395848246
2000,1000,80,0.3,0.05,"a",FALSE,0.5,0,632,"10, 42, 63, 3","IRT",436,977,80,7,0.942,0.924314096499527,0.984198645598194,0.992886178861789,0.924314096499527,0.957373836354728,"IRT",149,334,26,2,0.945205479452055,0.927777777777778,0.986754966887417,0.994047619047619,0.927777777777778,0.959770114942529,"IRT",287,643,54,5,0.940343781597573,0.922525107604017,0.982876712328767,0.992283950617284,0.922525107604017,0.956133828996283
2000,1000,80,0.3,0.05,"a",FALSE,0.5,0,632,"10, 42, 63, 3","rf_probs",0,379,678,443,0.252666666666667,0.358561967833491,0,0.461070559610706,0.358561967833491,0.403406067056945,"rf_probs",0,127,233,151,0.24853228962818,0.352777777777778,0,0.456834532374101,0.352777777777778,0.398119122257053,"rf_probs",0,252,445,292,0.254802831142568,0.36154949784792,0,0.463235294117647,0.36154949784792,0.406124093473006
2000,1000,80,0.3,0.05,"a",FALSE,0.5,0,632,"10, 42, 63, 3","rf_class",422,1012,45,21,0.956,0.957426679280984,0.952595936794582,0.979670861568248,0.957426679280984,0.968421052631579,"rf_class",143,347,13,8,0.958904109589041,0.963888888888889,0.947019867549669,0.977464788732394,0.963888888888889,0.970629370629371,"rf_class",279,665,32,13,0.954499494438827,0.954088952654232,0.955479452054795,0.980825958702065,0.954088952654232,0.967272727272727
2000,1000,80,0.3,0.05,"a",FALSE,0.5,0,633,"34, 24, 35, 60","IRT",426,1023,35,16,0.966,0.966918714555766,0.963800904977376,0.984600577478345,0.966918714555766,0.975679542203147,"IRT",150,360,11,3,0.973282442748092,0.970350404312669,0.980392156862745,0.991735537190083,0.970350404312669,0.980926430517711,"IRT",276,663,24,13,0.962090163934426,0.965065502183406,0.955017301038062,0.980769230769231,0.965065502183406,0.972853998532649
2000,1000,80,0.3,0.05,"a",FALSE,0.5,0,633,"34, 24, 35, 60","rf_probs",0,368,690,442,0.245333333333333,0.347826086956522,0,0.454320987654321,0.347826086956522,0.394004282655246,"rf_probs",0,122,249,153,0.232824427480916,0.328840970350404,0,0.443636363636364,0.328840970350404,0.377708978328173,"rf_probs",0,246,441,289,0.252049180327869,0.358078602620087,0,0.45981308411215,0.358078602620087,0.402618657937807
2000,1000,80,0.3,0.05,"a",FALSE,0.5,0,633,"34, 24, 35, 60","rf_class",418,1021,37,24,0.959333333333333,0.965028355387524,0.945701357466063,0.977033492822966,0.965028355387524,0.970993818354731,"rf_class",148,357,14,5,0.963740458015267,0.962264150943396,0.967320261437909,0.986187845303867,0.962264150943396,0.974079126875853,"rf_class",270,664,23,19,0.956967213114754,0.966521106259097,0.934256055363322,0.972181551976574,0.966521106259097,0.969343065693431
2000,1000,80,0.3,0.05,"a",FALSE,0.5,0,634,"38, 11, 34, 74","IRT",444,997,49,10,0.960666666666667,0.953154875717017,0.977973568281938,0.990069513406157,0.953154875717017,0.971261568436435,"IRT",148,356,11,2,0.974854932301741,0.970027247956403,0.986666666666667,0.994413407821229,0.970027247956403,0.982068965517241,"IRT",296,641,38,8,0.953204476093591,0.944035346097202,0.973684210526316,0.987673343605547,0.944035346097202,0.965361445783133
2000,1000,80,0.3,0.05,"a",FALSE,0.5,0,634,"38, 11, 34, 74","rf_probs",0,357,689,454,0.238,0.341300191204589,0,0.44019728729963,0.341300191204589,0.384491114701131,"rf_probs",0,136,231,150,0.263056092843327,0.370572207084469,0,0.475524475524476,0.370572207084469,0.416539050535988,"rf_probs",0,221,458,304,0.224821973550356,0.325478645066274,0,0.420952380952381,0.325478645066274,0.367109634551495
2000,1000,80,0.3,0.05,"a",FALSE,0.5,0,634,"38, 11, 34, 74","rf_class",430,1012,34,24,0.961333333333333,0.967495219885277,0.947136563876652,0.976833976833977,0.967495219885277,0.972142170989433,"rf_class",147,357,10,3,0.974854932301741,0.97275204359673,0.98,0.991666666666667,0.97275204359673,0.982118294360385,"rf_class",283,655,24,21,0.954221770091557,0.964653902798233,0.930921052631579,0.968934911242604,0.964653902798233,0.966789667896679
2000,1000,80,0.3,0.05,"a",FALSE,0.5,0,635,"31, 49, 50, 63","IRT",448,986,53,13,0.956,0.948989412897016,0.971800433839479,0.986986986986987,0.948989412897016,0.967615309126595,"IRT",152,339,19,5,0.953398058252427,0.946927374301676,0.968152866242038,0.98546511627907,0.946927374301676,0.965811965811966,"IRT",296,647,34,8,0.957360406091371,0.95007342143906,0.973684210526316,0.987786259541985,0.95007342143906,0.968562874251497
2000,1000,80,0.3,0.05,"a",FALSE,0.5,0,635,"31, 49, 50, 63","rf_probs",0,350,689,461,0.233333333333333,0.336862367661213,0,0.431565967940814,0.336862367661213,0.378378378378378,"rf_probs",0,126,232,157,0.244660194174757,0.35195530726257,0,0.445229681978799,0.35195530726257,0.393135725429017,"rf_probs",0,224,457,304,0.22741116751269,0.328928046989721,0,0.424242424242424,0.328928046989721,0.37055417700579
2000,1000,80,0.3,0.05,"a",FALSE,0.5,0,635,"31, 49, 50, 63","rf_class",436,994,45,25,0.953333333333333,0.956689124157844,0.945770065075922,0.975466143277723,0.956689124157844,0.965986394557823,"rf_class",149,344,14,8,0.957281553398058,0.960893854748603,0.949044585987261,0.977272727272727,0.960893854748603,0.969014084507042,"rf_class",287,650,31,17,0.951269035532995,0.954478707782673,0.944078947368421,0.974512743628186,0.954478707782673,0.964391691394659
2000,1000,80,0.3,0.05,"a",FALSE,0.5,0,636,"13, 46, 74, 50","IRT",408,1024,56,12,0.954666666666667,0.948148148148148,0.971428571428571,0.988416988416988,0.948148148148148,0.967863894139887,"IRT",132,325,19,3,0.954070981210856,0.944767441860465,0.977777777777778,0.990853658536585,0.944767441860465,0.967261904761905,"IRT",276,699,37,9,0.954946131243879,0.949728260869565,0.968421052631579,0.98728813559322,0.949728260869565,0.96814404432133
2000,1000,80,0.3,0.05,"a",FALSE,0.5,0,636,"13, 46, 74, 50","rf_probs",0,414,666,420,0.276,0.383333333333333,0,0.496402877697842,0.383333333333333,0.432601880877743,"rf_probs",0,125,219,135,0.260960334029228,0.363372093023256,0,0.480769230769231,0.363372093023256,0.413907284768212,"rf_probs",0,289,447,285,0.28305582761998,0.392663043478261,0,0.503484320557491,0.392663043478261,0.441221374045801
2000,1000,80,0.3,0.05,"a",FALSE,0.5,0,636,"13, 46, 74, 50","rf_class",397,1027,53,23,0.949333333333333,0.950925925925926,0.945238095238095,0.978095238095238,0.950925925925926,0.964319248826291,"rf_class",130,327,17,5,0.954070981210856,0.950581395348837,0.962962962962963,0.984939759036145,0.950581395348837,0.967455621301775,"rf_class",267,700,36,18,0.947110675808031,0.951086956521739,0.936842105263158,0.974930362116992,0.951086956521739,0.962861072902338
2000,1000,80,0.3,0.05,"a",FALSE,0.5,0,637,"5, 71, 41, 45","IRT",423,1021,43,13,0.962666666666667,0.959586466165414,0.970183486238532,0.98742746615087,0.959586466165414,0.973307912297426,"IRT",140,357,13,7,0.961315280464217,0.964864864864865,0.952380952380952,0.980769230769231,0.964864864864865,0.97275204359673,"IRT",283,664,30,6,0.963377416073245,0.956772334293948,0.97923875432526,0.991044776119403,0.956772334293948,0.973607038123167
2000,1000,80,0.3,0.05,"a",FALSE,0.5,0,637,"5, 71, 41, 45","rf_probs",0,375,689,436,0.25,0.352443609022556,0,0.462392108508015,0.352443609022556,0.4,"rf_probs",0,117,253,147,0.226305609284333,0.316216216216216,0,0.443181818181818,0.316216216216216,0.369085173501577,"rf_probs",0,258,436,289,0.262461851475076,0.371757925072046,0,0.471663619744059,0.371757925072046,0.415793714746172
2000,1000,80,0.3,0.05,"a",FALSE,0.5,0,637,"5, 71, 41, 45","rf_class",420,1022,42,16,0.961333333333333,0.960526315789474,0.963302752293578,0.984585741811175,0.960526315789474,0.972407231208373,"rf_class",139,358,12,8,0.961315280464217,0.967567567567568,0.945578231292517,0.978142076502732,0.967567567567568,0.972826086956522,"rf_class",281,664,30,8,0.961342828077314,0.956772334293948,0.972318339100346,0.988095238095238,0.956772334293948,0.972181551976574
2000,1000,80,0.3,0.05,"a",FALSE,0.5,0,638,"57, 42, 45, 40","IRT",444,990,44,22,0.956,0.957446808510638,0.952789699570815,0.978260869565217,0.957446808510638,0.967741935483871,"IRT",149,352,8,6,0.972815533980583,0.977777777777778,0.961290322580645,0.983240223463687,0.977777777777778,0.98050139275766,"IRT",295,638,36,16,0.947208121827411,0.946587537091988,0.948553054662379,0.975535168195719,0.946587537091988,0.960843373493976
2000,1000,80,0.3,0.05,"a",FALSE,0.5,0,638,"57, 42, 45, 40","rf_probs",0,348,686,466,0.232,0.336557059961315,0,0.427518427518428,0.336557059961315,0.376623376623377,"rf_probs",0,114,246,155,0.221359223300971,0.316666666666667,0,0.423791821561338,0.316666666666667,0.36248012718601,"rf_probs",0,234,440,311,0.23756345177665,0.347181008902077,0,0.429357798165138,0.347181008902077,0.383921246923708
2000,1000,80,0.3,0.05,"a",FALSE,0.5,0,638,"57, 42, 45, 40","rf_class",430,997,37,36,0.951333333333333,0.9642166344294,0.92274678111588,0.965150048402711,0.9642166344294,0.964683115626512,"rf_class",144,350,10,11,0.959223300970874,0.972222222222222,0.929032258064516,0.969529085872576,0.972222222222222,0.970873786407767,"rf_class",286,647,27,25,0.947208121827411,0.959940652818991,0.919614147909968,0.962797619047619,0.959940652818991,0.961367013372957
2000,1000,80,0.3,0.05,"a",FALSE,0.5,0,639,"73, 76, 34, 44","IRT",434,1014,40,12,0.965333333333333,0.962049335863378,0.973094170403587,0.988304093567251,0.962049335863378,0.975,"IRT",151,343,12,4,0.968627450980392,0.966197183098592,0.974193548387097,0.988472622478386,0.966197183098592,0.977207977207977,"IRT",283,671,28,8,0.963636363636364,0.959942775393419,0.972508591065292,0.988217967599411,0.959942775393419,0.973875181422351
2000,1000,80,0.3,0.05,"a",FALSE,0.5,0,639,"73, 76, 34, 44","rf_probs",0,391,663,446,0.260666666666667,0.370967741935484,0,0.467144563918757,0.370967741935484,0.413537810682179,"rf_probs",0,122,233,155,0.23921568627451,0.343661971830986,0,0.44043321299639,0.343661971830986,0.386075949367089,"rf_probs",0,269,430,291,0.271717171717172,0.38483547925608,0,0.480357142857143,0.38483547925608,0.427323272438443
2000,1000,80,0.3,0.05,"a",FALSE,0.5,0,639,"73, 76, 34, 44","rf_class",424,1008,46,22,0.954666666666667,0.956356736242884,0.95067264573991,0.978640776699029,0.956356736242884,0.967370441458733,"rf_class",146,335,20,9,0.943137254901961,0.943661971830986,0.941935483870968,0.973837209302326,0.943661971830986,0.958512160228898,"rf_class",278,673,26,13,0.960606060606061,0.962804005722461,0.9553264604811,0.981049562682216,0.962804005722461,0.971841155234657
2000,1000,80,0.3,0.05,"a",FALSE,0.5,0,640,"42, 66, 11, 68","IRT",446,1006,35,13,0.968,0.966378482228626,0.971677559912854,0.987242394504416,0.966378482228626,0.976699029126214,"IRT",149,327,11,3,0.971428571428571,0.967455621301775,0.980263157894737,0.990909090909091,0.967455621301775,0.979041916167665,"IRT",297,679,24,10,0.966336633663366,0.965860597439545,0.96742671009772,0.985486211901306,0.965860597439545,0.975574712643678
2000,1000,80,0.3,0.05,"a",FALSE,0.5,0,640,"42, 66, 11, 68","rf_probs",0,320,721,459,0.213333333333333,0.307396733909702,0,0.410783055198973,0.307396733909702,0.351648351648352,"rf_probs",0,101,237,152,0.206122448979592,0.298816568047337,0,0.399209486166008,0.298816568047337,0.341793570219966,"rf_probs",0,219,484,307,0.216831683168317,0.311522048364154,0,0.416349809885932,0.311522048364154,0.356387306753458
2000,1000,80,0.3,0.05,"a",FALSE,0.5,0,640,"42, 66, 11, 68","rf_class",434,1009,32,25,0.962,0.96926032660903,0.945533769063181,0.975822050290135,0.96926032660903,0.972530120481928,"rf_class",148,327,11,4,0.969387755102041,0.967455621301775,0.973684210526316,0.987915407854985,0.967455621301775,0.977578475336323,"rf_class",286,682,21,21,0.958415841584158,0.970128022759602,0.931596091205212,0.970128022759602,0.970128022759602,0.970128022759602
2000,1000,80,0.3,0.05,"a",FALSE,0.5,0,641,"60, 21, 79, 26","IRT",454,987,46,13,0.960666666666667,0.955469506292352,0.972162740899358,0.987,0.955469506292352,0.970978848991638,"IRT",154,323,16,6,0.955911823647295,0.952802359882006,0.9625,0.981762917933131,0.952802359882006,0.967065868263473,"IRT",300,664,30,7,0.963036963036963,0.956772334293948,0.977198697068404,0.98956780923994,0.956772334293948,0.972893772893773
2000,1000,80,0.3,0.05,"a",FALSE,0.5,0,641,"60, 21, 79, 26","rf_probs",0,353,680,467,0.235333333333333,0.341723136495644,0,0.430487804878049,0.341723136495644,0.381003777657852,"rf_probs",0,128,211,160,0.256513026052104,0.377581120943953,0,0.444444444444444,0.377581120943953,0.40829346092504,"rf_probs",0,225,469,307,0.224775224775225,0.324207492795389,0,0.422932330827068,0.324207492795389,0.367047308319739
2000,1000,80,0.3,0.05,"a",FALSE,0.5,0,641,"60, 21, 79, 26","rf_class",445,991,42,22,0.957333333333333,0.959341723136496,0.952890792291221,0.978282329713722,0.959341723136496,0.96871945259042,"rf_class",150,323,16,10,0.947895791583166,0.952802359882006,0.9375,0.96996996996997,0.952802359882006,0.961309523809524,"rf_class",295,668,26,12,0.962037962037962,0.962536023054755,0.960912052117264,0.982352941176471,0.962536023054755,0.972343522561863
2000,1000,80,0.3,0.05,"a",FALSE,0.5,0,642,"3, 55, 25, 30","IRT",425,1033,21,21,0.972,0.980075901328273,0.952914798206278,0.980075901328273,0.980075901328273,0.980075901328273,"IRT",134,343,8,7,0.969512195121951,0.977207977207977,0.950354609929078,0.98,0.977207977207977,0.978601997146933,"IRT",291,690,13,14,0.973214285714286,0.981507823613087,0.954098360655738,0.980113636363636,0.981507823613087,0.980810234541578
2000,1000,80,0.3,0.05,"a",FALSE,0.5,0,642,"3, 55, 25, 30","rf_probs",0,409,645,446,0.272666666666667,0.388045540796964,0,0.478362573099415,0.388045540796964,0.428496595075956,"rf_probs",0,130,221,141,0.264227642276423,0.37037037037037,0,0.47970479704797,0.37037037037037,0.418006430868167,"rf_probs",0,279,424,305,0.276785714285714,0.396870554765292,0,0.477739726027397,0.396870554765292,0.433566433566434
2000,1000,80,0.3,0.05,"a",FALSE,0.5,0,642,"3, 55, 25, 30","rf_class",422,1026,28,24,0.965333333333333,0.973434535104364,0.946188340807175,0.977142857142857,0.973434535104364,0.975285171102662,"rf_class",135,340,11,6,0.965447154471545,0.968660968660969,0.957446808510638,0.982658959537572,0.968660968660969,0.975609756097561,"rf_class",287,686,17,18,0.965277777777778,0.975817923186344,0.940983606557377,0.974431818181818,0.975817923186344,0.975124378109453
2000,1000,80,0.3,0.05,"a",FALSE,0.5,0,643,"64, 18, 72, 39","IRT",438,1013,35,14,0.967333333333333,0.966603053435115,0.969026548672566,0.986368062317429,0.966603053435115,0.976385542168675,"IRT",149,318,11,6,0.964876033057851,0.966565349544073,0.961290322580645,0.981481481481482,0.966565349544073,0.973966309341501,"IRT",289,695,24,8,0.968503937007874,0.966620305980529,0.973063973063973,0.988620199146515,0.966620305980529,0.977496483825598
2000,1000,80,0.3,0.05,"a",FALSE,0.5,0,643,"64, 18, 72, 39","rf_probs",0,324,724,452,0.216,0.309160305343511,0,0.417525773195876,0.309160305343511,0.355263157894737,"rf_probs",0,94,235,155,0.194214876033058,0.285714285714286,0,0.377510040160643,0.285714285714286,0.325259515570934,"rf_probs",0,230,489,297,0.226377952755905,0.319888734353268,0,0.436432637571158,0.319888734353268,0.369181380417336
2000,1000,80,0.3,0.05,"a",FALSE,0.5,0,643,"64, 18, 72, 39","rf_class",430,1021,27,22,0.967333333333333,0.974236641221374,0.951327433628319,0.978906999041227,0.974236641221374,0.976566236250598,"rf_class",145,319,10,10,0.958677685950413,0.969604863221885,0.935483870967742,0.969604863221885,0.969604863221885,0.969604863221885,"rf_class",285,702,17,12,0.971456692913386,0.976356050069541,0.95959595959596,0.983193277310924,0.976356050069541,0.979762735519888
2000,1000,80,0.3,0.05,"a",FALSE,0.5,0,644,"35, 63, 61, 53","IRT",436,1006,46,12,0.961333333333333,0.956273764258555,0.973214285714286,0.988212180746562,0.956273764258555,0.971980676328502,"IRT",147,328,21,4,0.95,0.939828080229226,0.973509933774834,0.987951807228916,0.939828080229226,0.963289280469897,"IRT",289,678,25,8,0.967,0.964438122332859,0.973063973063973,0.988338192419825,0.964438122332859,0.976241900647948
2000,1000,80,0.3,0.05,"a",FALSE,0.5,0,644,"35, 63, 61, 53","rf_probs",0,354,698,448,0.236,0.336501901140684,0,0.44139650872818,0.336501901140684,0.381877022653722,"rf_probs",0,129,220,151,0.258,0.369627507163324,0,0.460714285714286,0.369627507163324,0.410174880763116,"rf_probs",0,225,478,297,0.225,0.320056899004267,0,0.431034482758621,0.320056899004267,0.36734693877551
2000,1000,80,0.3,0.05,"a",FALSE,0.5,0,644,"35, 63, 61, 53","rf_class",423,1010,42,25,0.955333333333333,0.960076045627376,0.944196428571429,0.975845410628019,0.960076045627376,0.967896502156205,"rf_class",143,329,20,8,0.944,0.94269340974212,0.947019867549669,0.976261127596439,0.94269340974212,0.959183673469388,"rf_class",280,681,22,17,0.961,0.968705547652916,0.942760942760943,0.975644699140401,0.968705547652916,0.972162740899358
2000,1000,80,0.3,0.05,"a",FALSE,0.5,0,645,"74, 55, 2, 33","IRT",455,975,66,4,0.953333333333333,0.936599423631124,0.991285403050109,0.995914198161389,0.936599423631124,0.965346534653465,"IRT",127,330,21,2,0.952083333333333,0.94017094017094,0.984496124031008,0.993975903614458,0.94017094017094,0.966325036603221,"IRT",328,645,45,2,0.953921568627451,0.934782608695652,0.993939393939394,0.996908809891808,0.934782608695652,0.964846671652954
2000,1000,80,0.3,0.05,"a",FALSE,0.5,0,645,"74, 55, 2, 33","rf_probs",0,322,719,459,0.214666666666667,0.309317963496638,0,0.412291933418694,0.309317963496638,0.353457738748628,"rf_probs",0,111,240,129,0.23125,0.316239316239316,0,0.4625,0.316239316239316,0.375634517766497,"rf_probs",0,211,479,330,0.206862745098039,0.305797101449275,0,0.390018484288355,0.305797101449275,0.342810722989439
2000,1000,80,0.3,0.05,"a",FALSE,0.5,0,645,"74, 55, 2, 33","rf_class",431,1008,33,28,0.959333333333333,0.968299711815562,0.938997821350762,0.972972972972973,0.968299711815562,0.970630717380838,"rf_class",122,341,10,7,0.964583333333333,0.971509971509972,0.945736434108527,0.979885057471264,0.971509971509972,0.975679542203147,"rf_class",309,667,23,21,0.956862745098039,0.966666666666667,0.936363636363636,0.969476744186046,0.966666666666667,0.968069666182874
2000,1000,80,0.3,0.05,"a",FALSE,0.5,0,646,"35, 40, 68, 64","IRT",427,1017,51,5,0.962666666666667,0.952247191011236,0.988425925925926,0.995107632093933,0.952247191011236,0.973205741626794,"IRT",146,351,17,1,0.96504854368932,0.953804347826087,0.993197278911565,0.997159090909091,0.953804347826087,0.975,"IRT",281,666,34,4,0.961421319796954,0.951428571428571,0.985964912280702,0.994029850746269,0.951428571428571,0.972262773722628
2000,1000,80,0.3,0.05,"a",FALSE,0.5,0,646,"35, 40, 68, 64","rf_probs",0,345,723,432,0.23,0.323033707865169,0,0.444015444015444,0.323033707865169,0.373983739837398,"rf_probs",0,124,244,147,0.240776699029126,0.33695652173913,0,0.457564575645756,0.33695652173913,0.38810641627543,"rf_probs",0,221,479,285,0.224365482233503,0.315714285714286,0,0.436758893280632,0.315714285714286,0.366500829187396
2000,1000,80,0.3,0.05,"a",FALSE,0.5,0,646,"35, 40, 68, 64","rf_class",418,1016,52,14,0.956,0.951310861423221,0.967592592592593,0.986407766990291,0.951310861423221,0.968541468064824,"rf_class",145,349,19,2,0.959223300970874,0.948369565217391,0.986394557823129,0.994301994301994,0.948369565217391,0.970792767732962,"rf_class",273,667,33,12,0.954314720812183,0.952857142857143,0.957894736842105,0.982326951399116,0.952857142857143,0.967367657722988
2000,1000,80,0.3,0.05,"a",FALSE,0.5,0,647,"40, 26, 6, 74","IRT",459,999,32,10,0.972,0.968962172647915,0.978678038379531,0.990089197224975,0.968962172647915,0.979411764705882,"IRT",157,348,9,3,0.97678916827853,0.974789915966387,0.98125,0.991452991452991,0.974789915966387,0.983050847457627,"IRT",302,651,23,7,0.969481180061038,0.965875370919881,0.977346278317152,0.98936170212766,0.965875370919881,0.977477477477477
2000,1000,80,0.3,0.05,"a",FALSE,0.5,0,647,"40, 26, 6, 74","rf_probs",0,372,659,469,0.248,0.360814742967992,0,0.442330558858502,0.360814742967992,0.397435897435897,"rf_probs",0,120,237,160,0.2321083172147,0.336134453781513,0,0.428571428571429,0.336134453781513,0.376766091051805,"rf_probs",0,252,422,309,0.256358087487284,0.373887240356083,0,0.449197860962567,0.373887240356083,0.408097165991903
2000,1000,80,0.3,0.05,"a",FALSE,0.5,0,647,"40, 26, 6, 74","rf_class",442,1002,29,27,0.962666666666667,0.971871968962173,0.942430703624733,0.973760932944606,0.971871968962173,0.972815533980583,"rf_class",152,350,7,8,0.970986460348162,0.980392156862745,0.95,0.977653631284916,0.980392156862745,0.979020979020979,"rf_class",290,652,22,19,0.958290946083418,0.967359050445104,0.938511326860841,0.971684053651267,0.967359050445104,0.969516728624535
2000,1000,80,0.3,0.05,"a",FALSE,0.5,0,648,"53, 65, 80, 66","IRT",444,1013,33,10,0.971333333333333,0.968451242829828,0.977973568281938,0.990224828934506,0.968451242829828,0.979217013049783,"IRT",131,330,17,3,0.958419958419958,0.951008645533141,0.977611940298508,0.990990990990991,0.951008645533141,0.970588235294118,"IRT",313,683,16,7,0.977428851815505,0.977110157367668,0.978125,0.989855072463768,0.977110157367668,0.983441324694024
2000,1000,80,0.3,0.05,"a",FALSE,0.5,0,648,"53, 65, 80, 66","rf_probs",0,365,681,454,0.243333333333333,0.348948374760994,0,0.445665445665446,0.348948374760994,0.39142091152815,"rf_probs",0,114,233,134,0.237006237006237,0.328530259365994,0,0.459677419354839,0.328530259365994,0.383193277310924,"rf_probs",0,251,448,320,0.246319921491658,0.359084406294707,0,0.439579684763573,0.359084406294707,0.395275590551181
2000,1000,80,0.3,0.05,"a",FALSE,0.5,0,648,"53, 65, 80, 66","rf_class",434,1013,33,20,0.964666666666667,0.968451242829828,0.955947136563877,0.980638915779284,0.968451242829828,0.974506974506974,"rf_class",127,331,16,7,0.952182952182952,0.953890489913545,0.947761194029851,0.979289940828402,0.953890489913545,0.966423357664233,"rf_class",307,682,17,13,0.970559371933268,0.975679542203147,0.959375,0.981294964028777,0.975679542203147,0.978479196556671
2000,1000,80,0.3,0.05,"a",FALSE,0.5,0,649,"80, 24, 49, 75","IRT",440,1011,43,6,0.967333333333333,0.959203036053131,0.986547085201794,0.994100294985251,0.959203036053131,0.976339932399807,"IRT",153,317,12,4,0.967078189300412,0.963525835866261,0.974522292993631,0.987538940809969,0.963525835866261,0.975384615384616,"IRT",287,694,31,2,0.967455621301775,0.957241379310345,0.993079584775087,0.997126436781609,0.957241379310345,0.976776917663617
2000,1000,80,0.3,0.05,"a",FALSE,0.5,0,649,"80, 24, 49, 75","rf_probs",0,343,711,446,0.228666666666667,0.325426944971537,0,0.434727503168568,0.325426944971537,0.372219207813348,"rf_probs",0,99,230,157,0.203703703703704,0.300911854103343,0,0.38671875,0.300911854103343,0.338461538461538,"rf_probs",0,244,481,289,0.240631163708087,0.336551724137931,0,0.457786116322702,0.336551724137931,0.3879173290938
2000,1000,80,0.3,0.05,"a",FALSE,0.5,0,649,"80, 24, 49, 75","rf_class",427,1025,29,19,0.968,0.972485768500949,0.957399103139013,0.981800766283525,0.972485768500949,0.977121067683508,"rf_class",151,322,7,6,0.973251028806584,0.978723404255319,0.961783439490446,0.981707317073171,0.978723404255319,0.980213089802131,"rf_class",276,703,22,13,0.965483234714004,0.969655172413793,0.955017301038062,0.981843575418994,0.969655172413793,0.975711311589174
2000,1000,80,0.3,0.05,"a",FALSE,0.5,0,650,"50, 77, 56, 31","IRT",434,993,56,17,0.951333333333333,0.946615824594852,0.962305986696231,0.983168316831683,0.946615824594852,0.964545896066051,"IRT",150,321,20,5,0.949596774193548,0.941348973607038,0.967741935483871,0.984662576687117,0.941348973607038,0.962518740629685,"IRT",284,672,36,12,0.952191235059761,0.949152542372881,0.959459459459459,0.982456140350877,0.949152542372881,0.96551724137931
2000,1000,80,0.3,0.05,"a",FALSE,0.5,0,650,"50, 77, 56, 31","rf_probs",0,364,685,451,0.242666666666667,0.34699714013346,0,0.446625766871166,0.34699714013346,0.390557939914163,"rf_probs",0,109,232,155,0.219758064516129,0.319648093841642,0,0.412878787878788,0.319648093841642,0.360330578512397,"rf_probs",0,255,453,296,0.25398406374502,0.360169491525424,0,0.462794918330309,0.360169491525424,0.405083399523431
2000,1000,80,0.3,0.05,"a",FALSE,0.5,0,650,"50, 77, 56, 31","rf_class",425,1009,40,26,0.956,0.96186844613918,0.942350332594235,0.97487922705314,0.96186844613918,0.968330134357006,"rf_class",148,332,9,7,0.967741935483871,0.973607038123167,0.954838709677419,0.979351032448378,0.973607038123167,0.976470588235294,"rf_class",277,677,31,19,0.950199203187251,0.956214689265537,0.935810810810811,0.972701149425287,0.956214689265537,0.964387464387464
2000,1000,80,0.3,0.05,"a",FALSE,0.5,0,651,"54, 8, 17, 9","IRT",455,988,47,10,0.962,0.954589371980676,0.978494623655914,0.98997995991984,0.954589371980676,0.97196261682243,"IRT",148,313,13,6,0.960416666666667,0.960122699386503,0.961038961038961,0.981191222570533,0.960122699386503,0.970542635658915,"IRT",307,675,34,4,0.962745098039216,0.952045133991537,0.987138263665595,0.994108983799705,0.952045133991537,0.972622478386167
2000,1000,80,0.3,0.05,"a",FALSE,0.5,0,651,"54, 8, 17, 9","rf_probs",0,345,690,465,0.23,0.333333333333333,0,0.425925925925926,0.333333333333333,0.373983739837398,"rf_probs",0,103,223,154,0.214583333333333,0.315950920245399,0,0.400778210116732,0.315950920245399,0.353344768439108,"rf_probs",0,242,467,311,0.237254901960784,0.34132581100141,0,0.437613019891501,0.34132581100141,0.38351822503962
2000,1000,80,0.3,0.05,"a",FALSE,0.5,0,651,"54, 8, 17, 9","rf_class",437,1000,35,28,0.958,0.966183574879227,0.939784946236559,0.972762645914397,0.966183574879227,0.969461948618517,"rf_class",143,316,10,11,0.95625,0.969325153374233,0.928571428571429,0.966360856269113,0.969325153374233,0.967840735068913,"rf_class",294,684,25,17,0.958823529411765,0.964739069111425,0.945337620578778,0.975748930099857,0.964739069111425,0.970212765957447
2000,1000,80,0.3,0.05,"a",FALSE,0.5,0,652,"4, 80, 15, 46","IRT",468,946,83,3,0.942666666666667,0.919339164237123,0.993630573248408,0.996838777660696,0.919339164237123,0.956521739130435,"IRT",159,303,27,1,0.942857142857143,0.918181818181818,0.99375,0.996710526315789,0.918181818181818,0.95583596214511,"IRT",309,643,56,2,0.942574257425743,0.919885550786838,0.993569131832797,0.996899224806202,0.919885550786838,0.956845238095238
2000,1000,80,0.3,0.05,"a",FALSE,0.5,0,652,"4, 80, 15, 46","rf_probs",0,406,623,471,0.270666666666667,0.394557823129252,0,0.462941847206385,0.394557823129252,0.426023084994753,"rf_probs",0,125,205,160,0.255102040816327,0.378787878787879,0,0.43859649122807,0.378787878787879,0.40650406504065,"rf_probs",0,281,418,311,0.278217821782178,0.402002861230329,0,0.474662162162162,0.402002861230329,0.435321456235476
2000,1000,80,0.3,0.05,"a",FALSE,0.5,0,652,"4, 80, 15, 46","rf_class",443,989,40,28,0.954666666666667,0.961127308066084,0.940552016985138,0.972468043264503,0.961127308066084,0.966764418377322,"rf_class",150,315,15,10,0.948979591836735,0.954545454545455,0.9375,0.969230769230769,0.954545454545455,0.961832061068702,"rf_class",293,674,25,18,0.957425742574257,0.964234620886981,0.942122186495177,0.973988439306358,0.964234620886981,0.969086987778576
2000,1000,80,0.3,0.05,"a",FALSE,0.5,0,653,"39, 75, 10, 59","IRT",421,1021,34,24,0.961333333333333,0.967772511848341,0.946067415730337,0.977033492822966,0.967772511848341,0.972380952380952,"IRT",149,343,10,9,0.962818003913894,0.971671388101983,0.943037974683544,0.974431818181818,0.971671388101983,0.973049645390071,"IRT",272,678,24,15,0.96056622851365,0.965811965811966,0.947735191637631,0.978354978354978,0.965811965811966,0.972043010752688
2000,1000,80,0.3,0.05,"a",FALSE,0.5,0,653,"39, 75, 10, 59","rf_probs",0,387,668,445,0.258,0.366824644549763,0,0.465144230769231,0.366824644549763,0.410174880763116,"rf_probs",0,132,221,158,0.258317025440313,0.373937677053824,0,0.455172413793103,0.373937677053824,0.410575427682737,"rf_probs",0,255,447,287,0.25783619817998,0.363247863247863,0,0.470479704797048,0.363247863247863,0.409967845659164
2000,1000,80,0.3,0.05,"a",FALSE,0.5,0,653,"39, 75, 10, 59","rf_class",414,1020,35,31,0.956,0.966824644549763,0.930337078651685,0.970504281636537,0.966824644549763,0.968660968660969,"rf_class",148,342,11,10,0.958904109589041,0.968838526912181,0.936708860759494,0.971590909090909,0.968838526912181,0.970212765957447,"rf_class",266,678,24,21,0.954499494438827,0.965811965811966,0.926829268292683,0.969957081545064,0.965811965811966,0.967880085653105
2000,1000,80,0.3,0.05,"a",FALSE,0.5,0,654,"35, 61, 25, 77","IRT",432,1013,42,13,0.963333333333333,0.960189573459716,0.970786516853933,0.987329434697856,0.960189573459716,0.973570398846708,"IRT",150,332,12,5,0.965931863727455,0.965116279069767,0.967741935483871,0.985163204747775,0.965116279069767,0.97503671071953,"IRT",282,681,30,8,0.962037962037962,0.957805907172996,0.972413793103448,0.988388969521045,0.957805907172996,0.972857142857143
2000,1000,80,0.3,0.05,"a",FALSE,0.5,0,654,"35, 61, 25, 77","rf_probs",0,357,698,445,0.238,0.338388625592417,0,0.445137157107232,0.338388625592417,0.384491114701131,"rf_probs",0,113,231,155,0.226452905811623,0.328488372093023,0,0.421641791044776,0.328488372093023,0.369281045751634,"rf_probs",0,244,467,290,0.243756243756244,0.343178621659634,0,0.456928838951311,0.343178621659634,0.391967871485944
2000,1000,80,0.3,0.05,"a",FALSE,0.5,0,654,"35, 61, 25, 77","rf_class",423,1026,29,22,0.966,0.972511848341232,0.950561797752809,0.979007633587786,0.972511848341232,0.975748930099857,"rf_class",146,334,10,9,0.961923847695391,0.970930232558139,0.941935483870968,0.973760932944606,0.970930232558139,0.972343522561863,"rf_class",277,692,19,13,0.968031968031968,0.973277074542897,0.955172413793103,0.981560283687943,0.973277074542897,0.977401129943503
2000,1000,80,0.3,0.05,"a",FALSE,0.5,0,655,"30, 43, 6, 60","IRT",454,984,47,15,0.958666666666667,0.954413191076625,0.968017057569296,0.984984984984985,0.954413191076625,0.969458128078818,"IRT",151,327,14,3,0.965656565656566,0.958944281524927,0.980519480519481,0.990909090909091,0.958944281524927,0.974664679582712,"IRT",303,657,33,12,0.955223880597015,0.952173913043478,0.961904761904762,0.982062780269058,0.952173913043478,0.966887417218543
2000,1000,80,0.3,0.05,"a",FALSE,0.5,0,655,"30, 43, 6, 60","rf_probs",0,310,721,469,0.206666666666667,0.300678952473327,0,0.397946084724005,0.300678952473327,0.342541436464088,"rf_probs",0,97,244,154,0.195959595959596,0.284457478005865,0,0.386454183266932,0.284457478005865,0.327702702702703,"rf_probs",0,213,477,315,0.211940298507463,0.308695652173913,0,0.403409090909091,0.308695652173913,0.349753694581281
2000,1000,80,0.3,0.05,"a",FALSE,0.5,0,655,"30, 43, 6, 60","rf_class",448,996,35,21,0.962666666666667,0.966052376333657,0.955223880597015,0.979351032448378,0.966052376333657,0.97265625,"rf_class",149,332,9,5,0.971717171717172,0.973607038123167,0.967532467532468,0.985163204747775,0.973607038123167,0.979351032448378,"rf_class",299,664,26,16,0.958208955223881,0.96231884057971,0.949206349206349,0.976470588235294,0.96231884057971,0.969343065693431
2000,1000,80,0.3,0.05,"a",FALSE,0.5,0,656,"46, 12, 47, 52","IRT",454,998,40,8,0.968,0.961464354527938,0.982683982683983,0.992047713717694,0.961464354527938,0.976516634050881,"IRT",167,332,15,2,0.967054263565892,0.956772334293948,0.988165680473373,0.994011976047904,0.956772334293948,0.97503671071953,"IRT",287,666,25,6,0.96849593495935,0.963820549927641,0.979522184300341,0.991071428571429,0.963820549927641,0.977256052824652
2000,1000,80,0.3,0.05,"a",FALSE,0.5,0,656,"46, 12, 47, 52","rf_probs",0,313,725,462,0.208666666666667,0.301541425818882,0,0.403870967741935,0.301541425818882,0.345284059569774,"rf_probs",0,106,241,169,0.205426356589147,0.305475504322767,0,0.385454545454545,0.305475504322767,0.340836012861736,"rf_probs",0,207,484,293,0.210365853658537,0.299565846599132,0,0.414,0.299565846599132,0.347607052896725
2000,1000,80,0.3,0.05,"a",FALSE,0.5,0,656,"46, 12, 47, 52","rf_class",436,1008,30,26,0.962666666666667,0.971098265895954,0.943722943722944,0.974854932301741,0.971098265895954,0.972972972972973,"rf_class",157,335,12,12,0.953488372093023,0.965417867435158,0.928994082840237,0.965417867435158,0.965417867435158,0.965417867435158,"rf_class",279,673,18,14,0.967479674796748,0.973950795947902,0.95221843003413,0.97962154294032,0.973950795947902,0.97677793904209
2000,1000,80,0.3,0.05,"a",FALSE,0.5,0,657,"2, 52, 74, 16","IRT",430,1028,33,9,0.972,0.9688972667295,0.979498861047836,0.991321118611379,0.9688972667295,0.97998093422307,"IRT",134,344,7,3,0.979508196721312,0.98005698005698,0.978102189781022,0.99135446685879,0.98005698005698,0.98567335243553,"IRT",296,684,26,6,0.968379446640316,0.963380281690141,0.980132450331126,0.991304347826087,0.963380281690141,0.977142857142857
2000,1000,80,0.3,0.05,"a",FALSE,0.5,0,657,"2, 52, 74, 16","rf_probs",0,292,769,439,0.194666666666667,0.275212064090481,0,0.399452804377565,0.275212064090481,0.325892857142857,"rf_probs",0,88,263,137,0.180327868852459,0.250712250712251,0,0.391111111111111,0.250712250712251,0.305555555555556,"rf_probs",0,204,506,302,0.201581027667984,0.287323943661972,0,0.403162055335968,0.287323943661972,0.335526315789474
2000,1000,80,0.3,0.05,"a",FALSE,0.5,0,657,"2, 52, 74, 16","rf_class",422,1030,31,17,0.968,0.970782280867106,0.96127562642369,0.983763132760267,0.970782280867106,0.977229601518027,"rf_class",132,348,3,5,0.983606557377049,0.991452991452991,0.963503649635037,0.985835694050991,0.991452991452991,0.988636363636364,"rf_class",290,682,28,12,0.960474308300395,0.96056338028169,0.960264900662252,0.982708933717579,0.96056338028169,0.971509971509972
2000,1000,80,0.3,0.05,"a",FALSE,0.5,0,658,"53, 67, 15, 32","IRT",421,1027,40,12,0.965333333333333,0.962511715089035,0.972286374133949,0.988450433108758,0.962511715089035,0.975308641975309,"IRT",137,344,13,3,0.967806841046278,0.963585434173669,0.978571428571429,0.99135446685879,0.963585434173669,0.977272727272727,"IRT",284,683,27,9,0.964107676969093,0.961971830985916,0.969283276450512,0.986994219653179,0.961971830985916,0.97432239657632
2000,1000,80,0.3,0.05,"a",FALSE,0.5,0,658,"53, 67, 15, 32","rf_probs",0,378,689,433,0.252,0.354264292408622,0,0.466091245376079,0.354264292408622,0.402555910543131,"rf_probs",0,114,243,140,0.229376257545272,0.319327731092437,0,0.448818897637795,0.319327731092437,0.37315875613748,"rf_probs",0,264,446,293,0.26321036889332,0.371830985915493,0,0.473967684021544,0.371830985915493,0.416732438831886
2000,1000,80,0.3,0.05,"a",FALSE,0.5,0,658,"53, 67, 15, 32","rf_class",414,1030,37,19,0.962666666666667,0.965323336457357,0.956120092378753,0.981887511916111,0.965323336457357,0.973534971644613,"rf_class",136,346,11,4,0.969818913480885,0.969187675070028,0.971428571428571,0.988571428571429,0.969187675070028,0.978783592644979,"rf_class",278,684,26,15,0.959122632103689,0.963380281690141,0.948805460750853,0.978540772532189,0.963380281690141,0.970901348474095
2000,1000,80,0.3,0.05,"a",FALSE,0.5,0,659,"20, 56, 23, 72","IRT",423,1024,25,28,0.964666666666667,0.976167778836988,0.937915742793792,0.973384030418251,0.976167778836988,0.974773917182294,"IRT",159,325,9,7,0.968,0.973053892215569,0.957831325301205,0.978915662650602,0.973053892215569,0.975975975975976,"IRT",264,699,16,21,0.963,0.977622377622378,0.926315789473684,0.970833333333333,0.977622377622378,0.974216027874565
2000,1000,80,0.3,0.05,"a",FALSE,0.5,0,659,"20, 56, 23, 72","rf_probs",0,400,649,451,0.266666666666667,0.381315538608198,0,0.470035252643948,0.381315538608198,0.421052631578947,"rf_probs",0,112,222,166,0.224,0.335329341317365,0,0.402877697841727,0.335329341317365,0.366013071895425,"rf_probs",0,288,427,285,0.288,0.402797202797203,0,0.50261780104712,0.402797202797203,0.447204968944099
2000,1000,80,0.3,0.05,"a",FALSE,0.5,0,659,"20, 56, 23, 72","rf_class",426,1024,25,25,0.966666666666667,0.976167778836988,0.944567627494457,0.976167778836988,0.976167778836988,0.976167778836988,"rf_class",159,324,10,7,0.966,0.970059880239521,0.957831325301205,0.978851963746224,0.970059880239521,0.974436090225564,"rf_class",267,700,15,18,0.967,0.979020979020979,0.936842105263158,0.974930362116992,0.979020979020979,0.976971388695045
2000,1000,80,0.3,0.05,"a",FALSE,0.5,0,660,"67, 29, 48, 73","IRT",450,1002,34,14,0.968,0.967181467181467,0.969827586206897,0.986220472440945,0.967181467181467,0.976608187134503,"IRT",162,325,10,2,0.975951903807615,0.970149253731343,0.98780487804878,0.99388379204893,0.970149253731343,0.981873111782477,"IRT",288,677,24,12,0.964035964035964,0.965763195435093,0.96,0.982583454281567,0.965763195435093,0.97410071942446
2000,1000,80,0.3,0.05,"a",FALSE,0.5,0,660,"67, 29, 48, 73","rf_probs",0,381,655,464,0.254,0.367760617760618,0,0.450887573964497,0.367760617760618,0.405103668261563,"rf_probs",0,117,218,164,0.234468937875752,0.349253731343284,0,0.416370106761566,0.349253731343284,0.37987012987013,"rf_probs",0,264,437,300,0.263736263736264,0.37660485021398,0,0.468085106382979,0.37660485021398,0.417391304347826
2000,1000,80,0.3,0.05,"a",FALSE,0.5,0,660,"67, 29, 48, 73","rf_class",428,992,44,36,0.946666666666667,0.957528957528958,0.922413793103448,0.964980544747082,0.957528957528958,0.961240310077519,"rf_class",153,322,13,11,0.95190380761523,0.961194029850746,0.932926829268293,0.966966966966967,0.961194029850746,0.964071856287425,"rf_class",275,670,31,25,0.944055944055944,0.955777460770328,0.916666666666667,0.964028776978417,0.955777460770328,0.959885386819484
2000,1000,80,0.3,0.05,"a",FALSE,0.5,0,661,"54, 29, 59, 49","IRT",426,1015,52,7,0.960666666666667,0.951265229615745,0.983833718244804,0.993150684931507,0.951265229615745,0.971756821445668,"IRT",148,350,12,3,0.970760233918129,0.966850828729282,0.980132450331126,0.991501416430595,0.966850828729282,0.979020979020979,"IRT",278,665,40,4,0.955420466058764,0.943262411347518,0.985815602836879,0.994020926756353,0.943262411347518,0.967976710334789
2000,1000,80,0.3,0.05,"a",FALSE,0.5,0,661,"54, 29, 59, 49","rf_probs",0,405,662,433,0.27,0.379568884723524,0,0.483293556085919,0.379568884723524,0.425196850393701,"rf_probs",0,134,228,151,0.261208576998051,0.370165745856354,0,0.470175438596491,0.370165745856354,0.414219474497682,"rf_probs",0,271,434,282,0.274569402228977,0.384397163120567,0,0.49005424954792,0.384397163120567,0.430842607313196
2000,1000,80,0.3,0.05,"a",FALSE,0.5,0,661,"54, 29, 59, 49","rf_class",413,1018,49,20,0.954,0.954076850984067,0.953810623556582,0.980732177263969,0.954076850984067,0.967220902612827,"rf_class",146,353,9,5,0.97270955165692,0.975138121546961,0.966887417218543,0.986033519553073,0.975138121546961,0.980555555555556,"rf_class",267,665,40,15,0.944275582573455,0.943262411347518,0.946808510638298,0.977941176470588,0.943262411347518,0.96028880866426
2000,1000,80,0.3,0.05,"a",FALSE,0.5,0,662,"78, 6, 55, 16","IRT",449,1004,24,23,0.968666666666667,0.976653696498054,0.951271186440678,0.977604673807206,0.976653696498054,0.977128953771289,"IRT",153,313,9,12,0.956878850102669,0.972049689440994,0.927272727272727,0.963076923076923,0.972049689440994,0.967542503863988,"IRT",296,691,15,11,0.974333662388944,0.978753541076487,0.964169381107492,0.984330484330484,0.978753541076487,0.981534090909091
2000,1000,80,0.3,0.05,"a",FALSE,0.5,0,662,"78, 6, 55, 16","rf_probs",0,343,685,472,0.228666666666667,0.333657587548638,0,0.420858895705521,0.333657587548638,0.372219207813348,"rf_probs",0,103,219,165,0.211498973305955,0.319875776397516,0,0.384328358208955,0.319875776397516,0.349152542372881,"rf_probs",0,240,466,307,0.236920039486673,0.339943342776204,0,0.438756855575868,0.339943342776204,0.383080606544294
2000,1000,80,0.3,0.05,"a",FALSE,0.5,0,662,"78, 6, 55, 16","rf_class",433,1010,18,39,0.962,0.982490272373541,0.917372881355932,0.962821734985701,0.982490272373541,0.972556571978816,"rf_class",148,316,6,17,0.952772073921971,0.981366459627329,0.896969696969697,0.948948948948949,0.981366459627329,0.964885496183206,"rf_class",285,694,12,22,0.966436327739388,0.98300283286119,0.928338762214984,0.96927374301676,0.98300283286119,0.976090014064698
2000,1000,80,0.3,0.05,"a",FALSE,0.5,0,663,"60, 35, 77, 58","IRT",435,1002,55,8,0.958,0.947965941343425,0.981941309255079,0.992079207920792,0.947965941343425,0.969521044992743,"IRT",137,352,17,2,0.96259842519685,0.953929539295393,0.985611510791367,0.994350282485876,0.953929539295393,0.97372060857538,"IRT",298,650,38,6,0.955645161290323,0.944767441860465,0.980263157894737,0.990853658536585,0.944767441860465,0.967261904761905
2000,1000,80,0.3,0.05,"a",FALSE,0.5,0,663,"60, 35, 77, 58","rf_probs",0,351,706,443,0.234,0.332071901608325,0,0.442065491183879,0.332071901608325,0.379254457050243,"rf_probs",0,116,253,139,0.228346456692913,0.314363143631436,0,0.454901960784314,0.314363143631436,0.371794871794872,"rf_probs",0,235,453,304,0.236895161290323,0.34156976744186,0,0.435992578849722,0.34156976744186,0.383048084759576
2000,1000,80,0.3,0.05,"a",FALSE,0.5,0,663,"60, 35, 77, 58","rf_class",428,1017,40,15,0.963333333333333,0.962157048249763,0.966139954853273,0.98546511627907,0.962157048249763,0.973671613212063,"rf_class",133,357,12,6,0.964566929133858,0.967479674796748,0.956834532374101,0.983471074380165,0.967479674796748,0.975409836065574,"rf_class",295,660,28,9,0.962701612903226,0.959302325581395,0.970394736842105,0.986547085201794,0.959302325581395,0.972733971997052
2000,1000,80,0.3,0.05,"a",FALSE,0.5,0,664,"15, 26, 79, 68","IRT",427,1031,23,19,0.972,0.978178368121442,0.957399103139013,0.981904761904762,0.978178368121442,0.980038022813688,"IRT",131,339,10,6,0.967078189300412,0.97134670487106,0.956204379562044,0.982608695652174,0.97134670487106,0.976945244956772,"IRT",296,692,13,13,0.974358974358974,0.981560283687943,0.957928802588997,0.981560283687943,0.981560283687943,0.981560283687943
2000,1000,80,0.3,0.05,"a",FALSE,0.5,0,664,"15, 26, 79, 68","rf_probs",0,377,677,446,0.251333333333333,0.357685009487666,0,0.458080194410693,0.357685009487666,0.401704848161961,"rf_probs",0,121,228,137,0.248971193415638,0.346704871060172,0,0.468992248062016,0.346704871060172,0.398682042833608,"rf_probs",0,256,449,309,0.252465483234714,0.363120567375887,0,0.453097345132743,0.363120567375887,0.403149606299213
2000,1000,80,0.3,0.05,"a",FALSE,0.5,0,664,"15, 26, 79, 68","rf_class",426,1022,32,20,0.965333333333333,0.969639468690702,0.955156950672646,0.980806142034549,0.969639468690702,0.975190839694656,"rf_class",132,336,13,5,0.962962962962963,0.962750716332378,0.963503649635037,0.98533724340176,0.962750716332378,0.973913043478261,"rf_class",294,686,19,15,0.96646942800789,0.973049645390071,0.951456310679612,0.978601997146933,0.973049645390071,0.975817923186344
2000,1000,80,0.3,0.05,"a",FALSE,0.5,0,665,"31, 21, 53, 18","IRT",446,996,29,29,0.961333333333333,0.971707317073171,0.938947368421053,0.971707317073171,0.971707317073171,0.971707317073171,"IRT",149,341,10,7,0.96646942800789,0.971509971509972,0.955128205128205,0.979885057471264,0.971509971509972,0.975679542203147,"IRT",297,655,19,22,0.958710976837865,0.971810089020771,0.931034482758621,0.967503692762186,0.971810089020771,0.969652109548483
2000,1000,80,0.3,0.05,"a",FALSE,0.5,0,665,"31, 21, 53, 18","rf_probs",0,342,683,475,0.228,0.333658536585366,0,0.418604651162791,0.333658536585366,0.371335504885994,"rf_probs",0,118,233,156,0.232741617357002,0.336182336182336,0,0.430656934306569,0.336182336182336,0.3776,"rf_probs",0,224,450,319,0.225579053373615,0.332344213649852,0,0.412523020257827,0.332344213649852,0.368118323746919
2000,1000,80,0.3,0.05,"a",FALSE,0.5,0,665,"31, 21, 53, 18","rf_class",441,998,27,34,0.959333333333333,0.973658536585366,0.928421052631579,0.967054263565892,0.973658536585366,0.970345162858532,"rf_class",147,341,10,9,0.962524654832347,0.971509971509972,0.942307692307692,0.974285714285714,0.971509971509972,0.972895863052782,"rf_class",294,657,17,25,0.957703927492447,0.974777448071217,0.921630094043887,0.963343108504399,0.974777448071217,0.969026548672566
2000,1000,80,0.3,0.05,"a",FALSE,0.5,0,666,"78, 43, 17, 33","IRT",412,1046,26,16,0.972,0.975746268656716,0.962616822429907,0.984934086629002,0.975746268656716,0.980318650421743,"IRT",134,361,6,4,0.98019801980198,0.983651226158038,0.971014492753623,0.989041095890411,0.983651226158038,0.986338797814208,"IRT",278,685,20,12,0.9678391959799,0.971631205673759,0.958620689655172,0.982783357245337,0.971631205673759,0.977175463623395
2000,1000,80,0.3,0.05,"a",FALSE,0.5,0,666,"78, 43, 17, 33","rf_probs",0,353,719,428,0.235333333333333,0.329291044776119,0,0.451984635083227,0.329291044776119,0.381003777657852,"rf_probs",0,110,257,138,0.217821782178218,0.299727520435967,0,0.443548387096774,0.299727520435967,0.357723577235772,"rf_probs",0,243,462,290,0.244221105527638,0.34468085106383,0,0.455909943714822,0.34468085106383,0.392568659127625
2000,1000,80,0.3,0.05,"a",FALSE,0.5,0,666,"78, 43, 17, 33","rf_class",412,1043,29,16,0.97,0.97294776119403,0.962616822429907,0.984891406987724,0.97294776119403,0.978883153449085,"rf_class",134,362,5,4,0.982178217821782,0.986376021798365,0.971014492753623,0.989071038251366,0.986376021798365,0.987721691678035,"rf_class",278,681,24,12,0.963819095477387,0.965957446808511,0.958620689655172,0.982683982683983,0.965957446808511,0.974248927038627
2000,1000,80,0.3,0.05,"a",FALSE,0.5,0,667,"79, 56, 48, 77","IRT",419,1017,51,13,0.957333333333333,0.952247191011236,0.969907407407407,0.987378640776699,0.952247191011236,0.969494756911344,"IRT",139,339,21,2,0.954091816367265,0.941666666666667,0.985815602836879,0.994134897360704,0.941666666666667,0.967189728958631,"IRT",280,678,30,11,0.958958958958959,0.957627118644068,0.962199312714777,0.984034833091437,0.957627118644068,0.970651395848246
2000,1000,80,0.3,0.05,"a",FALSE,0.5,0,667,"79, 56, 48, 77","rf_probs",0,349,719,432,0.232666666666667,0.326779026217228,0,0.446862996158771,0.326779026217228,0.377501352082207,"rf_probs",0,117,243,141,0.233532934131737,0.325,0,0.453488372093023,0.325,0.378640776699029,"rf_probs",0,232,476,291,0.232232232232232,0.327683615819209,0,0.443594646271511,0.327683615819209,0.376929325751422
2000,1000,80,0.3,0.05,"a",FALSE,0.5,0,667,"79, 56, 48, 77","rf_class",413,1020,48,19,0.955333333333333,0.955056179775281,0.956018518518518,0.981713185755534,0.955056179775281,0.968201233981965,"rf_class",135,343,17,6,0.954091816367265,0.952777777777778,0.957446808510638,0.982808022922636,0.952777777777778,0.967559943582511,"rf_class",278,677,31,13,0.955955955955956,0.956214689265537,0.9553264604811,0.981159420289855,0.956214689265537,0.968526466380544
2000,1000,80,0.3,0.05,"a",FALSE,0.5,0,668,"34, 39, 19, 2","IRT",413,1029,36,22,0.961333333333333,0.966197183098592,0.949425287356322,0.9790675547098,0.966197183098592,0.972589792060491,"IRT",143,341,12,11,0.954635108481262,0.96600566572238,0.928571428571429,0.96875,0.96600566572238,0.967375886524823,"IRT",270,688,24,11,0.964753272910373,0.966292134831461,0.96085409252669,0.984263233190272,0.966292134831461,0.975194897236003
2000,1000,80,0.3,0.05,"a",FALSE,0.5,0,668,"34, 39, 19, 2","rf_probs",0,397,668,435,0.264666666666667,0.372769953051643,0,0.477163461538462,0.372769953051643,0.41855561412757,"rf_probs",0,127,226,154,0.250493096646943,0.359773371104816,0,0.451957295373665,0.359773371104816,0.400630914826498,"rf_probs",0,270,442,281,0.27190332326284,0.379213483146067,0,0.490018148820327,0.379213483146067,0.427553444180523
2000,1000,80,0.3,0.05,"a",FALSE,0.5,0,668,"34, 39, 19, 2","rf_class",418,1005,60,17,0.948666666666667,0.943661971830986,0.960919540229885,0.983365949119374,0.943661971830986,0.963104935313848,"rf_class",147,335,18,7,0.95069033530572,0.949008498583569,0.954545454545455,0.97953216374269,0.949008498583569,0.964028776978417,"rf_class",271,670,42,10,0.947633434038268,0.941011235955056,0.9644128113879,0.985294117647059,0.941011235955056,0.96264367816092
2000,1000,80,0.3,0.05,"a",FALSE,0.5,0,669,"10, 73, 77, 17","IRT",421,1036,30,13,0.971333333333333,0.971857410881801,0.970046082949309,0.987607244995234,0.971857410881801,0.979669030732861,"IRT",136,354,9,6,0.97029702970297,0.975206611570248,0.957746478873239,0.983333333333333,0.975206611570248,0.979253112033195,"IRT",285,682,21,7,0.971859296482412,0.970128022759602,0.976027397260274,0.989840348330914,0.970128022759602,0.979885057471265
2000,1000,80,0.3,0.05,"a",FALSE,0.5,0,669,"10, 73, 77, 17","rf_probs",0,330,736,434,0.22,0.309568480300188,0,0.431937172774869,0.309568480300188,0.360655737704918,"rf_probs",0,115,248,142,0.227722772277228,0.316804407713499,0,0.447470817120623,0.316804407713499,0.370967741935484,"rf_probs",0,215,488,292,0.21608040201005,0.305832147937411,0,0.424063116370809,0.305832147937411,0.355371900826446
2000,1000,80,0.3,0.05,"a",FALSE,0.5,0,669,"10, 73, 77, 17","rf_class",416,1035,31,18,0.967333333333333,0.970919324577861,0.95852534562212,0.982905982905983,0.970919324577861,0.976875884851345,"rf_class",135,356,7,7,0.972277227722772,0.980716253443526,0.950704225352113,0.980716253443526,0.980716253443526,0.980716253443526,"rf_class",281,679,24,11,0.964824120603015,0.965860597439545,0.962328767123288,0.984057971014493,0.965860597439545,0.974874371859296
2000,1000,80,0.3,0.05,"a",FALSE,0.5,0,670,"23, 50, 78, 4","IRT",423,1018,43,16,0.960666666666667,0.95947219604147,0.963553530751708,0.984526112185687,0.95947219604147,0.971837708830549,"IRT",140,323,12,5,0.964583333333333,0.964179104477612,0.96551724137931,0.984756097560976,0.964179104477612,0.974358974358974,"IRT",283,695,31,11,0.958823529411765,0.957300275482094,0.962585034013605,0.984419263456091,0.957300275482094,0.970670391061452
2000,1000,80,0.3,0.05,"a",FALSE,0.5,0,670,"23, 50, 78, 4","rf_probs",0,415,646,439,0.276666666666667,0.391140433553252,0,0.485948477751756,0.391140433553252,0.433420365535248,"rf_probs",0,132,203,145,0.275,0.394029850746269,0,0.476534296028881,0.394029850746269,0.431372549019608,"rf_probs",0,283,443,294,0.277450980392157,0.389807162534435,0,0.490467937608319,0.389807162534435,0.434382194934766
2000,1000,80,0.3,0.05,"a",FALSE,0.5,0,670,"23, 50, 78, 4","rf_class",426,1008,53,13,0.956,0.95004712535344,0.970387243735763,0.987267384916748,0.95004712535344,0.968299711815562,"rf_class",141,319,16,4,0.958333333333333,0.952238805970149,0.972413793103448,0.987616099071207,0.952238805970149,0.969604863221885,"rf_class",285,689,37,9,0.954901960784314,0.949035812672176,0.969387755102041,0.987106017191977,0.949035812672176,0.967696629213483
2000,1000,80,0.3,0.05,"a",FALSE,0.5,0,671,"37, 71, 44, 47","IRT",436,1009,45,10,0.963333333333333,0.9573055028463,0.977578475336323,0.990186457311089,0.9573055028463,0.97346840328027,"IRT",146,326,15,3,0.963265306122449,0.956011730205279,0.979865771812081,0.990881458966565,0.956011730205279,0.973134328358209,"IRT",290,683,30,7,0.963366336633663,0.957924263674614,0.976430976430976,0.989855072463768,0.957924263674614,0.973627940128297
2000,1000,80,0.3,0.05,"a",FALSE,0.5,0,671,"37, 71, 44, 47","rf_probs",0,400,654,446,0.266666666666667,0.379506641366224,0,0.472813238770686,0.379506641366224,0.421052631578947,"rf_probs",0,133,208,149,0.271428571428571,0.390029325513196,0,0.471631205673759,0.390029325513196,0.426966292134831,"rf_probs",0,267,446,297,0.264356435643564,0.374474053295933,0,0.473404255319149,0.374474053295933,0.418167580266249
2000,1000,80,0.3,0.05,"a",FALSE,0.5,0,671,"37, 71, 44, 47","rf_class",425,1010,44,21,0.956666666666667,0.958254269449715,0.952914798206278,0.979631425800194,0.958254269449715,0.968824940047962,"rf_class",141,327,14,8,0.955102040816327,0.958944281524927,0.946308724832215,0.976119402985075,0.958944281524927,0.967455621301775,"rf_class",284,683,30,13,0.957425742574257,0.957924263674614,0.956228956228956,0.98132183908046,0.957924263674614,0.969481902058197
2000,1000,80,0.3,0.05,"a",FALSE,0.5,0,672,"5, 66, 62, 79","IRT",430,1011,52,7,0.960666666666667,0.951081843838194,0.983981693363844,0.993123772102161,0.951081843838194,0.97164824603556,"IRT",147,332,14,1,0.969635627530364,0.959537572254335,0.993243243243243,0.996996996996997,0.959537572254335,0.977908689248895,"IRT",283,679,38,6,0.956262425447316,0.947001394700139,0.97923875432526,0.991240875912409,0.947001394700139,0.968616262482168
2000,1000,80,0.3,0.05,"a",FALSE,0.5,0,672,"5, 66, 62, 79","rf_probs",0,384,679,437,0.256,0.361241768579492,0,0.467722289890378,0.361241768579492,0.407643312101911,"rf_probs",0,123,223,148,0.248987854251012,0.355491329479769,0,0.453874538745387,0.355491329479769,0.39870340356564,"rf_probs",0,261,456,289,0.259443339960239,0.364016736401674,0,0.474545454545455,0.364016736401674,0.411996842936069
2000,1000,80,0.3,0.05,"a",FALSE,0.5,0,672,"5, 66, 62, 79","rf_class",416,1018,45,21,0.956,0.957666980244591,0.951945080091533,0.979788257940327,0.957666980244591,0.9686013320647,"rf_class",143,330,16,5,0.95748987854251,0.953757225433526,0.966216216216216,0.985074626865672,0.953757225433526,0.969162995594714,"rf_class",273,688,29,16,0.955268389662028,0.95955369595537,0.944636678200692,0.977272727272727,0.95955369595537,0.968332160450387
2000,1000,80,0.3,0.05,"a",FALSE,0.5,0,673,"7, 34, 77, 1","IRT",425,998,69,8,0.948666666666667,0.935332708528585,0.981524249422633,0.992047713717694,0.935332708528585,0.962855764592378,"IRT",143,341,22,3,0.950884086444008,0.939393939393939,0.979452054794521,0.991279069767442,0.939393939393939,0.964639321074965,"IRT",282,657,47,5,0.94752774974773,0.933238636363636,0.982578397212544,0.992447129909366,0.933238636363636,0.961932650073206
2000,1000,80,0.3,0.05,"a",FALSE,0.5,0,673,"7, 34, 77, 1","rf_probs",0,396,671,433,0.264,0.371134020618557,0,0.477683956574186,0.371134020618557,0.417721518987342,"rf_probs",0,135,228,146,0.265225933202358,0.371900826446281,0,0.480427046263345,0.371900826446281,0.419254658385093,"rf_probs",0,261,443,287,0.263370332996973,0.370738636363636,0,0.476277372262774,0.370738636363636,0.416932907348243
2000,1000,80,0.3,0.05,"a",FALSE,0.5,0,673,"7, 34, 77, 1","rf_class",420,1019,48,13,0.959333333333333,0.955014058106842,0.969976905311778,0.987403100775194,0.955014058106842,0.970938542162935,"rf_class",142,347,16,4,0.960707269155206,0.955922865013774,0.972602739726027,0.988603988603989,0.955922865013774,0.971988795518207,"rf_class",278,672,32,9,0.958627648839556,0.954545454545455,0.968641114982578,0.986784140969163,0.954545454545455,0.970397111913357
2000,1000,80,0.3,0.05,"a",FALSE,0.5,0,674,"57, 65, 23, 31","IRT",442,995,50,13,0.958,0.952153110047847,0.971428571428571,0.987103174603175,0.952153110047847,0.969313200194837,"IRT",168,339,17,6,0.956603773584906,0.952247191011236,0.96551724137931,0.982608695652174,0.952247191011236,0.96718972895863,"IRT",274,656,33,7,0.958762886597938,0.952104499274311,0.97508896797153,0.989441930618401,0.952104499274311,0.970414201183432
2000,1000,80,0.3,0.05,"a",FALSE,0.5,0,674,"57, 65, 23, 31","rf_probs",0,383,662,455,0.255333333333333,0.366507177033493,0,0.457040572792363,0.366507177033493,0.40679766330324,"rf_probs",0,118,238,174,0.222641509433962,0.331460674157303,0,0.404109589041096,0.331460674157303,0.364197530864198,"rf_probs",0,265,424,281,0.27319587628866,0.384615384615385,0,0.485347985347985,0.384615384615385,0.42914979757085
2000,1000,80,0.3,0.05,"a",FALSE,0.5,0,674,"57, 65, 23, 31","rf_class",437,1012,33,18,0.966,0.968421052631579,0.96043956043956,0.98252427184466,0.968421052631579,0.975421686746988,"rf_class",166,344,12,8,0.962264150943396,0.966292134831461,0.954022988505747,0.977272727272727,0.966292134831461,0.971751412429379,"rf_class",271,668,21,10,0.968041237113402,0.969521044992743,0.9644128113879,0.985250737463127,0.969521044992743,0.977322604242868
2000,1000,80,0.3,0.05,"a",FALSE,0.5,0,675,"23, 54, 36, 28","IRT",424,1031,35,10,0.97,0.967166979362101,0.976958525345622,0.990393852065322,0.967166979362101,0.978642619838633,"IRT",148,354,9,1,0.98046875,0.975206611570248,0.993288590604027,0.997183098591549,0.975206611570248,0.986072423398329,"IRT",276,677,26,9,0.964574898785425,0.963015647226173,0.968421052631579,0.986880466472303,0.963015647226173,0.974802015838733
2000,1000,80,0.3,0.05,"a",FALSE,0.5,0,675,"23, 54, 36, 28","rf_probs",0,378,688,434,0.252,0.354596622889306,0,0.46551724137931,0.354596622889306,0.402555910543131,"rf_probs",0,122,241,149,0.23828125,0.336088154269972,0,0.450184501845018,0.336088154269972,0.384858044164038,"rf_probs",0,256,447,285,0.259109311740891,0.364153627311522,0,0.473197781885397,0.364153627311522,0.411575562700965
2000,1000,80,0.3,0.05,"a",FALSE,0.5,0,675,"23, 54, 36, 28","rf_class",420,1032,34,14,0.968,0.968105065666041,0.967741935483871,0.986615678776291,0.968105065666041,0.977272727272727,"rf_class",147,353,10,2,0.9765625,0.972451790633609,0.986577181208054,0.994366197183099,0.972451790633609,0.983286908077994,"rf_class",273,679,24,12,0.963562753036437,0.965860597439545,0.957894736842105,0.982633863965268,0.965860597439545,0.974175035868006
2000,1000,80,0.3,0.05,"a",FALSE,0.5,0,676,"55, 62, 58, 45","IRT",433,1030,19,18,0.975333333333333,0.981887511916111,0.960088691796009,0.982824427480916,0.981887511916111,0.982355746304244,"IRT",138,352,8,4,0.97609561752988,0.977777777777778,0.971830985915493,0.98876404494382,0.977777777777778,0.983240223463687,"IRT",295,678,11,14,0.974949899799599,0.984034833091437,0.954692556634304,0.979768786127168,0.984034833091437,0.98189717595945
2000,1000,80,0.3,0.05,"a",FALSE,0.5,0,676,"55, 62, 58, 45","rf_probs",0,345,704,451,0.23,0.328884652049571,0,0.433417085427136,0.328884652049571,0.373983739837398,"rf_probs",0,114,246,142,0.227091633466135,0.316666666666667,0,0.4453125,0.316666666666667,0.37012987012987,"rf_probs",0,231,458,309,0.231462925851703,0.335268505079826,0,0.427777777777778,0.335268505079826,0.375915378356387
2000,1000,80,0.3,0.05,"a",FALSE,0.5,0,676,"55, 62, 58, 45","rf_class",427,1020,29,24,0.964666666666667,0.972354623450906,0.946784922394678,0.977011494252874,0.972354623450906,0.974677496416627,"rf_class",135,347,13,7,0.960159362549801,0.963888888888889,0.950704225352113,0.980225988700565,0.963888888888889,0.971988795518207,"rf_class",292,673,16,17,0.966933867735471,0.97677793904209,0.944983818770227,0.97536231884058,0.97677793904209,0.976069615663524
2000,1000,80,0.3,0.05,"a",FALSE,0.5,0,677,"74, 26, 47, 57","IRT",434,1021,35,10,0.97,0.966856060606061,0.977477477477477,0.990300678952473,0.966856060606061,0.978437949209392,"IRT",134,348,9,2,0.977687626774848,0.974789915966387,0.985294117647059,0.994285714285714,0.974789915966387,0.984441301272984,"IRT",300,673,26,8,0.966236345580934,0.962804005722461,0.974025974025974,0.988252569750367,0.962804005722461,0.97536231884058
2000,1000,80,0.3,0.05,"a",FALSE,0.5,0,677,"74, 26, 47, 57","rf_probs",0,342,714,444,0.228,0.323863636363636,0,0.435114503816794,0.323863636363636,0.371335504885993,"rf_probs",0,123,234,136,0.249492900608519,0.34453781512605,0,0.474903474903475,0.34453781512605,0.399350649350649,"rf_probs",0,219,480,308,0.217477656405164,0.313304721030043,0,0.415559772296015,0.313304721030043,0.357259380097879
2000,1000,80,0.3,0.05,"a",FALSE,0.5,0,677,"74, 26, 47, 57","rf_class",415,1036,20,29,0.967333333333333,0.981060606060606,0.934684684684685,0.972769953051643,0.981060606060606,0.976897689768977,"rf_class",125,352,5,11,0.967545638945233,0.985994397759104,0.919117647058823,0.96969696969697,0.985994397759104,0.977777777777778,"rf_class",290,684,15,18,0.967229394240318,0.978540772532189,0.941558441558442,0.974358974358974,0.978540772532189,0.97644539614561
2000,1000,80,0.3,0.05,"a",FALSE,0.5,0,678,"33, 12, 4, 70","IRT",445,976,69,10,0.947333333333333,0.933971291866029,0.978021978021978,0.989858012170385,0.933971291866029,0.96110290497292,"IRT",155,346,24,2,0.950664136622391,0.935135135135135,0.987261146496815,0.994252873563218,0.935135135135135,0.963788300835654,"IRT",290,630,45,8,0.945529290853032,0.933333333333333,0.973154362416107,0.987460815047022,0.933333333333333,0.95963442498096
2000,1000,80,0.3,0.05,"a",FALSE,0.5,0,678,"33, 12, 4, 70","rf_probs",0,357,688,455,0.238,0.341626794258373,0,0.439655172413793,0.341626794258373,0.384491114701131,"rf_probs",0,128,242,157,0.242884250474383,0.345945945945946,0,0.449122807017544,0.345945945945946,0.390839694656489,"rf_probs",0,229,446,298,0.23535457348407,0.339259259259259,0,0.434535104364326,0.339259259259259,0.381031613976705
2000,1000,80,0.3,0.05,"a",FALSE,0.5,0,678,"33, 12, 4, 70","rf_class",435,999,46,20,0.956,0.955980861244019,0.956043956043956,0.980372914622179,0.955980861244019,0.968023255813953,"rf_class",153,351,19,4,0.956356736242884,0.948648648648649,0.974522292993631,0.988732394366197,0.948648648648649,0.968275862068966,"rf_class",282,648,27,16,0.955806783144913,0.96,0.946308724832215,0.975903614457831,0.96,0.967886482449589
2000,1000,80,0.3,0.05,"a",FALSE,0.5,0,679,"53, 30, 44, 5","IRT",410,1026,57,7,0.957333333333333,0.947368421052632,0.983213429256595,0.993223620522749,0.947368421052632,0.969754253308129,"IRT",117,346,20,1,0.956611570247934,0.945355191256831,0.991525423728814,0.997118155619596,0.945355191256831,0.97054698457223,"IRT",293,680,37,6,0.957677165354331,0.94839609483961,0.979933110367893,0.991253644314869,0.94839609483961,0.969351389878831
2000,1000,80,0.3,0.05,"a",FALSE,0.5,0,679,"53, 30, 44, 5","rf_probs",0,427,656,417,0.284666666666667,0.394275161588181,0,0.505924170616114,0.394275161588181,0.443175921120913,"rf_probs",0,139,227,118,0.287190082644628,0.379781420765027,0,0.540856031128405,0.379781420765027,0.446227929373997,"rf_probs",0,288,429,299,0.283464566929134,0.401673640167364,0,0.490630323679727,0.401673640167364,0.441717791411043
2000,1000,80,0.3,0.05,"a",FALSE,0.5,0,679,"53, 30, 44, 5","rf_class",405,1036,47,12,0.960666666666667,0.956602031394275,0.971223021582734,0.988549618320611,0.956602031394275,0.972313467855467,"rf_class",115,347,19,3,0.954545454545455,0.948087431693989,0.974576271186441,0.991428571428571,0.948087431693989,0.96927374301676,"rf_class",290,689,28,9,0.963582677165354,0.96094839609484,0.969899665551839,0.987106017191977,0.96094839609484,0.973851590106007
2000,1000,80,0.3,0.05,"a",FALSE,0.5,0,680,"45, 68, 51, 29","IRT",451,976,54,19,0.951333333333333,0.947572815533981,0.959574468085106,0.980904522613065,0.947572815533981,0.963950617283951,"IRT",142,328,16,5,0.957230142566191,0.953488372093023,0.965986394557823,0.984984984984985,0.953488372093023,0.968980797636632,"IRT",309,648,38,14,0.948463825569871,0.944606413994169,0.956656346749226,0.978851963746224,0.944606413994169,0.961424332344214
2000,1000,80,0.3,0.05,"a",FALSE,0.5,0,680,"45, 68, 51, 29","rf_probs",0,345,685,470,0.23,0.33495145631068,0,0.423312883435583,0.33495145631068,0.373983739837398,"rf_probs",0,112,232,147,0.228105906313646,0.325581395348837,0,0.432432432432432,0.325581395348837,0.371475953565506,"rf_probs",0,233,453,323,0.230921704658077,0.339650145772595,0,0.419064748201439,0.339650145772595,0.375201288244767
2000,1000,80,0.3,0.05,"a",FALSE,0.5,0,680,"45, 68, 51, 29","rf_class",438,1000,30,32,0.958666666666667,0.970873786407767,0.931914893617021,0.968992248062015,0.970873786407767,0.969932104752667,"rf_class",141,336,8,6,0.971486761710794,0.976744186046512,0.959183673469388,0.982456140350877,0.976744186046512,0.979591836734694,"rf_class",297,664,22,26,0.952428146679881,0.967930029154519,0.919504643962848,0.96231884057971,0.967930029154519,0.965116279069767
2000,1000,80,0.3,0.05,"a",FALSE,0.5,0,681,"22, 70, 6, 74","IRT",418,1011,48,23,0.952666666666667,0.954674220963173,0.947845804988662,0.977756286266925,0.954674220963173,0.966077400860009,"IRT",147,329,10,10,0.959677419354839,0.970501474926254,0.936305732484076,0.970501474926254,0.970501474926254,0.970501474926254,"IRT",271,682,38,13,0.949203187250996,0.947222222222222,0.954225352112676,0.981294964028777,0.947222222222222,0.963957597173145
2000,1000,80,0.3,0.05,"a",FALSE,0.5,0,681,"22, 70, 6, 74","rf_probs",0,406,653,441,0.270666666666667,0.383380547686497,0,0.479338842975207,0.383380547686497,0.426023084994753,"rf_probs",0,122,217,157,0.245967741935484,0.359882005899705,0,0.437275985663082,0.359882005899705,0.394822006472492,"rf_probs",0,284,436,284,0.282868525896414,0.394444444444444,0,0.5,0.394444444444444,0.440993788819876
2000,1000,80,0.3,0.05,"a",FALSE,0.5,0,681,"22, 70, 6, 74","rf_class",414,1016,43,27,0.953333333333333,0.959395656279509,0.938775510204082,0.974113135186961,0.959395656279509,0.966698382492864,"rf_class",146,328,11,11,0.955645161290323,0.967551622418879,0.929936305732484,0.967551622418879,0.967551622418879,0.967551622418879,"rf_class",268,688,32,16,0.952191235059761,0.955555555555556,0.943661971830986,0.977272727272727,0.955555555555556,0.966292134831461
2000,1000,80,0.3,0.05,"a",FALSE,0.5,0,682,"18, 45, 42, 15","IRT",453,968,74,5,0.947333333333333,0.928982725527831,0.989082969432314,0.99486125385406,0.928982725527831,0.960794044665012,"IRT",149,336,28,3,0.939922480620155,0.923076923076923,0.980263157894737,0.991150442477876,0.923076923076923,0.955903271692745,"IRT",304,632,46,2,0.951219512195122,0.932153392330384,0.993464052287582,0.996845425867508,0.932153392330384,0.963414634146342
2000,1000,80,0.3,0.05,"a",FALSE,0.5,0,682,"18, 45, 42, 15","rf_probs",0,384,658,458,0.256,0.36852207293666,0,0.456057007125891,0.36852207293666,0.407643312101911,"rf_probs",0,137,227,152,0.265503875968992,0.376373626373626,0,0.474048442906574,0.376373626373626,0.419601837672282,"rf_probs",0,247,431,306,0.251016260162602,0.364306784660767,0,0.446654611211573,0.364306784660767,0.401299756295695
2000,1000,80,0.3,0.05,"a",FALSE,0.5,0,682,"18, 45, 42, 15","rf_class",432,991,51,26,0.948666666666667,0.9510556621881,0.943231441048035,0.974434611602753,0.9510556621881,0.962603205439534,"rf_class",142,345,19,10,0.943798449612403,0.947802197802198,0.934210526315789,0.971830985915493,0.947802197802198,0.959666203059805,"rf_class",290,646,32,16,0.951219512195122,0.952802359882006,0.947712418300654,0.97583081570997,0.952802359882006,0.964179104477612
2000,1000,80,0.3,0.05,"a",FALSE,0.5,0,683,"34, 66, 18, 43","IRT",440,1004,44,12,0.962666666666667,0.958015267175573,0.973451327433628,0.988188976377953,0.958015267175573,0.972868217054264,"IRT",152,346,14,3,0.966990291262136,0.961111111111111,0.980645161290323,0.991404011461318,0.961111111111111,0.976022566995769,"IRT",288,658,30,9,0.960406091370558,0.956395348837209,0.96969696969697,0.986506746626687,0.956395348837209,0.971217712177122
2000,1000,80,0.3,0.05,"a",FALSE,0.5,0,683,"34, 66, 18, 43","rf_probs",0,390,658,452,0.26,0.372137404580153,0,0.463182897862233,0.372137404580153,0.412698412698413,"rf_probs",0,129,231,155,0.250485436893204,0.358333333333333,0,0.454225352112676,0.358333333333333,0.400621118012422,"rf_probs",0,261,427,297,0.26497461928934,0.379360465116279,0,0.467741935483871,0.379360465116279,0.418940609951846
2000,1000,80,0.3,0.05,"a",FALSE,0.5,0,683,"34, 66, 18, 43","rf_class",426,1017,31,26,0.962,0.970419847328244,0.942477876106195,0.975071907957814,0.970419847328244,0.972740315638451,"rf_class",151,352,8,4,0.976699029126214,0.977777777777778,0.974193548387097,0.98876404494382,0.977777777777778,0.983240223463687,"rf_class",275,665,23,22,0.954314720812183,0.966569767441861,0.925925925925926,0.967976710334789,0.966569767441861,0.967272727272727
2000,1000,80,0.3,0.05,"a",FALSE,0.5,0,684,"28, 56, 25, 47","IRT",427,1013,49,11,0.96,0.953860640301318,0.974885844748858,0.9892578125,0.953860640301318,0.971236816874401,"IRT",150,317,16,2,0.962886597938144,0.951951951951952,0.986842105263158,0.993730407523511,0.951951951951952,0.97239263803681,"IRT",277,696,33,9,0.958620689655172,0.954732510288066,0.968531468531469,0.987234042553191,0.954732510288066,0.97071129707113
2000,1000,80,0.3,0.05,"a",FALSE,0.5,0,684,"28, 56, 25, 47","rf_probs",0,361,701,438,0.240666666666667,0.339924670433145,0,0.451814768460576,0.339924670433145,0.387963460505105,"rf_probs",0,111,222,152,0.228865979381443,0.333333333333333,0,0.422053231939163,0.333333333333333,0.37248322147651,"rf_probs",0,250,479,286,0.246305418719212,0.342935528120713,0,0.466417910447761,0.342935528120713,0.395256916996047
2000,1000,80,0.3,0.05,"a",FALSE,0.5,0,684,"28, 56, 25, 47","rf_class",419,1022,40,19,0.960666666666667,0.962335216572505,0.95662100456621,0.981748318924111,0.962335216572505,0.971944840703757,"rf_class",147,322,11,5,0.967010309278351,0.966966966966967,0.967105263157895,0.984709480122324,0.966966966966967,0.975757575757576,"rf_class",272,700,29,14,0.957635467980296,0.960219478737997,0.951048951048951,0.980392156862745,0.960219478737997,0.97020097020097
2000,1000,80,0.3,0.05,"a",FALSE,0.5,0,685,"20, 28, 51, 27","IRT",429,1015,38,18,0.962666666666667,0.963912630579297,0.959731543624161,0.982575024201355,0.963912630579297,0.973154362416107,"IRT",160,343,15,3,0.965451055662188,0.958100558659218,0.98159509202454,0.991329479768786,0.958100558659218,0.974431818181818,"IRT",269,672,23,15,0.961184882533197,0.966906474820144,0.947183098591549,0.978165938864629,0.966906474820144,0.972503617945007
2000,1000,80,0.3,0.05,"a",FALSE,0.5,0,685,"20, 28, 51, 27","rf_probs",0,360,693,447,0.24,0.341880341880342,0,0.446096654275093,0.341880341880342,0.387096774193548,"rf_probs",0,132,226,163,0.253358925143954,0.368715083798883,0,0.447457627118644,0.368715083798883,0.404287901990812,"rf_probs",0,228,467,284,0.232890704800817,0.328057553956835,0,0.4453125,0.328057553956835,0.377796188898095
2000,1000,80,0.3,0.05,"a",FALSE,0.5,0,685,"20, 28, 51, 27","rf_class",418,1019,34,29,0.958,0.967711301044634,0.935123042505593,0.972328244274809,0.967711301044634,0.970014278914803,"rf_class",155,341,17,8,0.952015355086372,0.952513966480447,0.950920245398773,0.977077363896848,0.952513966480447,0.964639321074965,"rf_class",263,678,17,21,0.961184882533197,0.975539568345324,0.926056338028169,0.969957081545064,0.975539568345324,0.97274031563845
2000,1000,80,0.3,0.05,"a",FALSE,0.5,0,686,"74, 56, 16, 25","IRT",445,996,45,14,0.960666666666667,0.956772334293948,0.969498910675381,0.986138613861386,0.956772334293948,0.971233544612384,"IRT",163,337,20,6,0.950570342205323,0.943977591036415,0.964497041420118,0.982507288629738,0.943977591036415,0.962857142857143,"IRT",282,659,25,8,0.96611909650924,0.963450292397661,0.972413793103448,0.988005997001499,0.963450292397661,0.975573649148779
2000,1000,80,0.3,0.05,"a",FALSE,0.5,0,686,"74, 56, 16, 25","rf_probs",0,390,651,459,0.26,0.37463976945245,0,0.459363957597173,0.37463976945245,0.412698412698413,"rf_probs",0,137,220,169,0.260456273764259,0.38375350140056,0,0.447712418300654,0.38375350140056,0.413273001508296,"rf_probs",0,253,431,290,0.259753593429158,0.369883040935673,0,0.465930018416206,0.369883040935673,0.41238793806031
2000,1000,80,0.3,0.05,"a",FALSE,0.5,0,686,"74, 56, 16, 25","rf_class",437,997,44,22,0.956,0.957732949087416,0.952069716775599,0.978410206084396,0.957732949087416,0.967961165048544,"rf_class",160,338,19,9,0.946768060836502,0.946778711484594,0.946745562130177,0.974063400576369,0.946778711484594,0.960227272727273,"rf_class",277,659,25,13,0.960985626283368,0.963450292397661,0.955172413793103,0.980654761904762,0.963450292397661,0.971976401179941
2000,1000,80,0.3,0.05,"a",FALSE,0.5,0,687,"13, 75, 49, 6","IRT",438,1004,42,16,0.961333333333333,0.959847036328872,0.964757709251101,0.984313725490196,0.959847036328872,0.971926427879961,"IRT",134,332,18,7,0.94908350305499,0.948571428571429,0.950354609929078,0.979351032448378,0.948571428571429,0.963715529753266,"IRT",304,672,24,9,0.967294350842418,0.96551724137931,0.971246006389776,0.986784140969163,0.96551724137931,0.9760348583878
2000,1000,80,0.3,0.05,"a",FALSE,0.5,0,687,"13, 75, 49, 6","rf_probs",0,341,705,454,0.227333333333333,0.326003824091778,0,0.428930817610063,0.326003824091778,0.370450841933732,"rf_probs",0,131,219,141,0.266802443991853,0.374285714285714,0,0.481617647058824,0.374285714285714,0.421221864951768,"rf_probs",0,210,486,313,0.20812685827552,0.301724137931034,0,0.401529636711281,0.301724137931034,0.344544708777687
2000,1000,80,0.3,0.05,"a",FALSE,0.5,0,687,"13, 75, 49, 6","rf_class",433,996,50,21,0.952666666666667,0.952198852772467,0.95374449339207,0.979351032448378,0.952198852772467,0.965584100824043,"rf_class",132,328,22,9,0.936863543788187,0.937142857142857,0.936170212765957,0.973293768545994,0.937142857142857,0.954876273653566,"rf_class",301,668,28,12,0.960356788899901,0.959770114942529,0.961661341853035,0.982352941176471,0.959770114942529,0.970930232558139
2000,1000,80,0.3,0.05,"a",FALSE,0.5,0,688,"18, 14, 15, 69","IRT",449,995,49,7,0.962666666666667,0.953065134099617,0.984649122807018,0.993013972055888,0.953065134099617,0.972629521016618,"IRT",157,331,11,4,0.970178926441352,0.967836257309941,0.975155279503106,0.988059701492537,0.967836257309941,0.977843426883309,"IRT",292,664,38,3,0.958876629889669,0.945868945868946,0.989830508474576,0.995502248875562,0.945868945868946,0.970051132213294
2000,1000,80,0.3,0.05,"a",FALSE,0.5,0,688,"18, 14, 15, 69","rf_probs",0,372,672,456,0.248,0.35632183908046,0,0.449275362318841,0.35632183908046,0.397435897435897,"rf_probs",0,116,226,161,0.230616302186879,0.339181286549708,0,0.418772563176895,0.339181286549708,0.374798061389338,"rf_probs",0,256,446,295,0.256770310932798,0.364672364672365,0,0.464609800362976,0.364672364672365,0.408619313647247
2000,1000,80,0.3,0.05,"a",FALSE,0.5,0,688,"18, 14, 15, 69","rf_class",443,1005,39,13,0.965333333333333,0.96264367816092,0.971491228070175,0.987229862475442,0.96264367816092,0.974781765276431,"rf_class",155,330,12,6,0.964214711729622,0.964912280701754,0.962732919254658,0.982142857142857,0.964912280701754,0.973451327433628,"rf_class",288,675,27,7,0.965897693079238,0.961538461538462,0.976271186440678,0.989736070381232,0.961538461538462,0.975433526011561
2000,1000,80,0.3,0.05,"a",FALSE,0.5,0,689,"11, 53, 48, 14","IRT",431,1017,44,8,0.965333333333333,0.958529688972667,0.981776765375854,0.99219512195122,0.958529688972667,0.975071907957814,"IRT",140,335,16,2,0.963488843813387,0.954415954415954,0.985915492957746,0.99406528189911,0.954415954415954,0.973837209302326,"IRT",291,682,28,6,0.966236345580934,0.96056338028169,0.97979797979798,0.991279069767442,0.96056338028169,0.975679542203147
2000,1000,80,0.3,0.05,"a",FALSE,0.5,0,689,"11, 53, 48, 14","rf_probs",0,359,702,439,0.239333333333333,0.338360037700283,0,0.449874686716792,0.338360037700283,0.386229155459925,"rf_probs",0,115,236,142,0.233265720081136,0.327635327635328,0,0.447470817120623,0.327635327635328,0.378289473684211,"rf_probs",0,244,466,297,0.242303872889772,0.343661971830986,0,0.451016635859519,0.343661971830986,0.390087929656275
2000,1000,80,0.3,0.05,"a",FALSE,0.5,0,689,"11, 53, 48, 14","rf_class",427,1016,45,12,0.962,0.957587181903864,0.972665148063781,0.988326848249027,0.957587181903864,0.972714217328866,"rf_class",139,334,17,3,0.959432048681542,0.951566951566952,0.97887323943662,0.991097922848665,0.951566951566952,0.97093023255814,"rf_class",288,682,28,9,0.963257199602781,0.96056338028169,0.96969696969697,0.986975397973951,0.96056338028169,0.973590292648108
2000,1000,80,0.3,0.05,"a",FALSE,0.5,0,690,"55, 44, 2, 62","IRT",439,1008,40,13,0.964666666666667,0.961832061068702,0.971238938053097,0.987267384916748,0.961832061068702,0.974383760270662,"IRT",140,341,16,3,0.962,0.955182072829132,0.979020979020979,0.991279069767442,0.955182072829132,0.972895863052782,"IRT",299,667,24,10,0.966,0.965267727930536,0.967637540453074,0.985228951255539,0.965267727930536,0.975146198830409
2000,1000,80,0.3,0.05,"a",FALSE,0.5,0,690,"55, 44, 2, 62","rf_probs",0,352,696,452,0.234666666666667,0.33587786259542,0,0.437810945273632,0.33587786259542,0.380129589632829,"rf_probs",0,133,224,143,0.266,0.372549019607843,0,0.481884057971014,0.372549019607843,0.420221169036335,"rf_probs",0,219,472,309,0.219,0.316931982633864,0,0.414772727272727,0.316931982633864,0.359310910582445
2000,1000,80,0.3,0.05,"a",FALSE,0.5,0,690,"55, 44, 2, 62","rf_class",435,1003,45,17,0.958666666666667,0.95706106870229,0.962389380530973,0.983333333333333,0.95706106870229,0.970019342359768,"rf_class",139,340,17,4,0.958,0.952380952380952,0.972027972027972,0.988372093023256,0.952380952380952,0.970042796005706,"rf_class",296,663,28,13,0.959,0.959479015918958,0.957928802588997,0.980769230769231,0.959479015918958,0.970007315288954
2000,1000,80,0.3,0.05,"a",FALSE,0.5,0,691,"59, 56, 15, 3","IRT",433,1011,40,16,0.962666666666667,0.961941008563273,0.964365256124722,0.984420642648491,0.961941008563273,0.973051010587103,"IRT",147,319,16,5,0.956878850102669,0.952238805970149,0.967105263157895,0.984567901234568,0.952238805970149,0.968133535660091,"IRT",286,692,24,11,0.965449160908193,0.966480446927374,0.962962962962963,0.984352773826458,0.966480446927374,0.975334742776603
2000,1000,80,0.3,0.05,"a",FALSE,0.5,0,691,"59, 56, 15, 3","rf_probs",0,375,676,449,0.25,0.356803044719315,0,0.455097087378641,0.356803044719315,0.4,"rf_probs",0,130,205,152,0.26694045174538,0.388059701492537,0,0.460992907801418,0.388059701492537,0.421393841166937,"rf_probs",0,245,471,297,0.241855873642646,0.342178770949721,0,0.452029520295203,0.342178770949721,0.389507154213037
2000,1000,80,0.3,0.05,"a",FALSE,0.5,0,691,"59, 56, 15, 3","rf_class",423,1000,51,26,0.948666666666667,0.951474785918173,0.942093541202673,0.974658869395711,0.951474785918173,0.962927298988926,"rf_class",145,315,20,7,0.944558521560575,0.940298507462687,0.953947368421053,0.978260869565217,0.940298507462687,0.958904109589041,"rf_class",278,685,31,19,0.950641658440276,0.956703910614525,0.936026936026936,0.973011363636364,0.956703910614525,0.964788732394366
2000,1000,80,0.3,0.05,"a",FALSE,0.5,0,692,"19, 58, 71, 78","IRT",466,969,58,7,0.956666666666667,0.943524829600779,0.985200845665962,0.992827868852459,0.943524829600779,0.967548676984523,"IRT",152,318,24,3,0.945674044265594,0.929824561403509,0.980645161290323,0.990654205607477,0.929824561403509,0.959276018099547,"IRT",314,651,34,4,0.962113659022931,0.95036496350365,0.987421383647799,0.993893129770992,0.95036496350365,0.971641791044776
2000,1000,80,0.3,0.05,"a",FALSE,0.5,0,692,"19, 58, 71, 78","rf_probs",0,335,692,473,0.223333333333333,0.326192794547225,0,0.41460396039604,0.326192794547225,0.365122615803815,"rf_probs",0,110,232,155,0.221327967806841,0.321637426900585,0,0.415094339622642,0.321637426900585,0.362438220757825,"rf_probs",0,225,460,318,0.22432701894317,0.328467153284672,0,0.414364640883978,0.328467153284672,0.366449511400651
2000,1000,80,0.3,0.05,"a",FALSE,0.5,0,692,"19, 58, 71, 78","rf_class",445,995,32,28,0.96,0.968841285296982,0.940803382663848,0.972629521016618,0.968841285296982,0.970731707317073,"rf_class",147,329,13,8,0.957746478873239,0.961988304093567,0.948387096774194,0.976261127596439,0.961988304093567,0.969072164948454,"rf_class",298,666,19,20,0.96111665004985,0.972262773722628,0.937106918238994,0.970845481049563,0.972262773722628,0.971553610503282
2000,1000,80,0.3,0.05,"a",FALSE,0.5,0,693,"7, 71, 20, 15","IRT",428,1017,36,19,0.963333333333333,0.965811965811966,0.957494407158837,0.981660231660232,0.965811965811966,0.973671613212063,"IRT",132,326,10,6,0.966244725738397,0.970238095238095,0.956521739130435,0.981927710843373,0.970238095238095,0.976047904191617,"IRT",296,691,26,13,0.961988304093567,0.96373779637378,0.957928802588997,0.981534090909091,0.96373779637378,0.972554539057002
2000,1000,80,0.3,0.05,"a",FALSE,0.5,0,693,"7, 71, 20, 15","rf_probs",0,346,707,447,0.230666666666667,0.328584995251662,0,0.436317780580076,0.328584995251662,0.374864572047671,"rf_probs",0,111,225,138,0.234177215189873,0.330357142857143,0,0.44578313253012,0.330357142857143,0.379487179487179,"rf_probs",0,235,482,309,0.229044834307992,0.327754532775453,0,0.431985294117647,0.327754532775453,0.372720063441713
2000,1000,80,0.3,0.05,"a",FALSE,0.5,0,693,"7, 71, 20, 15","rf_class",425,1022,31,22,0.964666666666667,0.970560303893637,0.950782997762864,0.978927203065134,0.970560303893637,0.974725798760134,"rf_class",133,327,9,5,0.970464135021097,0.973214285714286,0.963768115942029,0.984939759036145,0.973214285714286,0.979041916167665,"rf_class",292,695,22,17,0.961988304093567,0.96931659693166,0.944983818770227,0.976123595505618,0.96931659693166,0.972708187543737
2000,1000,80,0.3,0.05,"a",FALSE,0.5,0,694,"55, 20, 18, 44","IRT",440,1007,37,16,0.964666666666667,0.96455938697318,0.964912280701754,0.98435972629521,0.96455938697318,0.974358974358974,"IRT",140,347,12,6,0.964356435643564,0.966573816155989,0.958904109589041,0.98300283286119,0.966573816155989,0.974719101123595,"IRT",300,660,25,10,0.964824120603015,0.963503649635037,0.967741935483871,0.985074626865672,0.963503649635037,0.974169741697417
2000,1000,80,0.3,0.05,"a",FALSE,0.5,0,694,"55, 20, 18, 44","rf_probs",0,346,698,456,0.230666666666667,0.331417624521073,0,0.43142144638404,0.331417624521073,0.374864572047671,"rf_probs",0,117,242,146,0.231683168316832,0.325905292479109,0,0.444866920152091,0.325905292479109,0.37620578778135,"rf_probs",0,229,456,310,0.230150753768844,0.334306569343066,0,0.424860853432282,0.334306569343066,0.374183006535948
2000,1000,80,0.3,0.05,"a",FALSE,0.5,0,694,"55, 20, 18, 44","rf_class",431,1022,22,25,0.968666666666667,0.978927203065134,0.945175438596491,0.976122254059217,0.978927203065134,0.977522716403635,"rf_class",138,353,6,8,0.972277227722772,0.983286908077994,0.945205479452055,0.977839335180055,0.983286908077994,0.980555555555556,"rf_class",293,669,16,17,0.966834170854271,0.976642335766423,0.945161290322581,0.975218658892128,0.976642335766423,0.975929978118162
2000,1000,80,0.3,0.05,"a",FALSE,0.5,0,695,"77, 38, 27, 80","IRT",442,1000,43,15,0.961333333333333,0.958772770853308,0.967177242888403,0.985221674876847,0.958772770853308,0.971817298347911,"IRT",139,326,14,3,0.964730290456432,0.958823529411765,0.97887323943662,0.990881458966565,0.958823529411765,0.974588938714499,"IRT",303,674,29,12,0.959724950884086,0.958748221906117,0.961904761904762,0.982507288629738,0.958748221906117,0.970482361411087
2000,1000,80,0.3,0.05,"a",FALSE,0.5,0,695,"77, 38, 27, 80","rf_probs",0,378,665,457,0.252,0.36241610738255,0,0.452694610778443,0.36241610738255,0.402555910543131,"rf_probs",0,122,218,142,0.253112033195021,0.358823529411765,0,0.462121212121212,0.358823529411765,0.403973509933775,"rf_probs",0,256,447,315,0.25147347740668,0.364153627311522,0,0.448336252189142,0.364153627311522,0.401883830455259
2000,1000,80,0.3,0.05,"a",FALSE,0.5,0,695,"77, 38, 27, 80","rf_class",438,1005,38,19,0.962,0.963566634707574,0.958424507658643,0.9814453125,0.963566634707574,0.972423802612482,"rf_class",138,326,14,4,0.962655601659751,0.958823529411765,0.971830985915493,0.987878787878788,0.958823529411765,0.973134328358209,"rf_class",300,679,24,15,0.961689587426326,0.965860597439545,0.952380952380952,0.978386167146974,0.965860597439545,0.972083035075161
2000,1000,80,0.3,0.05,"a",FALSE,0.5,0,696,"65, 31, 57, 18","IRT",423,1019,39,19,0.961333333333333,0.963137996219282,0.957013574660634,0.981695568400771,0.963137996219282,0.972328244274809,"IRT",144,346,17,3,0.96078431372549,0.953168044077135,0.979591836734694,0.991404011461318,0.953168044077135,0.971910112359551,"IRT",279,673,22,16,0.961616161616162,0.968345323741007,0.945762711864407,0.97677793904209,0.968345323741007,0.972543352601156
2000,1000,80,0.3,0.05,"a",FALSE,0.5,0,696,"65, 31, 57, 18","rf_probs",0,356,702,442,0.237333333333333,0.33648393194707,0,0.446115288220551,0.33648393194707,0.383620689655172,"rf_probs",0,117,246,147,0.229411764705882,0.322314049586777,0,0.443181818181818,0.322314049586777,0.373205741626794,"rf_probs",0,239,456,295,0.241414141414141,0.343884892086331,0,0.447565543071161,0.343884892086331,0.38893409275834
2000,1000,80,0.3,0.05,"a",FALSE,0.5,0,696,"65, 31, 57, 18","rf_class",413,1021,37,29,0.956,0.965028355387524,0.934389140271493,0.972380952380952,0.965028355387524,0.968690702087287,"rf_class",143,345,18,4,0.956862745098039,0.950413223140496,0.972789115646258,0.988538681948424,0.950413223140496,0.969101123595506,"rf_class",270,676,19,25,0.955555555555556,0.972661870503597,0.915254237288136,0.964336661911555,0.972661870503597,0.968481375358166
2000,1000,80,0.3,0.05,"a",FALSE,0.5,0,697,"44, 29, 19, 51","IRT",449,995,46,10,0.962666666666667,0.95581171950048,0.978213507625272,0.990049751243781,0.95581171950048,0.972629521016618,"IRT",165,329,10,3,0.974358974358974,0.970501474926254,0.982142857142857,0.990963855421687,0.970501474926254,0.980625931445604,"IRT",284,666,36,7,0.956696878147029,0.948717948717949,0.975945017182131,0.989598811292719,0.948717948717949,0.968727272727273
2000,1000,80,0.3,0.05,"a",FALSE,0.5,0,697,"44, 29, 19, 51","rf_probs",0,348,693,459,0.232,0.334293948126801,0,0.431226765799257,0.334293948126801,0.376623376623377,"rf_probs",0,104,235,168,0.205128205128205,0.306784660766962,0,0.382352941176471,0.306784660766962,0.340425531914894,"rf_probs",0,244,458,291,0.245720040281974,0.347578347578348,0,0.45607476635514,0.347578347578348,0.394502829426031
2000,1000,80,0.3,0.05,"a",FALSE,0.5,0,697,"44, 29, 19, 51","rf_class",441,1008,33,18,0.966,0.968299711815562,0.96078431372549,0.982456140350877,0.968299711815562,0.975326560232221,"rf_class",164,333,6,4,0.980276134122288,0.982300884955752,0.976190476190476,0.98813056379822,0.982300884955752,0.985207100591716,"rf_class",277,675,27,14,0.958710976837865,0.961538461538462,0.951890034364261,0.979680696661829,0.961538461538462,0.970524802300503
2000,1000,80,0.3,0.05,"a",FALSE,0.5,0,698,"70, 55, 21, 65","IRT",435,1001,58,6,0.957333333333333,0.9452313503305,0.986394557823129,0.994041708043694,0.9452313503305,0.969022265246854,"IRT",153,343,19,0,0.963106796116505,0.947513812154696,1,1,0.947513812154696,0.973049645390071,"IRT",282,658,39,6,0.954314720812183,0.944045911047346,0.979166666666667,0.990963855421687,0.944045911047346,0.966936076414401
2000,1000,80,0.3,0.05,"a",FALSE,0.5,0,698,"70, 55, 21, 65","rf_probs",0,375,684,441,0.25,0.354107648725212,0,0.459558823529412,0.354107648725212,0.4,"rf_probs",0,122,240,153,0.236893203883495,0.337016574585635,0,0.443636363636364,0.337016574585635,0.383045525902669,"rf_probs",0,253,444,288,0.256852791878173,0.362984218077475,0,0.467652495378928,0.362984218077475,0.408723747980614
2000,1000,80,0.3,0.05,"a",FALSE,0.5,0,698,"70, 55, 21, 65","rf_class",432,1010,49,9,0.961333333333333,0.953729933899906,0.979591836734694,0.99116781157998,0.953729933899906,0.9720885466795,"rf_class",151,344,18,2,0.961165048543689,0.950276243093923,0.986928104575163,0.994219653179191,0.950276243093923,0.971751412429379,"rf_class",281,666,31,7,0.961421319796954,0.955523672883788,0.975694444444444,0.989598811292719,0.955523672883788,0.972262773722628
2000,1000,80,0.3,0.05,"a",FALSE,0.5,0,699,"38, 75, 79, 7","IRT",413,1023,53,11,0.957333333333333,0.950743494423792,0.974056603773585,0.98936170212766,0.950743494423792,0.969668246445498,"IRT",123,322,18,2,0.956989247311828,0.947058823529412,0.984,0.993827160493827,0.947058823529412,0.969879518072289,"IRT",290,701,35,9,0.957487922705314,0.952445652173913,0.969899665551839,0.987323943661972,0.952445652173913,0.969571230982019
2000,1000,80,0.3,0.05,"a",FALSE,0.5,0,699,"38, 75, 79, 7","rf_probs",0,402,674,424,0.268,0.37360594795539,0,0.486682808716707,0.37360594795539,0.422712933753943,"rf_probs",0,133,207,125,0.286021505376344,0.391176470588235,0,0.515503875968992,0.391176470588235,0.444816053511706,"rf_probs",0,269,467,299,0.259903381642512,0.365489130434783,0,0.473591549295775,0.365489130434783,0.412576687116564
2000,1000,80,0.3,0.05,"a",FALSE,0.5,0,699,"38, 75, 79, 7","rf_class",401,1027,49,23,0.952,0.954460966542751,0.945754716981132,0.978095238095238,0.954460966542751,0.966133584195673,"rf_class",119,322,18,6,0.948387096774194,0.947058823529412,0.952,0.981707317073171,0.947058823529412,0.964071856287425,"rf_class",282,705,31,17,0.953623188405797,0.957880434782609,0.94314381270903,0.976454293628809,0.957880434782609,0.967078189300411
2000,1000,80,0.3,0.05,"a",FALSE,0.5,0,700,"47, 11, 38, 32","IRT",433,1003,53,11,0.957333333333333,0.949810606060606,0.975225225225225,0.989151873767258,0.949810606060606,0.969082125603865,"IRT",153,333,12,4,0.968127490039841,0.965217391304348,0.974522292993631,0.98813056379822,0.965217391304348,0.976539589442815,"IRT",280,670,41,7,0.95190380761523,0.942334739803094,0.975609756097561,0.989660265878877,0.942334739803094,0.965417867435158
2000,1000,80,0.3,0.05,"a",FALSE,0.5,0,700,"47, 11, 38, 32","rf_probs",0,367,689,444,0.244666666666667,0.347537878787879,0,0.45252774352651,0.347537878787879,0.393144081414033,"rf_probs",0,117,228,157,0.233067729083665,0.339130434782609,0,0.427007299270073,0.339130434782609,0.378029079159935,"rf_probs",0,250,461,287,0.250501002004008,0.351617440225035,0,0.465549348230912,0.351617440225035,0.400641025641026
2000,1000,80,0.3,0.05,"a",FALSE,0.5,0,700,"47, 11, 38, 32","rf_class",419,1012,44,25,0.954,0.958333333333333,0.943693693693694,0.975891996142719,0.958333333333333,0.967032967032967,"rf_class",151,335,10,6,0.968127490039841,0.971014492753623,0.961783439490446,0.982404692082111,0.971014492753623,0.97667638483965,"rf_class",268,677,34,19,0.94689378757515,0.952180028129395,0.933797909407665,0.972701149425287,0.952180028129395,0.962331201137171
2000,1000,80,0.3,0.05,"a",FALSE,0.5,0,701,"76, 25, 40, 71","IRT",419,1027,39,15,0.964,0.963414634146341,0.965437788018433,0.985604606525912,0.963414634146341,0.97438330170778,"IRT",166,308,10,1,0.977319587628866,0.968553459119497,0.994011976047904,0.996763754045307,0.968553459119497,0.982456140350877,"IRT",253,719,29,14,0.957635467980296,0.961229946524064,0.947565543071161,0.980900409276944,0.961229946524064,0.970965563808238
2000,1000,80,0.3,0.05,"a",FALSE,0.5,0,701,"76, 25, 40, 71","rf_probs",0,387,679,434,0.258,0.363039399624766,0,0.471376370280146,0.363039399624766,0.410174880763116,"rf_probs",0,118,200,167,0.243298969072165,0.371069182389937,0,0.414035087719298,0.371069182389937,0.391376451077944,"rf_probs",0,269,479,267,0.265024630541872,0.359625668449198,0,0.501865671641791,0.359625668449198,0.419003115264797
2000,1000,80,0.3,0.05,"a",FALSE,0.5,0,701,"76, 25, 40, 71","rf_class",418,1020,46,16,0.958666666666667,0.956848030018762,0.963133640552995,0.984555984555985,0.956848030018762,0.970504281636537,"rf_class",164,304,14,3,0.964948453608247,0.955974842767296,0.982035928143713,0.990228013029316,0.955974842767296,0.9728,"rf_class",254,716,32,13,0.955665024630542,0.957219251336898,0.951310861423221,0.982167352537723,0.957219251336898,0.969532836831415
2000,1000,80,0.3,0.05,"a",FALSE,0.5,0,702,"18, 21, 63, 58","IRT",432,1018,40,10,0.966666666666667,0.962192816635161,0.97737556561086,0.990272373540856,0.962192816635161,0.976030680728667,"IRT",135,337,11,5,0.967213114754098,0.968390804597701,0.964285714285714,0.985380116959064,0.968390804597701,0.976811594202899,"IRT",297,681,29,5,0.966403162055336,0.959154929577465,0.983443708609272,0.992711370262391,0.959154929577465,0.975644699140401
2000,1000,80,0.3,0.05,"a",FALSE,0.5,0,702,"18, 21, 63, 58","rf_probs",0,350,708,442,0.233333333333333,0.330812854442344,0,0.441919191919192,0.330812854442344,0.378378378378378,"rf_probs",0,110,238,140,0.225409836065574,0.316091954022989,0,0.44,0.316091954022989,0.367892976588629,"rf_probs",0,240,470,302,0.237154150197628,0.338028169014085,0,0.44280442804428,0.338028169014085,0.383386581469649
2000,1000,80,0.3,0.05,"a",FALSE,0.5,0,702,"18, 21, 63, 58","rf_class",417,1028,30,25,0.963333333333333,0.97164461247637,0.943438914027149,0.976258309591643,0.97164461247637,0.973945997157745,"rf_class",129,340,8,11,0.961065573770492,0.977011494252874,0.921428571428571,0.968660968660969,0.977011494252874,0.972818311874106,"rf_class",288,688,22,14,0.964426877470356,0.969014084507042,0.95364238410596,0.98005698005698,0.969014084507042,0.974504249291785
2000,1000,80,0.3,0.05,"a",FALSE,0.5,0,703,"30, 33, 24, 77","IRT",444,1011,25,20,0.97,0.975868725868726,0.956896551724138,0.980601357904947,0.975868725868726,0.978229317851959,"IRT",152,349,15,6,0.959770114942529,0.958791208791209,0.962025316455696,0.983098591549296,0.958791208791209,0.970792767732962,"IRT",292,662,10,14,0.975460122699387,0.985119047619048,0.954248366013072,0.979289940828402,0.985119047619048,0.982195845697329
2000,1000,80,0.3,0.05,"a",FALSE,0.5,0,703,"30, 33, 24, 77","rf_probs",0,357,679,464,0.238,0.344594594594595,0,0.43483556638246,0.344594594594595,0.384491114701131,"rf_probs",0,137,227,158,0.262452107279693,0.376373626373626,0,0.464406779661017,0.376373626373626,0.415781487101669,"rf_probs",0,220,452,306,0.224948875255624,0.327380952380952,0,0.418250950570342,0.327380952380952,0.367278797996661
2000,1000,80,0.3,0.05,"a",FALSE,0.5,0,703,"30, 33, 24, 77","rf_class",430,1005,31,34,0.956666666666667,0.97007722007722,0.926724137931034,0.967276227141482,0.97007722007722,0.968674698795181,"rf_class",152,350,14,6,0.961685823754789,0.961538461538462,0.962025316455696,0.98314606741573,0.961538461538462,0.972222222222222,"rf_class",278,655,17,28,0.95398773006135,0.974702380952381,0.908496732026144,0.95900439238653,0.974702380952381,0.966789667896679
2000,1000,80,0.3,0.05,"a",FALSE,0.5,0,704,"6, 11, 71, 62","IRT",439,1008,32,21,0.964666666666667,0.969230769230769,0.954347826086957,0.979591836734694,0.969230769230769,0.974383760270662,"IRT",142,336,7,6,0.973523421588595,0.979591836734694,0.959459459459459,0.982456140350877,0.979591836734694,0.981021897810219,"IRT",297,672,25,15,0.960356788899901,0.964131994261119,0.951923076923077,0.978165938864629,0.964131994261119,0.971098265895954
2000,1000,80,0.3,0.05,"a",FALSE,0.5,0,704,"6, 11, 71, 62","rf_probs",0,332,708,460,0.221333333333333,0.319230769230769,0,0.419191919191919,0.319230769230769,0.362445414847162,"rf_probs",0,108,235,148,0.219959266802444,0.314868804664723,0,0.421875,0.314868804664723,0.360601001669449,"rf_probs",0,224,473,312,0.222001982160555,0.321377331420373,0,0.417910447761194,0.321377331420373,0.363341443633414
2000,1000,80,0.3,0.05,"a",FALSE,0.5,0,704,"6, 11, 71, 62","rf_class",424,1005,35,36,0.952666666666667,0.966346153846154,0.921739130434783,0.965417867435158,0.966346153846154,0.965881787602114,"rf_class",135,333,10,13,0.953156822810591,0.970845481049563,0.912162162162162,0.96242774566474,0.970845481049563,0.966618287373004,"rf_class",289,672,25,23,0.952428146679881,0.964131994261119,0.926282051282051,0.966906474820144,0.964131994261119,0.96551724137931
2000,1000,80,0.3,0.05,"a",FALSE,0.5,0,705,"28, 19, 52, 38","IRT",447,993,45,15,0.96,0.956647398843931,0.967532467532468,0.985119047619048,0.956647398843931,0.970674486803519,"IRT",154,328,14,5,0.962075848303393,0.95906432748538,0.968553459119497,0.984984984984985,0.95906432748538,0.971851851851852,"IRT",293,665,31,10,0.958958958958959,0.955459770114943,0.966996699669967,0.985185185185185,0.955459770114943,0.970094821298322
2000,1000,80,0.3,0.05,"a",FALSE,0.5,0,705,"28, 19, 52, 38","rf_probs",0,352,686,462,0.234666666666667,0.339113680154143,0,0.432432432432432,0.339113680154143,0.380129589632829,"rf_probs",0,115,227,159,0.229540918163673,0.33625730994152,0,0.41970802919708,0.33625730994152,0.373376623376623,"rf_probs",0,237,459,303,0.237237237237237,0.34051724137931,0,0.438888888888889,0.34051724137931,0.383495145631068
2000,1000,80,0.3,0.05,"a",FALSE,0.5,0,705,"28, 19, 52, 38","rf_class",420,1013,25,42,0.955333333333333,0.975915221579961,0.909090909090909,0.960189573459716,0.975915221579961,0.967988533205925,"rf_class",146,336,6,13,0.962075848303393,0.982456140350877,0.918238993710692,0.962750716332378,0.982456140350877,0.972503617945007,"rf_class",274,677,19,29,0.951951951951952,0.972701149425287,0.904290429042904,0.958923512747875,0.972701149425287,0.965763195435093
2000,1000,80,0.3,0.05,"a",FALSE,0.5,0,706,"8, 26, 17, 59","IRT",452,968,75,5,0.946666666666667,0.928092042186002,0.989059080962801,0.99486125385406,0.928092042186002,0.96031746031746,"IRT",145,324,24,0,0.95131845841785,0.931034482758621,1,1,0.931034482758621,0.964285714285714,"IRT",307,644,51,5,0.944389275074479,0.926618705035971,0.983974358974359,0.992295839753467,0.926618705035971,0.958333333333333
2000,1000,80,0.3,0.05,"a",FALSE,0.5,0,706,"8, 26, 17, 59","rf_probs",392,0,1043,65,0.261333333333333,0,0.857768052516411,0,0,NA,"rf_probs",128,0,348,17,0.259634888438134,0,0.882758620689655,0,0,NA,"rf_probs",264,0,695,48,0.262164846077458,0,0.846153846153846,0,0,NA
2000,1000,80,0.3,0.05,"a",FALSE,0.5,0,706,"8, 26, 17, 59","rf_class",440,999,44,17,0.959333333333333,0.957813998082454,0.962800875273523,0.983267716535433,0.957813998082454,0.970373967945605,"rf_class",140,330,18,5,0.953346855983773,0.948275862068966,0.96551724137931,0.985074626865672,0.948275862068966,0.966325036603221,"rf_class",300,669,26,12,0.962264150943396,0.962589928057554,0.961538461538462,0.982378854625551,0.962589928057554,0.972383720930233
2000,1000,80,0.3,0.05,"a",FALSE,0.5,0,707,"41, 14, 33, 1","IRT",435,996,61,8,0.954,0.942289498580889,0.981941309255079,0.99203187250996,0.942289498580889,0.966521106259097,"IRT",134,340,22,1,0.953722334004024,0.939226519337017,0.992592592592593,0.997067448680352,0.939226519337017,0.96728307254623,"IRT",301,656,39,7,0.954137587238285,0.943884892086331,0.977272727272727,0.989441930618401,0.943884892086331,0.966126656848306
2000,1000,80,0.3,0.05,"a",FALSE,0.5,0,707,"41, 14, 33, 1","rf_probs",0,378,679,443,0.252,0.357615894039735,0,0.46041412911084,0.357615894039735,0.402555910543131,"rf_probs",0,126,236,135,0.253521126760563,0.348066298342541,0,0.482758620689655,0.348066298342541,0.404494382022472,"rf_probs",0,252,443,308,0.251246261216351,0.362589928057554,0,0.45,0.362589928057554,0.401593625498008
2000,1000,80,0.3,0.05,"a",FALSE,0.5,0,707,"41, 14, 33, 1","rf_class",423,1015,42,20,0.958666666666667,0.960264900662252,0.954853273137698,0.980676328502415,0.960264900662252,0.970363288718929,"rf_class",132,344,18,3,0.957746478873239,0.950276243093923,0.977777777777778,0.99135446685879,0.950276243093923,0.970380818053597,"rf_class",291,671,24,17,0.959122632103689,0.965467625899281,0.944805194805195,0.975290697674419,0.965467625899281,0.970354302241504
2000,1000,80,0.3,0.05,"a",FALSE,0.5,0,708,"33, 59, 43, 68","IRT",441,1007,38,14,0.965333333333333,0.963636363636364,0.969230769230769,0.986287952987267,0.963636363636364,0.974830590513069,"IRT",148,343,8,5,0.974206349206349,0.977207977207977,0.967320261437909,0.985632183908046,0.977207977207977,0.98140200286123,"IRT",293,664,30,9,0.960843373493976,0.956772334293948,0.970198675496689,0.986627043090639,0.956772334293948,0.971470373079737
2000,1000,80,0.3,0.05,"a",FALSE,0.5,0,708,"33, 59, 43, 68","rf_probs",0,348,697,455,0.232,0.333014354066986,0,0.433374844333748,0.333014354066986,0.376623376623377,"rf_probs",0,114,237,153,0.226190476190476,0.324786324786325,0,0.426966292134831,0.324786324786325,0.368932038834951,"rf_probs",0,234,460,302,0.234939759036145,0.337175792507205,0,0.436567164179104,0.337175792507205,0.380487804878049
2000,1000,80,0.3,0.05,"a",FALSE,0.5,0,708,"33, 59, 43, 68","rf_class",432,1001,44,23,0.955333333333333,0.957894736842105,0.949450549450549,0.9775390625,0.957894736842105,0.967617206379894,"rf_class",145,342,9,8,0.966269841269841,0.974358974358974,0.947712418300654,0.977142857142857,0.974358974358974,0.975748930099857,"rf_class",287,659,35,15,0.949799196787149,0.949567723342939,0.950331125827815,0.977744807121662,0.949567723342939,0.963450292397661
2000,1000,80,0.3,0.05,"a",FALSE,0.5,0,709,"56, 69, 46, 8","IRT",446,985,62,7,0.954,0.940783190066858,0.984547461368653,0.992943548387097,0.940783190066858,0.966159882295243,"IRT",167,345,18,0,0.966037735849057,0.950413223140496,1,1,0.950413223140496,0.974576271186441,"IRT",279,640,44,7,0.947422680412371,0.935672514619883,0.975524475524476,0.989180834621329,0.935672514619883,0.96168294515402
2000,1000,80,0.3,0.05,"a",FALSE,0.5,0,709,"56, 69, 46, 8","rf_probs",0,361,686,453,0.240666666666667,0.344794651384909,0,0.443488943488943,0.344794651384909,0.387963460505105,"rf_probs",0,132,231,167,0.249056603773585,0.363636363636364,0,0.441471571906354,0.363636363636364,0.398791540785498,"rf_probs",0,229,455,286,0.236082474226804,0.334795321637427,0,0.444660194174757,0.334795321637427,0.381984987489575
2000,1000,80,0.3,0.05,"a",FALSE,0.5,0,709,"56, 69, 46, 8","rf_class",434,1011,36,19,0.963333333333333,0.965616045845272,0.958057395143488,0.981553398058252,0.965616045845272,0.973519499277804,"rf_class",163,355,8,4,0.977358490566038,0.977961432506887,0.976047904191617,0.988857938718663,0.977961432506887,0.983379501385041,"rf_class",271,656,28,15,0.955670103092784,0.95906432748538,0.947552447552448,0.977645305514158,0.95906432748538,0.968265682656826
2000,1000,80,0.3,0.05,"a",FALSE,0.5,0,710,"61, 71, 44, 21","IRT",456,992,31,21,0.965333333333333,0.96969696969697,0.955974842767296,0.979269496544916,0.96969696969697,0.974459724950884,"IRT",166,329,10,10,0.961165048543689,0.970501474926254,0.943181818181818,0.970501474926254,0.970501474926254,0.970501474926254,"IRT",290,663,21,11,0.96751269035533,0.969298245614035,0.963455149501661,0.983679525222552,0.969298245614035,0.976435935198822
2000,1000,80,0.3,0.05,"a",FALSE,0.5,0,710,"61, 71, 44, 21","rf_probs",0,325,698,477,0.216666666666667,0.317693059628543,0,0.405236907730673,0.317693059628543,0.356164383561644,"rf_probs",0,105,234,176,0.203883495145631,0.309734513274336,0,0.373665480427046,0.309734513274336,0.338709677419355,"rf_probs",0,220,464,301,0.223350253807107,0.321637426900585,0,0.422264875239923,0.321637426900585,0.365145228215768
2000,1000,80,0.3,0.05,"a",FALSE,0.5,0,710,"61, 71, 44, 21","rf_class",447,994,29,30,0.960666666666667,0.971652003910068,0.937106918238994,0.970703125,0.971652003910068,0.971177332681974,"rf_class",164,331,8,12,0.961165048543689,0.976401179941003,0.931818181818182,0.965014577259475,0.976401179941003,0.970674486803519,"rf_class",283,663,21,18,0.960406091370558,0.969298245614035,0.940199335548173,0.973568281938326,0.969298245614035,0.971428571428571
2000,1000,80,0.3,0.05,"a",FALSE,0.5,0,711,"2, 18, 43, 53","IRT",474,948,73,5,0.948,0.928501469147894,0.989561586638831,0.994753410283316,0.928501469147894,0.96048632218845,"IRT",148,328,22,0,0.955823293172691,0.937142857142857,1,1,0.937142857142857,0.967551622418879,"IRT",326,620,51,5,0.944111776447106,0.923994038748137,0.984894259818731,0.992,0.923994038748137,0.95679012345679
2000,1000,80,0.3,0.05,"a",FALSE,0.5,0,711,"2, 18, 43, 53","rf_probs",0,364,657,479,0.242666666666667,0.356513222331048,0,0.431791221826809,0.356513222331048,0.390557939914163,"rf_probs",0,122,228,148,0.244979919678715,0.348571428571429,0,0.451851851851852,0.348571428571429,0.393548387096774,"rf_probs",0,242,429,331,0.241516966067864,0.360655737704918,0,0.422338568935428,0.360655737704918,0.389067524115756
2000,1000,80,0.3,0.05,"a",FALSE,0.5,0,711,"2, 18, 43, 53","rf_class",458,990,31,21,0.965333333333333,0.969637610186092,0.95615866388309,0.979228486646884,0.969637610186092,0.974409448818898,"rf_class",142,339,11,6,0.965863453815261,0.968571428571429,0.959459459459459,0.982608695652174,0.968571428571429,0.975539568345324,"rf_class",316,651,20,15,0.965069860279441,0.970193740685544,0.954682779456193,0.977477477477477,0.970193740685544,0.973821989528796
2000,1000,80,0.3,0.05,"a",FALSE,0.5,0,712,"16, 1, 35, 75","IRT",447,993,57,3,0.96,0.945714285714286,0.993333333333333,0.996987951807229,0.945714285714286,0.970674486803519,"IRT",160,318,21,1,0.956,0.938053097345133,0.993788819875776,0.996865203761755,0.938053097345133,0.966565349544073,"IRT",287,675,36,2,0.962,0.949367088607595,0.993079584775087,0.997045790251108,0.949367088607595,0.972622478386167
2000,1000,80,0.3,0.05,"a",FALSE,0.5,0,712,"16, 1, 35, 75","rf_probs",0,366,684,450,0.244,0.348571428571429,0,0.448529411764706,0.348571428571429,0.392282958199357,"rf_probs",0,114,225,161,0.228,0.336283185840708,0,0.414545454545455,0.336283185840708,0.371335504885993,"rf_probs",0,252,459,289,0.252,0.354430379746835,0,0.465804066543438,0.354430379746835,0.402555910543131
2000,1000,80,0.3,0.05,"a",FALSE,0.5,0,712,"16, 1, 35, 75","rf_class",430,1007,43,20,0.958,0.959047619047619,0.955555555555556,0.980525803310613,0.959047619047619,0.969667790081849,"rf_class",155,323,16,6,0.956,0.952802359882006,0.962732919254658,0.981762917933131,0.952802359882006,0.967065868263473,"rf_class",275,684,27,14,0.959,0.962025316455696,0.951557093425606,0.979942693409742,0.962025316455696,0.970901348474095
2000,1000,80,0.3,0.05,"a",FALSE,0.5,0,713,"75, 26, 17, 23","IRT",418,1026,30,26,0.962666666666667,0.971590909090909,0.941441441441441,0.975285171102662,0.971590909090909,0.973434535104364,"IRT",147,358,10,7,0.967432950191571,0.972826086956522,0.954545454545455,0.980821917808219,0.972826086956522,0.976807639836289,"IRT",271,668,20,19,0.960122699386503,0.970930232558139,0.93448275862069,0.972343522561863,0.970930232558139,0.971636363636364
2000,1000,80,0.3,0.05,"a",FALSE,0.5,0,713,"75, 26, 17, 23","rf_probs",0,374,682,444,0.249333333333333,0.354166666666667,0,0.45721271393643,0.354166666666667,0.3991462113127,"rf_probs",0,130,238,154,0.24904214559387,0.353260869565217,0,0.457746478873239,0.353260869565217,0.398773006134969,"rf_probs",0,244,444,290,0.249488752556237,0.354651162790698,0,0.456928838951311,0.354651162790698,0.399345335515548
2000,1000,80,0.3,0.05,"a",FALSE,0.5,0,713,"75, 26, 17, 23","rf_class",416,1014,42,28,0.953333333333333,0.960227272727273,0.936936936936937,0.973128598848369,0.960227272727273,0.966634890371783,"rf_class",145,353,15,9,0.954022988505747,0.959239130434783,0.941558441558442,0.975138121546961,0.959239130434783,0.967123287671233,"rf_class",271,661,27,19,0.952965235173824,0.960755813953488,0.93448275862069,0.972058823529412,0.960755813953488,0.966374269005848
2000,1000,80,0.3,0.05,"a",FALSE,0.5,0,714,"42, 62, 50, 53","IRT",448,1012,27,13,0.973333333333333,0.974013474494706,0.971800433839479,0.987317073170732,0.974013474494706,0.98062015503876,"IRT",155,331,9,4,0.973947895791583,0.973529411764706,0.974842767295597,0.988059701492537,0.973529411764706,0.980740740740741,"IRT",293,681,18,9,0.973026973026973,0.974248927038627,0.970198675496689,0.98695652173913,0.974248927038627,0.980561555075594
2000,1000,80,0.3,0.05,"a",FALSE,0.5,0,714,"42, 62, 50, 53","rf_probs",0,414,625,461,0.276,0.398460057747834,0,0.473142857142857,0.398460057747834,0.432601880877743,"rf_probs",0,140,200,159,0.280561122244489,0.411764705882353,0,0.468227424749164,0.411764705882353,0.438184663536776,"rf_probs",0,274,425,302,0.273726273726274,0.391988555078684,0,0.475694444444444,0.391988555078684,0.429803921568627
2000,1000,80,0.3,0.05,"a",FALSE,0.5,0,714,"42, 62, 50, 53","rf_class",442,1001,38,19,0.962,0.963426371511068,0.958785249457701,0.981372549019608,0.963426371511068,0.972316658572122,"rf_class",154,329,11,5,0.967935871743487,0.967647058823529,0.968553459119497,0.985029940119761,0.967647058823529,0.976261127596439,"rf_class",288,672,27,14,0.959040959040959,0.96137339055794,0.95364238410596,0.979591836734694,0.96137339055794,0.970397111913357
2000,1000,80,0.3,0.05,"a",FALSE,0.5,0,715,"17, 33, 49, 79","IRT",468,961,67,4,0.952666666666667,0.934824902723735,0.991525423728814,0.995854922279793,0.934824902723735,0.964375313597592,"IRT",156,334,17,0,0.96646942800789,0.951566951566952,1,1,0.951566951566952,0.975182481751825,"IRT",312,627,50,4,0.945619335347432,0.926144756277696,0.987341772151899,0.993660855784469,0.926144756277696,0.958715596330275
2000,1000,80,0.3,0.05,"a",FALSE,0.5,0,715,"17, 33, 49, 79","rf_probs",0,318,710,472,0.212,0.309338521400778,0,0.40253164556962,0.309338521400778,0.34983498349835,"rf_probs",0,108,243,156,0.21301775147929,0.307692307692308,0,0.409090909090909,0.307692307692308,0.351219512195122,"rf_probs",0,210,467,316,0.211480362537764,0.310192023633678,0,0.399239543726236,0.310192023633678,0.349127182044888
2000,1000,80,0.3,0.05,"a",FALSE,0.5,0,715,"17, 33, 49, 79","rf_class",440,991,37,32,0.954,0.964007782101167,0.932203389830508,0.96871945259042,0.964007782101167,0.966357874207704,"rf_class",145,341,10,11,0.958579881656805,0.971509971509972,0.92948717948718,0.96875,0.971509971509972,0.970128022759602,"rf_class",295,650,27,21,0.95166163141994,0.960118168389956,0.933544303797468,0.968703427719821,0.960118168389956,0.964391691394659
2000,1000,80,0.3,0.05,"a",FALSE,0.5,0,716,"79, 8, 67, 31","IRT",436,1015,42,7,0.967333333333333,0.960264900662252,0.984198645598194,0.993150684931507,0.960264900662252,0.976430976430976,"IRT",155,342,11,4,0.970703125,0.968838526912181,0.974842767295597,0.988439306358382,0.968838526912181,0.978540772532189,"IRT",281,673,31,3,0.965587044534413,0.955965909090909,0.98943661971831,0.995562130177515,0.955965909090909,0.97536231884058
2000,1000,80,0.3,0.05,"a",FALSE,0.5,0,716,"79, 8, 67, 31","rf_probs",0,356,701,443,0.237333333333333,0.336802270577105,0,0.445556946182728,0.336802270577105,0.383620689655172,"rf_probs",0,116,237,159,0.2265625,0.328611898016997,0,0.421818181818182,0.328611898016997,0.369426751592357,"rf_probs",0,240,464,284,0.242914979757085,0.340909090909091,0,0.458015267175573,0.340909090909091,0.390879478827362
2000,1000,80,0.3,0.05,"a",FALSE,0.5,0,716,"79, 8, 67, 31","rf_class",420,1027,30,23,0.964666666666667,0.971617786187323,0.948081264108352,0.978095238095238,0.971617786187323,0.97484575225439,"rf_class",152,344,9,7,0.96875,0.974504249291785,0.955974842767296,0.98005698005698,0.974504249291785,0.977272727272727,"rf_class",268,683,21,16,0.962550607287449,0.970170454545455,0.943661971830986,0.977110157367668,0.970170454545455,0.973627940128297
2000,1000,80,0.3,0.05,"a",FALSE,0.5,0,717,"44, 43, 46, 73","IRT",425,1014,43,18,0.959333333333333,0.959318826868496,0.959367945823928,0.982558139534884,0.959318826868496,0.97079942556247,"IRT",143,338,11,5,0.967806841046278,0.968481375358166,0.966216216216216,0.985422740524781,0.968481375358166,0.976878612716763,"IRT",282,676,32,13,0.955134596211366,0.954802259887006,0.955932203389831,0.981132075471698,0.954802259887006,0.967788117394417
2000,1000,80,0.3,0.05,"a",FALSE,0.5,0,717,"44, 43, 46, 73","rf_probs",0,382,675,443,0.254666666666667,0.361400189214759,0,0.463030303030303,0.361400189214759,0.405951115834219,"rf_probs",0,116,233,148,0.233400402414487,0.332378223495702,0,0.439393939393939,0.332378223495702,0.378466557911909,"rf_probs",0,266,442,295,0.265204386839482,0.375706214689266,0,0.474153297682709,0.375706214689266,0.419227738376675
2000,1000,80,0.3,0.05,"a",FALSE,0.5,0,717,"44, 43, 46, 73","rf_class",413,1018,39,30,0.954,0.963103122043519,0.932279909706546,0.971374045801527,0.963103122043519,0.967220902612827,"rf_class",139,336,13,9,0.955734406438632,0.962750716332378,0.939189189189189,0.973913043478261,0.962750716332378,0.968299711815562,"rf_class",274,682,26,21,0.953140578265204,0.963276836158192,0.928813559322034,0.970128022759602,0.963276836158192,0.966690290574061
2000,1000,80,0.3,0.05,"a",FALSE,0.5,0,718,"38, 26, 51, 3","IRT",413,1043,30,14,0.970666666666667,0.972041006523765,0.967213114754098,0.986754966887417,0.972041006523765,0.979342723004695,"IRT",136,354,13,6,0.962671905697446,0.964577656675749,0.957746478873239,0.983333333333333,0.964577656675749,0.973865199449794,"IRT",277,689,17,8,0.974772956609485,0.975920679886686,0.971929824561404,0.988522238163558,0.975920679886686,0.982181040627227
2000,1000,80,0.3,0.05,"a",FALSE,0.5,0,718,"38, 26, 51, 3","rf_probs",0,365,708,427,0.243333333333333,0.340167753960857,0,0.460858585858586,0.340167753960857,0.39142091152815,"rf_probs",0,125,242,142,0.245579567779961,0.340599455040872,0,0.468164794007491,0.340599455040872,0.394321766561514,"rf_probs",0,240,466,285,0.24217961654894,0.339943342776204,0,0.457142857142857,0.339943342776204,0.389926888708367
2000,1000,80,0.3,0.05,"a",FALSE,0.5,0,718,"38, 26, 51, 3","rf_class",419,1029,44,8,0.965333333333333,0.958993476234856,0.981264637002342,0.99228543876567,0.958993476234856,0.975355450236967,"rf_class",140,346,21,2,0.954813359528487,0.942779291553134,0.985915492957746,0.994252873563218,0.942779291553134,0.967832167832168,"rf_class",279,683,23,6,0.970736629667003,0.96742209631728,0.978947368421053,0.991291727140784,0.96742209631728,0.97921146953405
2000,1000,80,0.3,0.05,"a",FALSE,0.5,0,719,"13, 15, 34, 73","IRT",421,1021,43,15,0.961333333333333,0.959586466165414,0.965596330275229,0.985521235521235,0.959586466165414,0.972380952380952,"IRT",144,327,13,6,0.961224489795918,0.961764705882353,0.96,0.981981981981982,0.961764705882353,0.971768202080238,"IRT",277,694,30,9,0.961386138613861,0.958563535911602,0.968531468531469,0.987197724039829,0.958563535911602,0.972669936930624
2000,1000,80,0.3,0.05,"a",FALSE,0.5,0,719,"13, 15, 34, 73","rf_probs",0,388,676,436,0.258666666666667,0.364661654135338,0,0.470873786407767,0.364661654135338,0.411016949152542,"rf_probs",0,124,216,150,0.253061224489796,0.364705882352941,0,0.452554744525547,0.364705882352941,0.403908794788274,"rf_probs",0,264,460,286,0.261386138613861,0.364640883977901,0,0.48,0.364640883977901,0.414442700156986
2000,1000,80,0.3,0.05,"a",FALSE,0.5,0,719,"13, 15, 34, 73","rf_class",411,1013,51,25,0.949333333333333,0.952067669172932,0.942660550458716,0.975915221579961,0.952067669172932,0.963843958135109,"rf_class",142,321,19,8,0.944897959183673,0.944117647058824,0.946666666666667,0.975683890577508,0.944117647058824,0.959641255605381,"rf_class",269,692,32,17,0.951485148514851,0.955801104972376,0.940559440559441,0.976022566995769,0.955801104972376,0.965806001395674
2000,1000,80,0.3,0.05,"a",FALSE,0.5,0,720,"79, 38, 60, 15","IRT",460,999,37,4,0.972666666666667,0.964285714285714,0.991379310344828,0.996011964107677,0.964285714285714,0.979892103972536,"IRT",164,325,19,0,0.96259842519685,0.944767441860465,1,1,0.944767441860465,0.971599402092676,"IRT",296,674,18,4,0.977822580645161,0.973988439306358,0.986666666666667,0.994100294985251,0.973988439306358,0.983941605839416
2000,1000,80,0.3,0.05,"a",FALSE,0.5,0,720,"79, 38, 60, 15","rf_probs",0,331,705,464,0.220666666666667,0.31949806949807,0,0.416352201257862,0.31949806949807,0.361551064991808,"rf_probs",0,117,227,164,0.230314960629921,0.340116279069767,0,0.416370106761566,0.340116279069767,0.3744,"rf_probs",0,214,478,300,0.215725806451613,0.309248554913295,0,0.416342412451362,0.309248554913295,0.354892205638474
2000,1000,80,0.3,0.05,"a",FALSE,0.5,0,720,"79, 38, 60, 15","rf_class",438,1009,27,26,0.964666666666667,0.973938223938224,0.943965517241379,0.97487922705314,0.973938223938224,0.974408498309995,"rf_class",158,329,15,6,0.958661417322835,0.956395348837209,0.963414634146341,0.982089552238806,0.956395348837209,0.969072164948454,"rf_class",280,680,12,20,0.967741935483871,0.982658959537572,0.933333333333333,0.971428571428571,0.982658959537572,0.977011494252873
2000,1000,80,0.3,0.05,"a",FALSE,0.5,0,721,"57, 77, 23, 39","IRT",442,1012,38,8,0.969333333333333,0.963809523809524,0.982222222222222,0.992156862745098,0.963809523809524,0.977777777777778,"IRT",147,336,10,2,0.975757575757576,0.971098265895954,0.986577181208054,0.994082840236686,0.971098265895954,0.982456140350877,"IRT",295,676,28,6,0.966169154228856,0.960227272727273,0.980066445182724,0.991202346041056,0.960227272727273,0.975468975468975
2000,1000,80,0.3,0.05,"a",FALSE,0.5,0,721,"57, 77, 23, 39","rf_probs",0,365,685,450,0.243333333333333,0.347619047619048,0,0.447852760736196,0.347619047619048,0.39142091152815,"rf_probs",0,111,235,149,0.224242424242424,0.320809248554913,0,0.426923076923077,0.320809248554913,0.366336633663366,"rf_probs",0,254,450,301,0.25273631840796,0.360795454545455,0,0.457657657657658,0.360795454545455,0.403494837172359
2000,1000,80,0.3,0.05,"a",FALSE,0.5,0,721,"57, 77, 23, 39","rf_class",430,1016,34,20,0.964,0.967619047619048,0.955555555555556,0.980694980694981,0.967619047619048,0.974113135186961,"rf_class",143,336,10,6,0.967676767676768,0.971098265895954,0.959731543624161,0.982456140350877,0.971098265895954,0.976744186046512,"rf_class",287,680,24,14,0.962189054726368,0.965909090909091,0.953488372093023,0.979827089337176,0.965909090909091,0.972818311874106
2000,1000,80,0.3,0.05,"a",FALSE,0.5,0,722,"27, 67, 7, 9","IRT",434,1005,46,15,0.959333333333333,0.956232159847764,0.966592427616927,0.985294117647059,0.956232159847764,0.970545630130372,"IRT",138,343,15,3,0.963927855711423,0.958100558659218,0.978723404255319,0.991329479768786,0.958100558659218,0.974431818181818,"IRT",296,662,31,12,0.957042957042957,0.955266955266955,0.961038961038961,0.982195845697329,0.955266955266955,0.968544257498171
2000,1000,80,0.3,0.05,"a",FALSE,0.5,0,722,"27, 67, 7, 9","rf_probs",0,368,683,449,0.245333333333333,0.350142721217888,0,0.450428396572827,0.350142721217888,0.394004282655246,"rf_probs",0,126,232,141,0.25250501002004,0.35195530726257,0,0.471910112359551,0.35195530726257,0.4032,"rf_probs",0,242,451,308,0.241758241758242,0.349206349206349,0,0.44,0.349206349206349,0.389380530973451
2000,1000,80,0.3,0.05,"a",FALSE,0.5,0,722,"27, 67, 7, 9","rf_class",419,1007,44,30,0.950666666666667,0.9581351094196,0.933184855233853,0.971070395371263,0.9581351094196,0.96455938697318,"rf_class",129,343,15,12,0.945891783567134,0.958100558659218,0.914893617021277,0.966197183098592,0.958100558659218,0.962131837307153,"rf_class",290,664,29,18,0.953046953046953,0.958152958152958,0.941558441558442,0.973607038123167,0.958152958152958,0.965818181818182
2000,1000,80,0.3,0.05,"a",FALSE,0.5,0,723,"65, 40, 71, 72","IRT",424,1013,55,8,0.958,0.948501872659176,0.981481481481482,0.992164544564153,0.948501872659176,0.969842029679272,"IRT",159,329,16,3,0.962524654832347,0.953623188405797,0.981481481481482,0.990963855421687,0.953623188405797,0.971935007385524,"IRT",265,684,39,5,0.955689828801611,0.946058091286307,0.981481481481482,0.992743105950653,0.946058091286307,0.968838526912181
2000,1000,80,0.3,0.05,"a",FALSE,0.5,0,723,"65, 40, 71, 72","rf_probs",0,399,669,432,0.266,0.373595505617978,0,0.48014440433213,0.373595505617978,0.420221169036335,"rf_probs",0,127,218,162,0.250493096646943,0.368115942028986,0,0.439446366782007,0.368115942028986,0.400630914826498,"rf_probs",0,272,451,270,0.273917421953676,0.376210235131397,0,0.501845018450184,0.376210235131397,0.4300395256917
2000,1000,80,0.3,0.05,"a",FALSE,0.5,0,723,"65, 40, 71, 72","rf_class",420,1023,45,12,0.962,0.957865168539326,0.972222222222222,0.988405797101449,0.957865168539326,0.972895863052782,"rf_class",157,331,14,5,0.962524654832347,0.959420289855072,0.969135802469136,0.985119047619048,0.959420289855072,0.972099853157122,"rf_class",263,692,31,7,0.961732124874119,0.957123098201936,0.974074074074074,0.989985693848355,0.957123098201936,0.973277074542897
2000,1000,80,0.3,0.05,"a",FALSE,0.5,0,724,"58, 49, 78, 16","IRT",455,983,54,8,0.958666666666667,0.947926711668274,0.982721382289417,0.991927346115035,0.947926711668274,0.969428007889546,"IRT",142,339,15,3,0.963927855711423,0.957627118644068,0.979310344827586,0.991228070175439,0.957627118644068,0.974137931034483,"IRT",313,644,39,5,0.956043956043956,0.94289897510981,0.984276729559748,0.992295839753467,0.94289897510981,0.966966966966967
2000,1000,80,0.3,0.05,"a",FALSE,0.5,0,724,"58, 49, 78, 16","rf_probs",0,369,668,463,0.246,0.355834136933462,0,0.443509615384615,0.355834136933462,0.394863563402889,"rf_probs",0,121,233,145,0.24248496993988,0.34180790960452,0,0.454887218045113,0.34180790960452,0.390322580645161,"rf_probs",0,248,435,318,0.247752247752248,0.363103953147877,0,0.438162544169611,0.363103953147877,0.397117694155324
2000,1000,80,0.3,0.05,"a",FALSE,0.5,0,724,"58, 49, 78, 16","rf_class",441,1003,34,22,0.962666666666667,0.967213114754098,0.952483801295896,0.978536585365854,0.967213114754098,0.972841901066925,"rf_class",140,345,9,5,0.971943887775551,0.974576271186441,0.96551724137931,0.985714285714286,0.974576271186441,0.980113636363636,"rf_class",301,658,25,17,0.958041958041958,0.963396778916545,0.946540880503145,0.974814814814815,0.963396778916545,0.969072164948453
2000,1000,80,0.3,0.05,"a",FALSE,0.5,0,725,"48, 16, 61, 9","IRT",418,1010,63,9,0.952,0.941286113699907,0.978922716627635,0.99116781157998,0.941286113699907,0.965583173996176,"IRT",135,347,20,4,0.952569169960474,0.94550408719346,0.971223021582734,0.988603988603989,0.94550408719346,0.966573816155989,"IRT",283,663,43,5,0.951710261569417,0.939093484419263,0.982638888888889,0.99251497005988,0.939093484419263,0.965065502183406
2000,1000,80,0.3,0.05,"a",FALSE,0.5,0,725,"48, 16, 61, 9","rf_probs",0,380,693,427,0.253333333333333,0.354147250698975,0,0.47087980173482,0.354147250698975,0.404255319148936,"rf_probs",0,120,247,139,0.237154150197628,0.326975476839237,0,0.463320463320463,0.326975476839237,0.383386581469649,"rf_probs",0,260,446,288,0.261569416498994,0.368271954674221,0,0.474452554744526,0.368271954674221,0.414673046251994
2000,1000,80,0.3,0.05,"a",FALSE,0.5,0,725,"48, 16, 61, 9","rf_class",413,1018,55,14,0.954,0.948741845293569,0.967213114754098,0.986434108527132,0.948741845293569,0.967220902612827,"rf_class",133,345,22,6,0.944664031620553,0.940054495912807,0.956834532374101,0.982905982905983,0.940054495912807,0.96100278551532,"rf_class",280,673,33,8,0.958752515090543,0.953257790368272,0.972222222222222,0.988252569750367,0.953257790368272,0.970439798125451
2000,1000,80,0.3,0.05,"a",FALSE,0.5,0,726,"15, 65, 75, 64","IRT",441,999,49,11,0.96,0.95324427480916,0.975663716814159,0.989108910891089,0.95324427480916,0.970845481049563,"IRT",152,310,11,3,0.970588235294118,0.965732087227414,0.980645161290323,0.990415335463259,0.965732087227414,0.977917981072555,"IRT",289,689,38,8,0.955078125,0.947730398899587,0.973063973063973,0.988522238163558,0.947730398899587,0.967696629213483
2000,1000,80,0.3,0.05,"a",FALSE,0.5,0,726,"15, 65, 75, 64","rf_probs",0,367,681,452,0.244666666666667,0.350190839694656,0,0.448107448107448,0.350190839694656,0.393144081414033,"rf_probs",0,106,215,155,0.222689075630252,0.330218068535826,0,0.406130268199234,0.330218068535826,0.36426116838488,"rf_probs",0,261,466,297,0.2548828125,0.359009628610729,0,0.467741935483871,0.359009628610729,0.406225680933852
2000,1000,80,0.3,0.05,"a",FALSE,0.5,0,726,"15, 65, 75, 64","rf_class",434,1017,31,18,0.967333333333333,0.970419847328244,0.960176991150443,0.982608695652174,0.970419847328244,0.976476236197792,"rf_class",151,311,10,4,0.970588235294118,0.968847352024922,0.974193548387097,0.987301587301587,0.968847352024922,0.977987421383648,"rf_class",283,706,21,14,0.9658203125,0.97111416781293,0.952861952861953,0.980555555555556,0.97111416781293,0.97581202487906
2000,1000,80,0.3,0.05,"a",FALSE,0.5,0,727,"80, 39, 3, 71","IRT",460,972,61,7,0.954666666666667,0.940948693126815,0.985010706638116,0.992849846782431,0.940948693126815,0.966202783300199,"IRT",154,335,18,3,0.958823529411765,0.949008498583569,0.980891719745223,0.99112426035503,0.949008498583569,0.969609261939219,"IRT",306,637,43,4,0.952525252525253,0.936764705882353,0.987096774193548,0.993759750390016,0.936764705882353,0.96442089326268
2000,1000,80,0.3,0.05,"a",FALSE,0.5,0,727,"80, 39, 3, 71","rf_probs",0,331,702,467,0.220666666666667,0.320425943852856,0,0.414786967418546,0.320425943852856,0.361551064991808,"rf_probs",0,111,242,157,0.217647058823529,0.314447592067989,0,0.414179104477612,0.314447592067989,0.357487922705314,"rf_probs",0,220,460,310,0.222222222222222,0.323529411764706,0,0.415094339622642,0.323529411764706,0.363636363636364
2000,1000,80,0.3,0.05,"a",FALSE,0.5,0,727,"80, 39, 3, 71","rf_class",440,999,34,27,0.959333333333333,0.967086156824782,0.942184154175589,0.973684210526316,0.967086156824782,0.970373967945605,"rf_class",147,345,8,10,0.964705882352941,0.977337110481586,0.936305732484076,0.971830985915493,0.977337110481586,0.974576271186441,"rf_class",293,654,26,17,0.956565656565657,0.961764705882353,0.945161290322581,0.974664679582712,0.961764705882353,0.968171724648409
2000,1000,80,0.3,0.05,"a",FALSE,0.5,0,728,"20, 59, 80, 38","IRT",430,1020,40,10,0.966666666666667,0.962264150943396,0.977272727272727,0.990291262135922,0.962264150943396,0.976076555023923,"IRT",147,337,11,1,0.975806451612903,0.968390804597701,0.993243243243243,0.997041420118343,0.968390804597701,0.982507288629738,"IRT",283,683,29,9,0.962151394422311,0.959269662921348,0.969178082191781,0.986994219653179,0.959269662921348,0.972934472934473
2000,1000,80,0.3,0.05,"a",FALSE,0.5,0,728,"20, 59, 80, 38","rf_probs",0,405,655,440,0.27,0.382075471698113,0,0.479289940828402,0.382075471698113,0.425196850393701,"rf_probs",0,127,221,148,0.256048387096774,0.364942528735632,0,0.461818181818182,0.364942528735632,0.407704654895666,"rf_probs",0,278,434,292,0.276892430278884,0.390449438202247,0,0.487719298245614,0.390449438202247,0.433697347893916
2000,1000,80,0.3,0.05,"a",FALSE,0.5,0,728,"20, 59, 80, 38","rf_class",421,1020,40,19,0.960666666666667,0.962264150943396,0.956818181818182,0.981713185755534,0.962264150943396,0.971891376846117,"rf_class",143,338,10,5,0.969758064516129,0.971264367816092,0.966216216216216,0.985422740524781,0.971264367816092,0.978292329956585,"rf_class",278,682,30,14,0.956175298804781,0.957865168539326,0.952054794520548,0.979885057471264,0.957865168539326,0.96875
2000,1000,80,0.3,0.05,"a",FALSE,0.5,0,729,"62, 11, 54, 65","IRT",435,1021,27,17,0.970666666666667,0.974236641221374,0.962389380530973,0.983622350674374,0.974236641221374,0.978906999041227,"IRT",142,354,8,4,0.976377952755906,0.977900552486188,0.972602739726027,0.988826815642458,0.977900552486188,0.983333333333333,"IRT",293,667,19,13,0.967741935483871,0.972303206997085,0.957516339869281,0.980882352941176,0.972303206997085,0.976573938506588
2000,1000,80,0.3,0.05,"a",FALSE,0.5,0,729,"62, 11, 54, 65","rf_probs",0,301,747,452,0.200666666666667,0.287213740458015,0,0.399734395750332,0.287213740458015,0.334258745141588,"rf_probs",0,102,260,146,0.200787401574803,0.281767955801105,0,0.411290322580645,0.281767955801105,0.334426229508197,"rf_probs",0,199,487,306,0.200604838709677,0.290087463556851,0,0.394059405940594,0.290087463556851,0.334172963895886
2000,1000,80,0.3,0.05,"a",FALSE,0.5,0,729,"62, 11, 54, 65","rf_class",428,1016,32,24,0.962666666666667,0.969465648854962,0.946902654867257,0.976923076923077,0.969465648854962,0.973180076628352,"rf_class",140,353,9,6,0.970472440944882,0.975138121546961,0.958904109589041,0.983286908077994,0.975138121546961,0.979195561719834,"rf_class",288,663,23,18,0.95866935483871,0.966472303206997,0.941176470588235,0.973568281938326,0.966472303206997,0.970007315288954
2000,1000,80,0.3,0.05,"a",FALSE,0.5,0,730,"70, 25, 74, 10","IRT",451,987,52,10,0.958666666666667,0.94995187680462,0.978308026030369,0.989969909729188,0.94995187680462,0.969548133595285,"IRT",141,316,21,3,0.95010395010395,0.937685459940653,0.979166666666667,0.990595611285266,0.937685459940653,0.963414634146342,"IRT",310,671,31,7,0.962708537782139,0.955840455840456,0.977917981072555,0.989675516224189,0.955840455840456,0.972463768115942
2000,1000,80,0.3,0.05,"a",FALSE,0.5,0,730,"70, 25, 74, 10","rf_probs",0,355,684,461,0.236666666666667,0.34167468719923,0,0.435049019607843,0.34167468719923,0.382749326145553,"rf_probs",0,112,225,144,0.232848232848233,0.332344213649852,0,0.4375,0.332344213649852,0.377740303541315,"rf_probs",0,243,459,317,0.23846908734053,0.346153846153846,0,0.433928571428571,0.346153846153846,0.385103011093502
2000,1000,80,0.3,0.05,"a",FALSE,0.5,0,730,"70, 25, 74, 10","rf_class",440,1015,24,21,0.97,0.976900866217517,0.954446854663774,0.97972972972973,0.976900866217517,0.978313253012048,"rf_class",139,326,11,5,0.966735966735967,0.967359050445104,0.965277777777778,0.984894259818731,0.967359050445104,0.976047904191617,"rf_class",301,689,13,16,0.971540726202159,0.981481481481482,0.949526813880126,0.977304964539007,0.981481481481482,0.979388770433547
2000,1000,80,0.3,0.05,"a",FALSE,0.5,0,731,"40, 59, 21, 8","IRT",436,1012,38,14,0.965333333333333,0.963809523809524,0.968888888888889,0.98635477582846,0.963809523809524,0.97495183044316,"IRT",136,363,14,5,0.963320463320463,0.962864721485411,0.964539007092199,0.986413043478261,0.962864721485411,0.974496644295302,"IRT",300,649,24,9,0.966395112016293,0.964338781575037,0.970873786407767,0.986322188449848,0.964338781575037,0.975206611570248
2000,1000,80,0.3,0.05,"a",FALSE,0.5,0,731,"40, 59, 21, 8","rf_probs",0,358,692,450,0.238666666666667,0.340952380952381,0,0.443069306930693,0.340952380952381,0.385360602798708,"rf_probs",0,129,248,141,0.249034749034749,0.342175066312997,0,0.477777777777778,0.342175066312997,0.398763523956723,"rf_probs",0,229,444,309,0.233197556008147,0.340267459138187,0,0.425650557620818,0.340267459138187,0.378199834847234
2000,1000,80,0.3,0.05,"a",FALSE,0.5,0,731,"40, 59, 21, 8","rf_class",429,1016,34,21,0.963333333333333,0.967619047619048,0.953333333333333,0.979749276759884,0.967619047619048,0.973646382367034,"rf_class",136,365,12,5,0.967181467181467,0.96816976127321,0.964539007092199,0.986486486486487,0.96816976127321,0.977242302543507,"rf_class",293,651,22,16,0.961303462321792,0.967310549777117,0.948220064724919,0.976011994002999,0.967310549777117,0.971641791044776
2000,1000,80,0.3,0.05,"a",FALSE,0.5,0,732,"66, 61, 80, 50","IRT",461,975,60,4,0.957333333333333,0.942028985507246,0.991397849462366,0.995914198161389,0.942028985507246,0.968222442899702,"IRT",152,342,19,1,0.961089494163424,0.947368421052632,0.993464052287582,0.997084548104956,0.947368421052632,0.971590909090909,"IRT",309,633,41,3,0.955375253549696,0.939169139465875,0.990384615384615,0.995283018867924,0.939169139465875,0.966412213740458
2000,1000,80,0.3,0.05,"a",FALSE,0.5,0,732,"66, 61, 80, 50","rf_probs",0,360,675,465,0.24,0.347826086956522,0,0.436363636363636,0.347826086956522,0.387096774193548,"rf_probs",0,120,241,153,0.233463035019455,0.332409972299169,0,0.43956043956044,0.332409972299169,0.378548895899054,"rf_probs",0,240,434,312,0.243407707910751,0.356083086053412,0,0.434782608695652,0.356083086053412,0.391517128874388
2000,1000,80,0.3,0.05,"a",FALSE,0.5,0,732,"66, 61, 80, 50","rf_class",440,997,38,25,0.958,0.963285024154589,0.946236559139785,0.975538160469667,0.963285024154589,0.969372873116189,"rf_class",147,349,12,6,0.964980544747082,0.966759002770083,0.96078431372549,0.983098591549296,0.966759002770083,0.974860335195531,"rf_class",293,648,26,19,0.954361054766734,0.961424332344214,0.939102564102564,0.971514242878561,0.961424332344214,0.966442953020134
2000,1000,80,0.3,0.05,"a",FALSE,0.5,0,733,"64, 29, 65, 61","IRT",445,985,63,7,0.953333333333333,0.939885496183206,0.984513274336283,0.992943548387097,0.939885496183206,0.965686274509804,"IRT",148,317,24,1,0.948979591836735,0.929618768328446,0.993288590604027,0.99685534591195,0.929618768328446,0.96206373292868,"IRT",297,668,39,6,0.955445544554455,0.944837340876945,0.98019801980198,0.991097922848665,0.944837340876945,0.967414916727009
2000,1000,80,0.3,0.05,"a",FALSE,0.5,0,733,"64, 29, 65, 61","rf_probs",0,359,689,452,0.239333333333333,0.342557251908397,0,0.442663378545006,0.342557251908397,0.386229155459925,"rf_probs",0,111,230,149,0.226530612244898,0.325513196480938,0,0.426923076923077,0.325513196480938,0.369384359400998,"rf_probs",0,248,459,303,0.245544554455446,0.350777934936351,0,0.450090744101633,0.350777934936351,0.394276629570747
2000,1000,80,0.3,0.05,"a",FALSE,0.5,0,733,"64, 29, 65, 61","rf_class",424,1015,33,28,0.959333333333333,0.968511450381679,0.938053097345133,0.973154362416107,0.968511450381679,0.970827355332377,"rf_class",138,325,16,11,0.944897959183673,0.953079178885631,0.926174496644295,0.967261904761905,0.953079178885631,0.960118168389956,"rf_class",286,690,17,17,0.966336633663366,0.975954738330976,0.943894389438944,0.975954738330976,0.975954738330976,0.975954738330976
2000,1000,80,0.3,0.05,"a",FALSE,0.5,0,734,"5, 56, 69, 65","IRT",411,1043,26,20,0.969333333333333,0.975678203928905,0.953596287703016,0.981185324553151,0.975678203928905,0.978424015009381,"IRT",145,340,8,6,0.971943887775551,0.977011494252874,0.960264900662252,0.982658959537572,0.977011494252874,0.979827089337176,"IRT",266,703,18,14,0.968031968031968,0.9750346740638,0.95,0.98047419804742,0.9750346740638,0.977746870653686
2000,1000,80,0.3,0.05,"a",FALSE,0.5,0,734,"5, 56, 69, 65","rf_probs",0,405,664,431,0.27,0.378858746492049,0,0.48444976076555,0.378858746492049,0.425196850393701,"rf_probs",0,138,210,151,0.276553106212425,0.396551724137931,0,0.477508650519031,0.396551724137931,0.433281004709576,"rf_probs",0,267,454,280,0.266733266733267,0.370319001386963,0,0.488117001828154,0.370319001386963,0.421135646687697
2000,1000,80,0.3,0.05,"a",FALSE,0.5,0,734,"5, 56, 69, 65","rf_class",408,1031,38,23,0.959333333333333,0.9644527595884,0.946635730858469,0.978178368121442,0.9644527595884,0.971267074894018,"rf_class",144,337,11,7,0.963927855711423,0.968390804597701,0.95364238410596,0.979651162790698,0.968390804597701,0.973988439306358,"rf_class",264,694,27,16,0.957042957042957,0.9625520110957,0.942857142857143,0.977464788732394,0.9625520110957,0.96995108315863
2000,1000,80,0.3,0.05,"a",FALSE,0.5,0,735,"47, 40, 60, 3","IRT",464,975,51,10,0.959333333333333,0.950292397660819,0.978902953586498,0.989847715736041,0.950292397660819,0.969666832421681,"IRT",161,338,21,2,0.955938697318008,0.94150417827298,0.987730061349693,0.994117647058824,0.94150417827298,0.967095851216023,"IRT",303,637,30,8,0.961145194274029,0.955022488755622,0.97427652733119,0.987596899224806,0.955022488755622,0.971036585365854
2000,1000,80,0.3,0.05,"a",FALSE,0.5,0,735,"47, 40, 60, 3","rf_probs",0,354,672,474,0.236,0.345029239766082,0,0.427536231884058,0.345029239766082,0.381877022653722,"rf_probs",0,115,244,163,0.220306513409962,0.32033426183844,0,0.413669064748201,0.32033426183844,0.361067503924647,"rf_probs",0,239,428,311,0.244376278118609,0.35832083958021,0,0.434545454545455,0.35832083958021,0.392769104354971
2000,1000,80,0.3,0.05,"a",FALSE,0.5,0,735,"47, 40, 60, 3","rf_class",446,989,37,28,0.956666666666667,0.963937621832359,0.940928270042194,0.972468043264503,0.963937621832359,0.968184043073911,"rf_class",154,345,14,9,0.955938697318008,0.96100278551532,0.94478527607362,0.974576271186441,0.96100278551532,0.967741935483871,"rf_class",292,644,23,19,0.957055214723926,0.96551724137931,0.938906752411576,0.971342383107089,0.96551724137931,0.968421052631579
2000,1000,80,0.3,0.05,"a",FALSE,0.5,0,736,"3, 12, 64, 11","IRT",427,1022,28,23,0.966,0.973333333333333,0.948888888888889,0.97799043062201,0.973333333333333,0.975656324582339,"IRT",142,349,11,11,0.957115009746589,0.969444444444444,0.928104575163399,0.969444444444444,0.969444444444444,0.969444444444444,"IRT",285,673,17,12,0.970618034447822,0.97536231884058,0.95959595959596,0.982481751824818,0.97536231884058,0.978909090909091
2000,1000,80,0.3,0.05,"a",FALSE,0.5,0,736,"3, 12, 64, 11","rf_probs",0,366,684,450,0.244,0.348571428571429,0,0.448529411764706,0.348571428571429,0.392282958199357,"rf_probs",0,122,238,153,0.237816764132554,0.338888888888889,0,0.443636363636364,0.338888888888889,0.384251968503937,"rf_probs",0,244,446,297,0.247213779128673,0.353623188405797,0,0.451016635859519,0.353623188405797,0.39642567018684
2000,1000,80,0.3,0.05,"a",FALSE,0.5,0,736,"3, 12, 64, 11","rf_class",423,1016,34,27,0.959333333333333,0.967619047619048,0.94,0.974113135186961,0.967619047619048,0.970855231724797,"rf_class",143,344,16,10,0.949317738791423,0.955555555555556,0.934640522875817,0.971751412429379,0.955555555555556,0.963585434173669,"rf_class",280,672,18,17,0.964539007092199,0.973913043478261,0.942760942760943,0.975326560232221,0.973913043478261,0.974619289340102
2000,1000,80,0.3,0.05,"a",FALSE,0.5,0,737,"17, 69, 63, 57","IRT",426,1019,43,12,0.963333333333333,0.959510357815443,0.972602739726027,0.988360814742968,0.959510357815443,0.973721930243669,"IRT",147,343,12,4,0.968379446640316,0.966197183098592,0.973509933774834,0.988472622478386,0.966197183098592,0.977207977207977,"IRT",279,676,31,8,0.960764587525151,0.956152758132956,0.97212543554007,0.988304093567251,0.956152758132956,0.97196261682243
2000,1000,80,0.3,0.05,"a",FALSE,0.5,0,737,"17, 69, 63, 57","rf_probs",0,415,647,438,0.276666666666667,0.390772128060264,0,0.48651817116061,0.390772128060264,0.433420365535248,"rf_probs",0,135,220,151,0.266798418972332,0.380281690140845,0,0.472027972027972,0.380281690140845,0.421216848673947,"rf_probs",0,280,427,287,0.28169014084507,0.396039603960396,0,0.493827160493827,0.396039603960396,0.43956043956044
2000,1000,80,0.3,0.05,"a",FALSE,0.5,0,737,"17, 69, 63, 57","rf_class",406,1029,33,32,0.956666666666667,0.968926553672316,0.926940639269406,0.969839773798303,0.968926553672316,0.96938294865756,"rf_class",140,342,13,11,0.952569169960474,0.963380281690141,0.927152317880795,0.968838526912181,0.963380281690141,0.966101694915254,"rf_class",266,687,20,21,0.958752515090543,0.971711456859972,0.926829268292683,0.970338983050847,0.971711456859972,0.971024734982332
2000,1000,80,0.3,0.05,"a",FALSE,0.5,0,738,"37, 67, 68, 35","IRT",433,1017,35,15,0.966666666666667,0.966730038022814,0.966517857142857,0.98546511627907,0.966730038022814,0.976007677543186,"IRT",153,335,10,5,0.970178926441352,0.971014492753623,0.968354430379747,0.985294117647059,0.971014492753623,0.978102189781022,"IRT",280,682,25,10,0.964894684052157,0.964639321074965,0.96551724137931,0.985549132947977,0.964639321074965,0.974982130092923
2000,1000,80,0.3,0.05,"a",FALSE,0.5,0,738,"37, 67, 68, 35","rf_probs",0,358,694,448,0.238666666666667,0.340304182509506,0,0.444168734491315,0.340304182509506,0.385360602798708,"rf_probs",0,107,238,158,0.21272365805169,0.310144927536232,0,0.40377358490566,0.310144927536232,0.350819672131148,"rf_probs",0,251,456,290,0.251755265797392,0.355021216407355,0,0.463955637707948,0.355021216407355,0.40224358974359
2000,1000,80,0.3,0.05,"a",FALSE,0.5,0,738,"37, 67, 68, 35","rf_class",422,1018,34,26,0.96,0.967680608365019,0.941964285714286,0.975095785440613,0.967680608365019,0.971374045801527,"rf_class",145,336,9,13,0.956262425447316,0.973913043478261,0.917721518987342,0.962750716332378,0.973913043478261,0.968299711815562,"rf_class",277,682,25,13,0.961885656970913,0.964639321074965,0.955172413793103,0.981294964028777,0.964639321074965,0.972895863052782
2000,1000,80,0.3,0.05,"a",FALSE,0.5,0,739,"37, 46, 26, 74","IRT",449,993,47,11,0.961333333333333,0.954807692307692,0.976086956521739,0.989043824701195,0.954807692307692,0.971624266144814,"IRT",145,324,18,6,0.95131845841785,0.947368421052632,0.960264900662252,0.981818181818182,0.947368421052632,0.964285714285714,"IRT",304,669,29,5,0.966236345580934,0.958452722063037,0.983818770226537,0.992581602373887,0.958452722063037,0.975218658892128
2000,1000,80,0.3,0.05,"a",FALSE,0.5,0,739,"37, 46, 26, 74","rf_probs",0,351,689,460,0.234,0.3375,0,0.432799013563502,0.3375,0.379254457050243,"rf_probs",0,110,232,151,0.223123732251521,0.321637426900585,0,0.421455938697318,0.321637426900585,0.364842454394693,"rf_probs",0,241,457,309,0.239324726911619,0.345272206303725,0,0.438181818181818,0.345272206303725,0.386217948717949
2000,1000,80,0.3,0.05,"a",FALSE,0.5,0,739,"37, 46, 26, 74","rf_class",431,1012,28,29,0.962,0.973076923076923,0.93695652173913,0.972142170989433,0.973076923076923,0.972609322441134,"rf_class",138,330,12,13,0.949290060851927,0.964912280701754,0.913907284768212,0.962099125364432,0.964912280701754,0.963503649635037,"rf_class",293,682,16,16,0.968222442899702,0.977077363896848,0.948220064724919,0.977077363896848,0.977077363896848,0.977077363896848
2000,1000,80,0.3,0.05,"a",FALSE,0.5,0,740,"52, 6, 74, 47","IRT",424,1010,54,12,0.956,0.949248120300752,0.972477064220184,0.98825831702544,0.949248120300752,0.968360498561841,"IRT",146,335,18,6,0.952475247524752,0.949008498583569,0.960526315789474,0.982404692082111,0.949008498583569,0.965417867435158,"IRT",278,675,36,6,0.957788944723618,0.949367088607595,0.97887323943662,0.991189427312775,0.949367088607595,0.969827586206896
2000,1000,80,0.3,0.05,"a",FALSE,0.5,0,740,"52, 6, 74, 47","rf_probs",0,393,671,436,0.262,0.369360902255639,0,0.474065138721351,0.369360902255639,0.415213946117274,"rf_probs",0,131,222,152,0.259405940594059,0.371104815864023,0,0.462897526501767,0.371104815864023,0.411949685534591,"rf_probs",0,262,449,284,0.263316582914573,0.368495077355837,0,0.47985347985348,0.368495077355837,0.416865552903739
2000,1000,80,0.3,0.05,"a",FALSE,0.5,0,740,"52, 6, 74, 47","rf_class",417,1013,51,19,0.953333333333333,0.952067669172932,0.956422018348624,0.981589147286822,0.952067669172932,0.966603053435114,"rf_class",143,336,17,9,0.948514851485148,0.951841359773371,0.940789473684211,0.973913043478261,0.951841359773371,0.962750716332378,"rf_class",274,677,34,10,0.955778894472362,0.952180028129395,0.964788732394366,0.985443959243086,0.952180028129395,0.968526466380544
2000,1000,80,0.3,0.05,"a",FALSE,0.5,0,741,"7, 2, 79, 30","IRT",455,980,54,11,0.956666666666667,0.947775628626692,0.976394849785408,0.988900100908174,0.947775628626692,0.967901234567901,"IRT",154,301,20,4,0.949895615866388,0.937694704049844,0.974683544303797,0.986885245901639,0.937694704049844,0.961661341853035,"IRT",301,679,34,7,0.959843290891283,0.952314165497896,0.977272727272727,0.989795918367347,0.952314165497896,0.970693352394568
2000,1000,80,0.3,0.05,"a",FALSE,0.5,0,741,"7, 2, 79, 30","rf_probs",0,358,676,466,0.238666666666667,0.346228239845261,0,0.434466019417476,0.346228239845261,0.385360602798708,"rf_probs",0,100,221,158,0.208768267223382,0.311526479750779,0,0.387596899224806,0.311526479750779,0.345423143350604,"rf_probs",0,258,455,308,0.252693437806072,0.361851332398317,0,0.45583038869258,0.361851332398317,0.403440187646599
2000,1000,80,0.3,0.05,"a",FALSE,0.5,0,741,"7, 2, 79, 30","rf_class",434,1001,33,32,0.956666666666667,0.968085106382979,0.931330472103004,0.969022265246854,0.968085106382979,0.968553459119497,"rf_class",141,307,14,17,0.935281837160752,0.956386292834891,0.892405063291139,0.947530864197531,0.956386292834891,0.951937984496124,"rf_class",293,694,19,15,0.966699314397649,0.973352033660589,0.951298701298701,0.978843441466855,0.973352033660589,0.976090014064698
2000,1000,80,0.3,0.05,"a",FALSE,0.5,0,742,"56, 57, 75, 31","IRT",432,1003,35,30,0.956666666666667,0.966281310211946,0.935064935064935,0.970958373668925,0.966281310211946,0.96861419604056,"IRT",135,341,16,11,0.946322067594433,0.955182072829132,0.924657534246575,0.96875,0.955182072829132,0.961918194640338,"IRT",297,662,19,19,0.961885656970913,0.972099853157122,0.939873417721519,0.972099853157122,0.972099853157122,0.972099853157122
2000,1000,80,0.3,0.05,"a",FALSE,0.5,0,742,"56, 57, 75, 31","rf_probs",0,353,685,462,0.235333333333333,0.340077071290944,0,0.433128834355828,0.340077071290944,0.381003777657852,"rf_probs",0,122,235,146,0.242544731610338,0.341736694677871,0,0.455223880597015,0.341736694677871,0.3904,"rf_probs",0,231,450,316,0.231695085255767,0.33920704845815,0,0.422303473491773,0.33920704845815,0.376221498371336
2000,1000,80,0.3,0.05,"a",FALSE,0.5,0,742,"56, 57, 75, 31","rf_class",423,1005,33,39,0.952,0.968208092485549,0.915584415584416,0.96264367816092,0.968208092485549,0.965417867435159,"rf_class",131,342,15,15,0.940357852882704,0.957983193277311,0.897260273972603,0.957983193277311,0.957983193277311,0.957983193277311,"rf_class",292,663,18,24,0.957873620862588,0.973568281938326,0.924050632911392,0.965065502183406,0.973568281938326,0.969298245614035
2000,1000,80,0.3,0.05,"a",FALSE,0.5,0,743,"9, 14, 38, 77","IRT",434,1014,47,5,0.965333333333333,0.955702167766258,0.988610478359909,0.995093228655545,0.955702167766258,0.975,"IRT",128,327,23,3,0.945945945945946,0.934285714285714,0.977099236641221,0.990909090909091,0.934285714285714,0.961764705882353,"IRT",306,687,24,2,0.974484789008832,0.966244725738397,0.993506493506494,0.997097242380261,0.966244725738397,0.981428571428571
2000,1000,80,0.3,0.05,"a",FALSE,0.5,0,743,"9, 14, 38, 77","rf_probs",0,385,676,439,0.256666666666667,0.362865221489161,0,0.467233009708738,0.362865221489161,0.408488063660477,"rf_probs",0,129,221,131,0.268191268191268,0.368571428571429,0,0.496153846153846,0.368571428571429,0.422950819672131,"rf_probs",0,256,455,308,0.251226692836114,0.360056258790436,0,0.453900709219858,0.360056258790436,0.40156862745098
2000,1000,80,0.3,0.05,"a",FALSE,0.5,0,743,"9, 14, 38, 77","rf_class",421,1024,37,18,0.963333333333333,0.965127238454288,0.958997722095672,0.982725527831094,0.965127238454288,0.973846885401807,"rf_class",124,330,20,7,0.943866943866944,0.942857142857143,0.946564885496183,0.979228486646884,0.942857142857143,0.960698689956332,"rf_class",297,694,17,11,0.97252208047105,0.976090014064698,0.964285714285714,0.984397163120567,0.976090014064698,0.980225988700565
2000,1000,80,0.3,0.05,"a",FALSE,0.5,0,744,"31, 57, 17, 38","IRT",440,1007,39,14,0.964666666666667,0.962715105162524,0.969162995594714,0.986287952987267,0.962715105162524,0.974358974358974,"IRT",153,324,14,4,0.963636363636364,0.958579881656805,0.974522292993631,0.98780487804878,0.958579881656805,0.972972972972973,"IRT",287,683,25,10,0.965174129353234,0.964689265536723,0.966329966329966,0.985569985569986,0.964689265536723,0.975017844396859
2000,1000,80,0.3,0.05,"a",FALSE,0.5,0,744,"31, 57, 17, 38","rf_probs",0,366,680,454,0.244,0.349904397705545,0,0.446341463414634,0.349904397705545,0.392282958199357,"rf_probs",0,113,225,157,0.228282828282828,0.334319526627219,0,0.418518518518519,0.334319526627219,0.371710526315789,"rf_probs",0,253,455,297,0.251741293532338,0.357344632768362,0,0.46,0.357344632768362,0.402225755166932
2000,1000,80,0.3,0.05,"a",FALSE,0.5,0,744,"31, 57, 17, 38","rf_class",437,1008,38,17,0.963333333333333,0.963671128107075,0.962555066079295,0.983414634146341,0.963671128107075,0.973442781265089,"rf_class",151,327,11,6,0.965656565656566,0.967455621301775,0.961783439490446,0.981981981981982,0.967455621301775,0.974664679582712,"rf_class",286,681,27,11,0.962189054726368,0.961864406779661,0.962962962962963,0.984104046242775,0.961864406779661,0.972857142857143
2000,1000,80,0.3,0.05,"a",FALSE,0.5,0,745,"67, 39, 21, 43","IRT",453,1003,38,6,0.970666666666667,0.963496637848223,0.986928104575163,0.994053518334985,0.963496637848223,0.978536585365854,"IRT",154,334,12,3,0.970178926441352,0.965317919075145,0.980891719745223,0.991097922848665,0.965317919075145,0.978038067349927,"IRT",299,669,26,3,0.970912738214644,0.962589928057554,0.990066225165563,0.995535714285714,0.962589928057554,0.97878566203365
2000,1000,80,0.3,0.05,"a",FALSE,0.5,0,745,"67, 39, 21, 43","rf_probs",0,355,686,459,0.236666666666667,0.341018251681076,0,0.436117936117936,0.341018251681076,0.382749326145553,"rf_probs",0,111,235,157,0.220675944333996,0.320809248554913,0,0.414179104477612,0.320809248554913,0.361563517915309,"rf_probs",0,244,451,302,0.244734202607823,0.351079136690647,0,0.446886446886447,0.351079136690647,0.393231265108783
2000,1000,80,0.3,0.05,"a",FALSE,0.5,0,745,"67, 39, 21, 43","rf_class",441,1006,35,18,0.964666666666667,0.966378482228626,0.96078431372549,0.982421875,0.966378482228626,0.974334140435835,"rf_class",153,335,11,4,0.970178926441352,0.968208092485549,0.974522292993631,0.988200589970501,0.968208092485549,0.978102189781022,"rf_class",288,671,24,14,0.961885656970913,0.965467625899281,0.95364238410596,0.97956204379562,0.965467625899281,0.972463768115942
2000,1000,80,0.3,0.05,"a",FALSE,0.5,0,746,"18, 45, 8, 3","IRT",468,978,51,3,0.964,0.950437317784257,0.993630573248408,0.996941896024465,0.950437317784257,0.973134328358209,"IRT",164,338,15,2,0.967244701348748,0.957507082152975,0.987951807228916,0.994117647058824,0.957507082152975,0.975468975468975,"IRT",304,640,36,1,0.962283384301733,0.946745562130177,0.99672131147541,0.998439937597504,0.946745562130177,0.971905846621109
2000,1000,80,0.3,0.05,"a",FALSE,0.5,0,746,"18, 45, 8, 3","rf_probs",0,376,653,471,0.250666666666667,0.365403304178814,0,0.443919716646989,0.365403304178814,0.400852878464819,"rf_probs",0,137,216,166,0.263969171483622,0.388101983002833,0,0.452145214521452,0.388101983002833,0.417682926829268,"rf_probs",0,239,437,305,0.243628950050968,0.353550295857988,0,0.439338235294118,0.353550295857988,0.391803278688525
2000,1000,80,0.3,0.05,"a",FALSE,0.5,0,746,"18, 45, 8, 3","rf_class",455,985,44,16,0.96,0.957240038872692,0.966029723991507,0.984015984015984,0.957240038872692,0.970443349753695,"rf_class",162,343,10,4,0.973025048169557,0.971671388101983,0.975903614457831,0.988472622478386,0.971671388101983,0.98,"rf_class",293,642,34,12,0.953109072375127,0.949704142011834,0.960655737704918,0.981651376146789,0.949704142011834,0.965413533834587
2000,1000,80,0.3,0.05,"a",FALSE,0.5,0,747,"78, 58, 2, 1","IRT",469,983,37,11,0.968,0.963725490196078,0.977083333333333,0.988933601609658,0.963725490196078,0.976166832174777,"IRT",155,329,12,1,0.973843058350101,0.964809384164223,0.993589743589744,0.996969696969697,0.964809384164223,0.980625931445604,"IRT",314,654,25,10,0.965104685942173,0.963181148748159,0.969135802469136,0.984939759036145,0.963181148748159,0.973938942665674
2000,1000,80,0.3,0.05,"a",FALSE,0.5,0,747,"78, 58, 2, 1","rf_probs",0,314,706,480,0.209333333333333,0.307843137254902,0,0.395465994962217,0.307843137254902,0.34619625137817,"rf_probs",0,116,225,156,0.233400402414487,0.340175953079179,0,0.426470588235294,0.340175953079179,0.378466557911909,"rf_probs",0,198,481,324,0.19740777666999,0.29160530191458,0,0.379310344827586,0.29160530191458,0.329725228975853
2000,1000,80,0.3,0.05,"a",FALSE,0.5,0,747,"78, 58, 2, 1","rf_class",454,991,29,26,0.963333333333333,0.97156862745098,0.945833333333333,0.974434611602753,0.97156862745098,0.972999509081983,"rf_class",151,328,13,5,0.963782696177062,0.961876832844575,0.967948717948718,0.984984984984985,0.961876832844575,0.973293768545994,"rf_class",303,663,16,21,0.963110667996012,0.976435935198822,0.935185185185185,0.969298245614035,0.976435935198822,0.972853998532649
2000,1000,80,0.3,0.05,"a",FALSE,0.5,0,748,"53, 27, 25, 66","IRT",424,1016,44,16,0.96,0.958490566037736,0.963636363636364,0.984496124031008,0.958490566037736,0.97131931166348,"IRT",134,330,14,2,0.966666666666667,0.959302325581395,0.985294117647059,0.993975903614458,0.959302325581395,0.976331360946746,"IRT",290,686,30,14,0.956862745098039,0.958100558659218,0.953947368421053,0.98,0.958100558659218,0.968926553672316
2000,1000,80,0.3,0.05,"a",FALSE,0.5,0,748,"53, 27, 25, 66","rf_probs",0,381,679,440,0.254,0.359433962264151,0,0.464068209500609,0.359433962264151,0.405103668261563,"rf_probs",0,112,232,136,0.233333333333333,0.325581395348837,0,0.451612903225806,0.325581395348837,0.378378378378378,"rf_probs",0,269,447,304,0.263725490196078,0.375698324022346,0,0.469458987783595,0.375698324022346,0.417377812257564
2000,1000,80,0.3,0.05,"a",FALSE,0.5,0,748,"53, 27, 25, 66","rf_class",419,1022,38,21,0.960666666666667,0.964150943396226,0.952272727272727,0.979865771812081,0.964150943396226,0.971944840703757,"rf_class",134,330,14,2,0.966666666666667,0.959302325581395,0.985294117647059,0.993975903614458,0.959302325581395,0.976331360946746,"rf_class",285,692,24,19,0.957843137254902,0.966480446927374,0.9375,0.973277074542897,0.966480446927374,0.969866853538893
2000,1000,80,0.3,0.05,"a",FALSE,0.5,0,749,"73, 1, 61, 13","IRT",448,983,58,11,0.954,0.944284341978866,0.9760348583878,0.988933601609658,0.944284341978866,0.966093366093366,"IRT",160,354,16,5,0.960747663551402,0.956756756756757,0.96969696969697,0.986072423398329,0.956756756756757,0.97119341563786,"IRT",288,629,42,6,0.950259067357513,0.937406855439642,0.979591836734694,0.990551181102362,0.937406855439642,0.963246554364472
2000,1000,80,0.3,0.05,"a",FALSE,0.5,0,749,"73, 1, 61, 13","rf_probs",0,339,702,459,0.226,0.325648414985591,0,0.424812030075188,0.325648414985591,0.368678629690049,"rf_probs",0,112,258,165,0.209345794392523,0.302702702702703,0,0.404332129963899,0.302702702702703,0.346213292117465,"rf_probs",0,227,444,294,0.235233160621762,0.338301043219076,0,0.435700575815739,0.338301043219076,0.380872483221477
2000,1000,80,0.3,0.05,"a",FALSE,0.5,0,749,"73, 1, 61, 13","rf_class",444,999,42,15,0.962,0.959654178674352,0.967320261437909,0.985207100591716,0.959654178674352,0.972262773722628,"rf_class",159,360,10,6,0.970093457943925,0.972972972972973,0.963636363636364,0.983606557377049,0.972972972972973,0.978260869565217,"rf_class",285,639,32,9,0.957512953367876,0.95230998509687,0.969387755102041,0.986111111111111,0.95230998509687,0.968915845337377
2000,1000,80,0.3,0.05,"a",FALSE,0.5,0,750,"22, 26, 35, 48","IRT",428,1000,65,7,0.952,0.938967136150235,0.983908045977012,0.99304865938431,0.938967136150235,0.965250965250965,"IRT",147,322,22,3,0.949392712550607,0.936046511627907,0.98,0.990769230769231,0.936046511627907,0.962630792227205,"IRT",281,678,43,4,0.953280318091451,0.940360610263523,0.985964912280702,0.994134897360704,0.940360610263523,0.966500356379187
2000,1000,80,0.3,0.05,"a",FALSE,0.5,0,750,"22, 26, 35, 48","rf_probs",0,404,661,435,0.269333333333333,0.379342723004695,0,0.481525625744934,0.379342723004695,0.42436974789916,"rf_probs",0,131,213,150,0.265182186234818,0.380813953488372,0,0.466192170818505,0.380813953488372,0.4192,"rf_probs",0,273,448,285,0.271371769383698,0.378640776699029,0,0.489247311827957,0.378640776699029,0.426896012509773
2000,1000,80,0.3,0.05,"a",FALSE,0.5,0,750,"22, 26, 35, 48","rf_class",417,1023,42,18,0.96,0.96056338028169,0.958620689655172,0.982708933717579,0.96056338028169,0.971509971509972,"rf_class",142,328,16,8,0.951417004048583,0.953488372093023,0.946666666666667,0.976190476190476,0.953488372093023,0.964705882352941,"rf_class",275,695,26,10,0.964214711729622,0.963938973647712,0.964912280701754,0.985815602836879,0.963938973647712,0.974754558204769
2000,1000,80,0.3,0.05,"a",FALSE,0.5,0,751,"73, 28, 31, 79","IRT",423,1034,26,17,0.971333333333333,0.975471698113208,0.961363636363636,0.983824928639391,0.975471698113208,0.979630506868783,"IRT",135,366,9,6,0.970930232558139,0.976,0.957446808510638,0.983870967741935,0.976,0.979919678714859,"IRT",288,668,17,11,0.971544715447154,0.975182481751825,0.963210702341137,0.98379970544919,0.975182481751825,0.979472140762463
2000,1000,80,0.3,0.05,"a",FALSE,0.5,0,751,"73, 28, 31, 79","rf_probs",0,340,720,440,0.226666666666667,0.320754716981132,0,0.435897435897436,0.320754716981132,0.369565217391304,"rf_probs",0,128,247,141,0.248062015503876,0.341333333333333,0,0.475836431226766,0.341333333333333,0.397515527950311,"rf_probs",0,212,473,299,0.215447154471545,0.30948905109489,0,0.414872798434442,0.30948905109489,0.354515050167224
2000,1000,80,0.3,0.05,"a",FALSE,0.5,0,751,"73, 28, 31, 79","rf_class",411,1031,29,29,0.961333333333333,0.972641509433962,0.934090909090909,0.972641509433962,0.972641509433962,0.972641509433962,"rf_class",131,364,11,10,0.959302325581395,0.970666666666667,0.929078014184397,0.973262032085562,0.970666666666667,0.97196261682243,"rf_class",280,667,18,19,0.96239837398374,0.973722627737226,0.936454849498328,0.972303206997085,0.973722627737226,0.973012399708242
2000,1000,80,0.3,0.05,"a",FALSE,0.5,0,752,"17, 71, 20, 68","IRT",429,1024,31,16,0.968666666666667,0.970616113744076,0.964044943820225,0.984615384615385,0.970616113744076,0.977565632458234,"IRT",145,368,12,6,0.966101694915254,0.968421052631579,0.960264900662252,0.983957219251337,0.968421052631579,0.976127320954907,"IRT",284,656,19,10,0.970072239422085,0.971851851851852,0.965986394557823,0.984984984984985,0.971851851851852,0.978374347501864
2000,1000,80,0.3,0.05,"a",FALSE,0.5,0,752,"17, 71, 20, 68","rf_probs",0,355,700,445,0.236666666666667,0.336492890995261,0,0.44375,0.336492890995261,0.382749326145553,"rf_probs",0,124,256,151,0.233521657250471,0.326315789473684,0,0.450909090909091,0.326315789473684,0.378625954198473,"rf_probs",0,231,444,294,0.238390092879257,0.342222222222222,0,0.44,0.342222222222222,0.385
2000,1000,80,0.3,0.05,"a",FALSE,0.5,0,752,"17, 71, 20, 68","rf_class",424,1024,31,21,0.965333333333333,0.970616113744076,0.952808988764045,0.979904306220096,0.970616113744076,0.975238095238095,"rf_class",144,366,14,7,0.96045197740113,0.963157894736842,0.95364238410596,0.981233243967828,0.963157894736842,0.972111553784861,"rf_class",280,658,17,14,0.968008255933953,0.974814814814815,0.952380952380952,0.979166666666667,0.974814814814815,0.976985894580549
2000,1000,80,0.3,0.05,"a",FALSE,0.5,0,753,"71, 35, 6, 15","IRT",409,1030,52,9,0.959333333333333,0.951940850277264,0.978468899521531,0.991337824831569,0.951940850277264,0.971239981140971,"IRT",157,345,19,4,0.956190476190476,0.947802197802198,0.975155279503106,0.988538681948424,0.947802197802198,0.967741935483871,"IRT",252,685,33,5,0.961025641025641,0.954038997214485,0.980544747081712,0.992753623188406,0.954038997214485,0.973011363636364
2000,1000,80,0.3,0.05,"a",FALSE,0.5,0,753,"71, 35, 6, 15","rf_probs",0,368,714,418,0.245333333333333,0.340110905730129,0,0.468193384223919,0.340110905730129,0.394004282655246,"rf_probs",0,120,244,161,0.228571428571429,0.32967032967033,0,0.427046263345196,0.32967032967033,0.372093023255814,"rf_probs",0,248,470,257,0.254358974358974,0.345403899721448,0,0.491089108910891,0.345403899721448,0.405560098119379
2000,1000,80,0.3,0.05,"a",FALSE,0.5,0,753,"71, 35, 6, 15","rf_class",400,1032,50,18,0.954666666666667,0.953789279112754,0.956937799043062,0.982857142857143,0.953789279112754,0.968105065666041,"rf_class",152,346,18,9,0.948571428571429,0.950549450549451,0.944099378881988,0.974647887323944,0.950549450549451,0.962447844228095,"rf_class",248,686,32,9,0.957948717948718,0.955431754874652,0.964980544747082,0.98705035971223,0.955431754874652,0.970983722576079
2000,1000,80,0.3,0.05,"a",FALSE,0.5,0,754,"62, 32, 73, 80","IRT",452,970,70,8,0.948,0.932692307692308,0.982608695652174,0.991820040899795,0.932692307692308,0.961347869177403,"IRT",160,326,26,2,0.945525291828794,0.926136363636364,0.987654320987654,0.99390243902439,0.926136363636364,0.958823529411765,"IRT",292,644,44,6,0.949290060851927,0.936046511627907,0.979865771812081,0.990769230769231,0.936046511627907,0.962630792227205
2000,1000,80,0.3,0.05,"a",FALSE,0.5,0,754,"62, 32, 73, 80","rf_probs",0,368,672,460,0.245333333333333,0.353846153846154,0,0.444444444444444,0.353846153846154,0.394004282655246,"rf_probs",0,133,219,162,0.25875486381323,0.377840909090909,0,0.450847457627119,0.377840909090909,0.41112828438949,"rf_probs",0,235,453,298,0.238336713995943,0.34156976744186,0,0.440900562851782,0.34156976744186,0.384930384930385
2000,1000,80,0.3,0.05,"a",FALSE,0.5,0,754,"62, 32, 73, 80","rf_class",434,996,44,26,0.953333333333333,0.957692307692308,0.943478260869565,0.974559686888454,0.957692307692308,0.966052376333657,"rf_class",156,337,15,6,0.959143968871595,0.957386363636364,0.962962962962963,0.982507288629738,0.957386363636364,0.96978417266187,"rf_class",278,659,29,20,0.950304259634888,0.957848837209302,0.932885906040268,0.970544918998527,0.957848837209302,0.964155084125823
2000,1000,80,0.3,0.05,"a",FALSE,0.5,0,755,"63, 35, 44, 20","IRT",450,987,45,18,0.958,0.956395348837209,0.961538461538462,0.982089552238806,0.956395348837209,0.969072164948454,"IRT",150,348,14,5,0.963249516441006,0.961325966850829,0.967741935483871,0.985835694050991,0.961325966850829,0.973426573426573,"IRT",300,639,31,13,0.955239064089522,0.953731343283582,0.958466453674121,0.980061349693252,0.953731343283582,0.966717095310136
2000,1000,80,0.3,0.05,"a",FALSE,0.5,0,755,"63, 35, 44, 20","rf_probs",0,398,634,468,0.265333333333333,0.385658914728682,0,0.459584295612009,0.385658914728682,0.419388830347734,"rf_probs",0,131,231,155,0.253384912959381,0.361878453038674,0,0.458041958041958,0.361878453038674,0.404320987654321,"rf_probs",0,267,403,313,0.271617497456765,0.398507462686567,0,0.460344827586207,0.398507462686567,0.4272
2000,1000,80,0.3,0.05,"a",FALSE,0.5,0,755,"63, 35, 44, 20","rf_class",442,991,41,26,0.955333333333333,0.960271317829457,0.944444444444444,0.974434611602753,0.960271317829457,0.96730112249878,"rf_class",147,349,13,8,0.959381044487427,0.964088397790055,0.948387096774194,0.977591036414566,0.964088397790055,0.970792767732962,"rf_class",295,642,28,18,0.953204476093591,0.958208955223881,0.942492012779553,0.972727272727273,0.958208955223881,0.965413533834586
2000,1000,80,0.3,0.05,"a",FALSE,0.5,0,756,"13, 67, 64, 42","IRT",444,998,42,16,0.961333333333333,0.959615384615385,0.965217391304348,0.98422090729783,0.959615384615385,0.971762414800389,"IRT",157,327,13,7,0.96031746031746,0.961764705882353,0.957317073170732,0.979041916167665,0.961764705882353,0.970326409495549,"IRT",287,671,29,9,0.961847389558233,0.958571428571429,0.969594594594595,0.986764705882353,0.958571428571429,0.972463768115942
2000,1000,80,0.3,0.05,"a",FALSE,0.5,0,756,"13, 67, 64, 42","rf_probs",0,351,689,460,0.234,0.3375,0,0.432799013563502,0.3375,0.379254457050243,"rf_probs",0,110,230,164,0.218253968253968,0.323529411764706,0,0.401459854014599,0.323529411764706,0.358306188925081,"rf_probs",0,241,459,296,0.241967871485944,0.344285714285714,0,0.4487895716946,0.344285714285714,0.38965238480194
2000,1000,80,0.3,0.05,"a",FALSE,0.5,0,756,"13, 67, 64, 42","rf_class",438,1005,35,22,0.962,0.966346153846154,0.952173913043478,0.978578383641675,0.966346153846154,0.972423802612482,"rf_class",154,329,11,10,0.958333333333333,0.967647058823529,0.939024390243902,0.970501474926254,0.967647058823529,0.969072164948454,"rf_class",284,676,24,12,0.963855421686747,0.965714285714286,0.959459459459459,0.982558139534884,0.965714285714286,0.974063400576369
2000,1000,80,0.3,0.05,"a",FALSE,0.5,0,757,"46, 48, 66, 62","IRT",435,1013,38,14,0.965333333333333,0.963843958135109,0.968819599109131,0.986368062317429,0.963843958135109,0.97497593840231,"IRT",149,338,17,2,0.962450592885375,0.952112676056338,0.986754966887417,0.994117647058824,0.952112676056338,0.972661870503597,"IRT",286,675,21,12,0.966800804828974,0.969827586206897,0.959731543624161,0.982532751091703,0.969827586206897,0.976138828633406
2000,1000,80,0.3,0.05,"a",FALSE,0.5,0,757,"46, 48, 66, 62","rf_probs",0,321,730,449,0.214,0.305423406279734,0,0.416883116883117,0.305423406279734,0.352553542009885,"rf_probs",0,97,258,151,0.191699604743083,0.273239436619718,0,0.391129032258065,0.273239436619718,0.321724709784411,"rf_probs",0,224,472,298,0.225352112676056,0.32183908045977,0,0.42911877394636,0.32183908045977,0.367816091954023
2000,1000,80,0.3,0.05,"a",FALSE,0.5,0,757,"46, 48, 66, 62","rf_class",422,1022,29,27,0.962666666666667,0.972407231208373,0.939866369710468,0.974261201143947,0.972407231208373,0.973333333333333,"rf_class",145,346,9,6,0.970355731225296,0.974647887323944,0.960264900662252,0.982954545454545,0.974647887323944,0.978783592644979,"rf_class",277,676,20,21,0.958752515090543,0.971264367816092,0.929530201342282,0.96987087517934,0.971264367816092,0.97056712132089
2000,1000,80,0.3,0.05,"a",FALSE,0.5,0,758,"74, 72, 16, 55","IRT",455,977,61,7,0.954666666666667,0.941233140655106,0.984848484848485,0.992886178861789,0.941233140655106,0.966369930761622,"IRT",158,331,22,3,0.95136186770428,0.937677053824363,0.981366459627329,0.991017964071856,0.937677053824363,0.963609898107715,"IRT",297,646,39,4,0.956389452332657,0.943065693430657,0.98671096345515,0.993846153846154,0.943065693430657,0.967790262172285
2000,1000,80,0.3,0.05,"a",FALSE,0.5,0,758,"74, 72, 16, 55","rf_probs",0,350,688,462,0.233333333333333,0.33718689788054,0,0.431034482758621,0.33718689788054,0.378378378378378,"rf_probs",0,115,238,161,0.223735408560311,0.325779036827195,0,0.416666666666667,0.325779036827195,0.365659777424483,"rf_probs",0,235,450,301,0.238336713995943,0.343065693430657,0,0.438432835820896,0.343065693430657,0.384930384930385
2000,1000,80,0.3,0.05,"a",FALSE,0.5,0,758,"74, 72, 16, 55","rf_class",440,998,40,22,0.958666666666667,0.961464354527938,0.952380952380952,0.97843137254902,0.961464354527938,0.969873663751215,"rf_class",155,338,15,6,0.959143968871595,0.957507082152975,0.962732919254658,0.982558139534884,0.957507082152975,0.96987087517934,"rf_class",285,660,25,16,0.95841784989858,0.963503649635037,0.946843853820598,0.976331360946746,0.963503649635037,0.969875091844232
2000,1000,80,0.3,0.05,"a",FALSE,0.5,0,759,"12, 47, 38, 35","IRT",409,1028,46,17,0.958,0.957169459962756,0.960093896713615,0.983732057416268,0.957169459962756,0.970268994808872,"IRT",135,335,16,4,0.959183673469388,0.954415954415954,0.971223021582734,0.988200589970501,0.954415954415954,0.971014492753623,"IRT",274,693,30,13,0.957425742574257,0.95850622406639,0.954703832752613,0.981586402266289,0.95850622406639,0.969909027291812
2000,1000,80,0.3,0.05,"a",FALSE,0.5,0,759,"12, 47, 38, 35","rf_probs",0,371,703,426,0.247333333333333,0.345437616387337,0,0.465495608531995,0.345437616387337,0.396579369321219,"rf_probs",0,124,227,139,0.253061224489796,0.353276353276353,0,0.47148288973384,0.353276353276353,0.403908794788274,"rf_probs",0,247,476,287,0.244554455445545,0.341632088520055,0,0.462546816479401,0.341632088520055,0.392999204455052
2000,1000,80,0.3,0.05,"a",FALSE,0.5,0,759,"12, 47, 38, 35","rf_class",402,1038,36,24,0.96,0.966480446927374,0.943661971830986,0.977401129943503,0.966480446927374,0.971910112359551,"rf_class",132,338,13,7,0.959183673469388,0.962962962962963,0.949640287769784,0.979710144927536,0.962962962962963,0.971264367816092,"rf_class",270,700,23,17,0.96039603960396,0.968188105117566,0.940766550522648,0.97629009762901,0.968188105117566,0.972222222222222
2000,1000,80,0.3,0.05,"a",FALSE,0.5,0,760,"18, 9, 30, 6","IRT",429,1000,64,7,0.952666666666667,0.93984962406015,0.98394495412844,0.99304865938431,0.93984962406015,0.965717044905843,"IRT",139,339,20,1,0.957915831663327,0.944289693593315,0.992857142857143,0.997058823529412,0.944289693593315,0.969957081545064,"IRT",290,661,44,6,0.95004995004995,0.93758865248227,0.97972972972973,0.991004497751124,0.93758865248227,0.963556851311953
2000,1000,80,0.3,0.05,"a",FALSE,0.5,0,760,"18, 9, 30, 6","rf_probs",0,388,676,436,0.258666666666667,0.364661654135338,0,0.470873786407767,0.364661654135338,0.411016949152542,"rf_probs",0,127,232,140,0.254509018036072,0.353760445682451,0,0.47565543071161,0.353760445682451,0.405750798722045,"rf_probs",0,261,444,296,0.260739260739261,0.370212765957447,0,0.468581687612208,0.370212765957447,0.413629160063391
2000,1000,80,0.3,0.05,"a",FALSE,0.5,0,760,"18, 9, 30, 6","rf_class",416,1025,39,20,0.960666666666667,0.963345864661654,0.954128440366973,0.980861244019139,0.963345864661654,0.972024656235183,"rf_class",135,346,13,5,0.963927855711423,0.963788300835655,0.964285714285714,0.985754985754986,0.963788300835655,0.974647887323944,"rf_class",281,679,26,15,0.959040959040959,0.963120567375886,0.949324324324324,0.978386167146974,0.963120567375886,0.970693352394568
2000,1000,80,0.3,0.05,"a",FALSE,0.5,0,761,"10, 56, 40, 33","IRT",436,1010,32,22,0.964,0.969289827255278,0.951965065502183,0.978682170542636,0.969289827255278,0.973963355834137,"IRT",136,313,8,9,0.963519313304721,0.975077881619938,0.937931034482759,0.972049689440994,0.975077881619938,0.973561430793157,"IRT",300,697,24,13,0.9642166344294,0.966712898751734,0.958466453674121,0.98169014084507,0.966712898751734,0.974143955276031
2000,1000,80,0.3,0.05,"a",FALSE,0.5,0,761,"10, 56, 40, 33","rf_probs",0,361,681,458,0.240666666666667,0.346449136276392,0,0.440781440781441,0.346449136276392,0.387963460505105,"rf_probs",0,108,213,145,0.231759656652361,0.336448598130841,0,0.426877470355731,0.336448598130841,0.376306620209059,"rf_probs",0,253,468,313,0.24468085106383,0.350901525658807,0,0.446996466431095,0.350901525658807,0.393162393162393
2000,1000,80,0.3,0.05,"a",FALSE,0.5,0,761,"10, 56, 40, 33","rf_class",435,1008,34,23,0.962,0.967370441458733,0.949781659388646,0.977691561590689,0.967370441458733,0.972503617945007,"rf_class",136,313,8,9,0.963519313304721,0.975077881619938,0.937931034482759,0.972049689440994,0.975077881619938,0.973561430793157,"rf_class",299,695,26,14,0.961315280464217,0.963938973647712,0.955271565495208,0.980253878702398,0.963938973647712,0.972027972027972
2000,1000,80,0.3,0.05,"a",FALSE,0.5,0,762,"21, 73, 76, 32","IRT",437,1003,49,11,0.96,0.953422053231939,0.975446428571429,0.989151873767258,0.953422053231939,0.970958373668925,"IRT",149,356,14,2,0.969289827255278,0.962162162162162,0.986754966887417,0.994413407821229,0.962162162162162,0.978021978021978,"IRT",288,647,35,9,0.955056179775281,0.948680351906158,0.96969696969697,0.986280487804878,0.948680351906158,0.96711509715994
2000,1000,80,0.3,0.05,"a",FALSE,0.5,0,762,"21, 73, 76, 32","rf_probs",0,392,660,448,0.261333333333333,0.372623574144487,0,0.466666666666667,0.372623574144487,0.414376321353066,"rf_probs",0,149,221,151,0.285988483685221,0.402702702702703,0,0.496666666666667,0.402702702702703,0.444776119402985,"rf_probs",0,243,439,297,0.248212461695608,0.356304985337243,0,0.45,0.356304985337243,0.397708674304419
2000,1000,80,0.3,0.05,"a",FALSE,0.5,0,762,"21, 73, 76, 32","rf_class",430,1014,38,18,0.962666666666667,0.963878326996198,0.959821428571429,0.982558139534884,0.963878326996198,0.973128598848368,"rf_class",145,358,12,6,0.965451055662188,0.967567567567568,0.960264900662252,0.983516483516483,0.967567567567568,0.975476839237057,"rf_class",285,656,26,12,0.961184882533197,0.961876832844575,0.95959595959596,0.982035928143713,0.961876832844575,0.971851851851852
2000,1000,80,0.3,0.05,"a",FALSE,0.5,0,763,"22, 66, 51, 23","IRT",445,966,88,1,0.940666666666667,0.916508538899431,0.997757847533632,0.998965873836608,0.916508538899431,0.955962394854033,"IRT",156,327,30,0,0.941520467836257,0.915966386554622,1,1,0.915966386554622,0.956140350877193,"IRT",289,639,58,1,0.940222897669706,0.916786226685796,0.996551724137931,0.9984375,0.916786226685796,0.955871353777113
2000,1000,80,0.3,0.05,"a",FALSE,0.5,0,763,"22, 66, 51, 23","rf_probs",0,330,724,446,0.22,0.313092979127135,0,0.425257731958763,0.313092979127135,0.360655737704918,"rf_probs",0,120,237,156,0.233918128654971,0.336134453781513,0,0.434782608695652,0.336134453781513,0.37914691943128,"rf_probs",0,210,487,290,0.212765957446809,0.3012912482066,0,0.42,0.3012912482066,0.350877192982456
2000,1000,80,0.3,0.05,"a",FALSE,0.5,0,763,"22, 66, 51, 23","rf_class",416,1006,48,30,0.948,0.954459203036053,0.932735426008969,0.971042471042471,0.954459203036053,0.962679425837321,"rf_class",145,342,15,11,0.949317738791423,0.957983193277311,0.92948717948718,0.968838526912181,0.957983193277311,0.963380281690141,"rf_class",271,664,33,19,0.947315096251266,0.952654232424677,0.93448275862069,0.972181551976574,0.952654232424677,0.96231884057971
2000,1000,80,0.3,0.05,"a",FALSE,0.5,0,764,"73, 72, 70, 36","IRT",429,1029,30,12,0.972,0.971671388101983,0.972789115646258,0.988472622478386,0.971671388101983,0.98,"IRT",151,333,9,3,0.975806451612903,0.973684210526316,0.980519480519481,0.991071428571429,0.973684210526316,0.982300884955752,"IRT",278,696,21,9,0.970119521912351,0.97071129707113,0.968641114982578,0.987234042553191,0.97071129707113,0.978902953586498
2000,1000,80,0.3,0.05,"a",FALSE,0.5,0,764,"73, 72, 70, 36","rf_probs",0,306,753,441,0.204,0.288951841359773,0,0.409638554216867,0.288951841359773,0.338870431893688,"rf_probs",0,102,240,154,0.205645161290323,0.298245614035088,0,0.3984375,0.298245614035088,0.341137123745819,"rf_probs",0,204,513,287,0.203187250996016,0.284518828451883,0,0.415478615071283,0.284518828451883,0.337748344370861
2000,1000,80,0.3,0.05,"a",FALSE,0.5,0,764,"73, 72, 70, 36","rf_class",422,1022,37,19,0.962666666666667,0.965061378659112,0.956916099773243,0.981748318924111,0.965061378659112,0.973333333333333,"rf_class",146,331,11,8,0.961693548387097,0.967836257309941,0.948051948051948,0.976401179941003,0.967836257309941,0.972099853157122,"rf_class",276,691,26,11,0.963147410358566,0.96373779637378,0.961672473867596,0.984330484330484,0.96373779637378,0.973925299506695
2000,1000,80,0.3,0.05,"a",FALSE,0.5,0,765,"66, 51, 3, 46","IRT",437,1002,49,12,0.959333333333333,0.953377735490009,0.973273942093541,0.988165680473373,0.953377735490009,0.97046004842615,"IRT",136,350,15,3,0.964285714285714,0.958904109589041,0.97841726618705,0.991501416430595,0.958904109589041,0.974930362116992,"IRT",301,652,34,9,0.956827309236948,0.950437317784257,0.970967741935484,0.986384266263237,0.950437317784257,0.96807720861173
2000,1000,80,0.3,0.05,"a",FALSE,0.5,0,765,"66, 51, 3, 46","rf_probs",0,342,709,449,0.228,0.325404376784015,0,0.43236409608091,0.325404376784015,0.371335504885994,"rf_probs",0,118,247,139,0.234126984126984,0.323287671232877,0,0.459143968871595,0.323287671232877,0.379421221864952,"rf_probs",0,224,462,310,0.224899598393574,0.326530612244898,0,0.419475655430712,0.326530612244898,0.367213114754098
2000,1000,80,0.3,0.05,"a",FALSE,0.5,0,765,"66, 51, 3, 46","rf_class",419,1016,35,30,0.956666666666667,0.966698382492864,0.933184855233853,0.97131931166348,0.966698382492864,0.969003338102051,"rf_class",134,351,14,5,0.962301587301587,0.961643835616438,0.964028776978417,0.985955056179775,0.961643835616438,0.973647711511789,"rf_class",285,665,21,25,0.953815261044177,0.969387755102041,0.919354838709677,0.963768115942029,0.969387755102041,0.96656976744186
2000,1000,80,0.3,0.05,"a",FALSE,0.5,0,766,"26, 2, 63, 9","IRT",440,1007,33,20,0.964666666666667,0.968269230769231,0.956521739130435,0.980525803310613,0.968269230769231,0.974358974358974,"IRT",145,314,9,5,0.970401691331924,0.972136222910217,0.966666666666667,0.984326018808777,0.972136222910217,0.978193146417445,"IRT",295,693,24,15,0.962025316455696,0.96652719665272,0.951612903225806,0.978813559322034,0.96652719665272,0.972631578947368
2000,1000,80,0.3,0.05,"a",FALSE,0.5,0,766,"26, 2, 63, 9","rf_probs",0,303,737,460,0.202,0.291346153846154,0,0.397116644823067,0.291346153846154,0.336106489184692,"rf_probs",0,79,244,150,0.167019027484144,0.244582043343653,0,0.344978165938865,0.244582043343653,0.286231884057971,"rf_probs",0,224,493,310,0.21811100292113,0.312412831241283,0,0.419475655430712,0.312412831241283,0.358113509192646
2000,1000,80,0.3,0.05,"a",FALSE,0.5,0,766,"26, 2, 63, 9","rf_class",444,998,42,16,0.961333333333333,0.959615384615385,0.965217391304348,0.98422090729783,0.959615384615385,0.971762414800389,"rf_class",146,310,13,4,0.964059196617336,0.959752321981424,0.973333333333333,0.987261146496815,0.959752321981424,0.97331240188383,"rf_class",298,688,29,12,0.960077896786758,0.95955369595537,0.961290322580645,0.982857142857143,0.95955369595537,0.97106563161609
2000,1000,80,0.3,0.05,"a",FALSE,0.5,0,767,"7, 8, 18, 19","IRT",420,1016,44,20,0.957333333333333,0.958490566037736,0.954545454545455,0.980694980694981,0.958490566037736,0.969465648854962,"IRT",123,344,15,8,0.953061224489796,0.958217270194986,0.938931297709924,0.977272727272727,0.958217270194986,0.967651195499297,"IRT",297,672,29,12,0.959405940594059,0.958630527817404,0.961165048543689,0.982456140350877,0.958630527817404,0.970397111913357
2000,1000,80,0.3,0.05,"a",FALSE,0.5,0,767,"7, 8, 18, 19","rf_probs",0,388,672,440,0.258666666666667,0.366037735849057,0,0.468599033816425,0.366037735849057,0.411016949152542,"rf_probs",0,145,214,131,0.295918367346939,0.403899721448468,0,0.52536231884058,0.403899721448468,0.456692913385827,"rf_probs",0,243,458,309,0.240594059405941,0.346647646219686,0,0.440217391304348,0.346647646219686,0.387869114126097
2000,1000,80,0.3,0.05,"a",FALSE,0.5,0,767,"7, 8, 18, 19","rf_class",411,1016,44,29,0.951333333333333,0.958490566037736,0.934090909090909,0.972248803827751,0.958490566037736,0.965320665083135,"rf_class",123,345,14,8,0.955102040816327,0.96100278551532,0.938931297709924,0.977337110481586,0.96100278551532,0.969101123595506,"rf_class",288,671,30,21,0.949504950495049,0.957203994293866,0.932038834951456,0.969653179190751,0.957203994293866,0.963388370423546
2000,1000,80,0.3,0.05,"a",FALSE,0.5,0,768,"62, 73, 45, 9","IRT",462,979,53,6,0.960666666666667,0.948643410852713,0.987179487179487,0.993908629441624,0.948643410852713,0.970748636588993,"IRT",159,338,18,4,0.957610789980732,0.949438202247191,0.975460122699387,0.988304093567251,0.949438202247191,0.968481375358166,"IRT",303,641,35,2,0.962283384301733,0.948224852071006,0.99344262295082,0.996889580093313,0.948224852071006,0.971948445792267
2000,1000,80,0.3,0.05,"a",FALSE,0.5,0,768,"62, 73, 45, 9","rf_probs",0,384,648,468,0.256,0.372093023255814,0,0.450704225352113,0.372093023255814,0.407643312101911,"rf_probs",0,135,221,163,0.260115606936416,0.379213483146067,0,0.453020134228188,0.379213483146067,0.412844036697248,"rf_probs",0,249,427,305,0.253822629969419,0.368343195266272,0,0.449458483754513,0.368343195266272,0.404878048780488
2000,1000,80,0.3,0.05,"a",FALSE,0.5,0,768,"62, 73, 45, 9","rf_class",438,996,36,30,0.956,0.965116279069767,0.935897435897436,0.970760233918129,0.965116279069767,0.967930029154519,"rf_class",151,345,11,12,0.955684007707129,0.969101123595506,0.926380368098159,0.966386554621849,0.969101123595506,0.967741935483871,"rf_class",287,651,25,18,0.956167176350663,0.96301775147929,0.940983606557377,0.973094170403587,0.96301775147929,0.968029739776952
2000,1000,80,0.3,0.05,"a",FALSE,0.5,0,769,"29, 43, 23, 32","IRT",428,1016,35,21,0.962666666666667,0.966698382492864,0.953229398663697,0.979749276759884,0.966698382492864,0.973180076628352,"IRT",141,345,10,9,0.962376237623762,0.971830985915493,0.94,0.974576271186441,0.971830985915493,0.973201692524683,"IRT",287,671,25,12,0.962814070351759,0.964080459770115,0.959866220735786,0.982430453879941,0.964080459770115,0.973168963016679
2000,1000,80,0.3,0.05,"a",FALSE,0.5,0,769,"29, 43, 23, 32","rf_probs",0,368,683,449,0.245333333333333,0.350142721217888,0,0.450428396572827,0.350142721217888,0.394004282655246,"rf_probs",0,126,229,150,0.24950495049505,0.354929577464789,0,0.456521739130435,0.354929577464789,0.399366085578447,"rf_probs",0,242,454,299,0.24321608040201,0.347701149425287,0,0.44731977818854,0.347701149425287,0.391269199676637
2000,1000,80,0.3,0.05,"a",FALSE,0.5,0,769,"29, 43, 23, 32","rf_class",427,1008,43,22,0.956666666666667,0.959086584205519,0.951002227171492,0.978640776699029,0.959086584205519,0.968765016818837,"rf_class",141,339,16,9,0.95049504950495,0.954929577464789,0.94,0.974137931034483,0.954929577464789,0.964438122332859,"rf_class",286,669,27,13,0.959798994974874,0.961206896551724,0.956521739130435,0.980938416422287,0.961206896551724,0.970972423802612
2000,1000,80,0.3,0.05,"a",FALSE,0.5,0,770,"21, 8, 77, 62","IRT",427,1017,33,23,0.962666666666667,0.968571428571429,0.948888888888889,0.977884615384615,0.968571428571429,0.973205741626794,"IRT",146,349,7,7,0.972495088408644,0.980337078651685,0.954248366013072,0.980337078651685,0.980337078651685,0.980337078651685,"IRT",281,668,26,16,0.957618567103935,0.962536023054755,0.946127946127946,0.976608187134503,0.962536023054755,0.969521044992743
2000,1000,80,0.3,0.05,"a",FALSE,0.5,0,770,"21, 8, 77, 62","rf_probs",0,378,672,450,0.252,0.36,0,0.456521739130435,0.36,0.402555910543131,"rf_probs",0,124,232,153,0.243614931237721,0.348314606741573,0,0.447653429602888,0.348314606741573,0.391785150078989,"rf_probs",0,254,440,297,0.256306760847629,0.365994236311239,0,0.460980036297641,0.365994236311239,0.408032128514056
2000,1000,80,0.3,0.05,"a",FALSE,0.5,0,770,"21, 8, 77, 62","rf_class",430,1004,46,20,0.956,0.956190476190476,0.955555555555556,0.98046875,0.956190476190476,0.968177434908389,"rf_class",149,345,11,4,0.970530451866405,0.969101123595506,0.973856209150327,0.988538681948424,0.969101123595506,0.978723404255319,"rf_class",281,659,35,16,0.94853683148335,0.949567723342939,0.946127946127946,0.976296296296296,0.949567723342939,0.962746530314098
2000,1000,80,0.3,0.05,"a",FALSE,0.5,0,771,"41, 16, 62, 43","IRT",449,1000,40,11,0.966,0.961538461538462,0.976086956521739,0.989119683481701,0.961538461538462,0.975134080936129,"IRT",156,345,15,2,0.967181467181467,0.958333333333333,0.987341772151899,0.994236311239193,0.958333333333333,0.975954738330976,"IRT",293,655,25,9,0.965376782077393,0.963235294117647,0.970198675496689,0.98644578313253,0.963235294117647,0.974702380952381
2000,1000,80,0.3,0.05,"a",FALSE,0.5,0,771,"41, 16, 62, 43","rf_probs",0,320,720,460,0.213333333333333,0.307692307692308,0,0.41025641025641,0.307692307692308,0.351648351648352,"rf_probs",0,111,249,158,0.214285714285714,0.308333333333333,0,0.412639405204461,0.308333333333333,0.352941176470588,"rf_probs",0,209,471,302,0.212830957230143,0.307352941176471,0,0.409001956947162,0.307352941176471,0.350965575146935
2000,1000,80,0.3,0.05,"a",FALSE,0.5,0,771,"41, 16, 62, 43","rf_class",435,1011,29,25,0.964,0.972115384615385,0.945652173913043,0.975868725868726,0.972115384615385,0.973988439306358,"rf_class",152,350,10,6,0.969111969111969,0.972222222222222,0.962025316455696,0.98314606741573,0.972222222222222,0.977653631284916,"rf_class",283,661,19,19,0.961303462321792,0.972058823529412,0.937086092715232,0.972058823529412,0.972058823529412,0.972058823529412
2000,1000,80,0.3,0.05,"a",FALSE,0.5,0,772,"75, 22, 20, 56","IRT",432,992,69,7,0.949333333333333,0.934967012252592,0.984054669703872,0.992992992992993,0.934967012252592,0.963106796116505,"IRT",130,337,17,3,0.958932238193018,0.951977401129944,0.977443609022556,0.991176470588235,0.951977401129944,0.971181556195965,"IRT",302,655,52,4,0.94471865745311,0.926449787835926,0.986928104575163,0.993930197268589,0.926449787835926,0.95900439238653
2000,1000,80,0.3,0.05,"a",FALSE,0.5,0,772,"75, 22, 20, 56","rf_probs",0,400,661,439,0.266666666666667,0.377002827521206,0,0.476758045292014,0.377002827521206,0.421052631578947,"rf_probs",0,119,235,133,0.24435318275154,0.336158192090395,0,0.472222222222222,0.336158192090395,0.392739273927393,"rf_probs",0,281,426,306,0.277393879565647,0.397454031117397,0,0.47870528109029,0.397454031117397,0.434312210200927
2000,1000,80,0.3,0.05,"a",FALSE,0.5,0,772,"75, 22, 20, 56","rf_class",419,1007,54,20,0.950666666666667,0.949104618284637,0.954441913439636,0.980525803310613,0.949104618284637,0.96455938697318,"rf_class",125,343,11,8,0.960985626283368,0.968926553672316,0.93984962406015,0.977207977207977,0.968926553672316,0.973049645390071,"rf_class",294,664,43,12,0.945705824284304,0.939179632248939,0.96078431372549,0.982248520710059,0.939179632248939,0.960231381055676
2000,1000,80,0.3,0.05,"a",FALSE,0.5,0,773,"63, 5, 31, 13","IRT",441,1012,29,18,0.968666666666667,0.972142170989433,0.96078431372549,0.98252427184466,0.972142170989433,0.977305649444713,"IRT",149,335,13,6,0.962226640159046,0.96264367816092,0.961290322580645,0.982404692082111,0.96264367816092,0.972423802612482,"IRT",292,677,16,12,0.971915747241725,0.976911976911977,0.960526315789474,0.982583454281567,0.976911976911977,0.979739507959479
2000,1000,80,0.3,0.05,"a",FALSE,0.5,0,773,"63, 5, 31, 13","rf_probs",0,336,705,459,0.224,0.322766570605187,0,0.422641509433962,0.322766570605187,0.366013071895425,"rf_probs",0,102,246,155,0.202783300198807,0.293103448275862,0,0.396887159533074,0.293103448275862,0.337190082644628,"rf_probs",0,234,459,304,0.234704112337011,0.337662337662338,0,0.434944237918216,0.337662337662338,0.380178716490658
2000,1000,80,0.3,0.05,"a",FALSE,0.5,0,773,"63, 5, 31, 13","rf_class",435,1017,24,24,0.968,0.976945244956772,0.947712418300654,0.976945244956772,0.976945244956772,0.976945244956772,"rf_class",151,337,11,4,0.970178926441352,0.968390804597701,0.974193548387097,0.988269794721408,0.968390804597701,0.978229317851959,"rf_class",284,680,13,20,0.966900702106319,0.981240981240981,0.934210526315789,0.971428571428571,0.981240981240981,0.976310122038765
2000,1000,80,0.3,0.05,"a",FALSE,0.5,0,774,"17, 27, 20, 45","IRT",468,989,30,13,0.971333333333333,0.970559371933268,0.972972972972973,0.987025948103792,0.970559371933268,0.978723404255319,"IRT",151,338,7,4,0.978,0.979710144927536,0.974193548387097,0.988304093567251,0.979710144927536,0.983988355167394,"IRT",317,651,23,9,0.968,0.965875370919881,0.97239263803681,0.986363636363636,0.965875370919881,0.976011994002999
2000,1000,80,0.3,0.05,"a",FALSE,0.5,0,774,"17, 27, 20, 45","rf_probs",0,352,667,481,0.234666666666667,0.345436702649657,0,0.422569027611044,0.345436702649657,0.380129589632829,"rf_probs",0,116,229,155,0.232,0.336231884057971,0,0.428044280442804,0.336231884057971,0.376623376623377,"rf_probs",0,236,438,326,0.236,0.350148367952522,0,0.419928825622776,0.350148367952522,0.381877022653722
2000,1000,80,0.3,0.05,"a",FALSE,0.5,0,774,"17, 27, 20, 45","rf_class",457,988,31,24,0.963333333333333,0.969578017664377,0.95010395010395,0.976284584980237,0.969578017664377,0.972919743968488,"rf_class",150,335,10,5,0.97,0.971014492753623,0.967741935483871,0.985294117647059,0.971014492753623,0.978102189781022,"rf_class",307,653,21,19,0.96,0.968842729970326,0.941717791411043,0.97172619047619,0.968842729970326,0.970282317979198
2000,1000,80,0.3,0.05,"a",FALSE,0.5,0,775,"77, 53, 60, 39","IRT",451,996,37,16,0.964666666666667,0.964181994191675,0.965738758029979,0.984189723320158,0.964181994191675,0.974083129584352,"IRT",138,330,12,3,0.968944099378882,0.964912280701754,0.978723404255319,0.990990990990991,0.964912280701754,0.977777777777778,"IRT",313,666,25,13,0.962635201573255,0.963820549927641,0.960122699386503,0.980854197349043,0.963820549927641,0.972262773722628
2000,1000,80,0.3,0.05,"a",FALSE,0.5,0,775,"77, 53, 60, 39","rf_probs",0,369,664,467,0.246,0.357212003872217,0,0.441387559808612,0.357212003872217,0.394863563402889,"rf_probs",0,135,207,141,0.279503105590062,0.394736842105263,0,0.489130434782609,0.394736842105263,0.436893203883495,"rf_probs",0,234,457,326,0.230088495575221,0.338639652677279,0,0.417857142857143,0.338639652677279,0.37410071942446
2000,1000,80,0.3,0.05,"a",FALSE,0.5,0,775,"77, 53, 60, 39","rf_class",436,1005,28,31,0.960666666666667,0.972894482090997,0.933618843683084,0.97007722007722,0.972894482090997,0.97148380860319,"rf_class",134,331,11,7,0.962732919254658,0.967836257309941,0.950354609929078,0.979289940828402,0.967836257309941,0.973529411764706,"rf_class",302,674,17,24,0.95968534906588,0.975397973950796,0.926380368098159,0.965616045845272,0.975397973950796,0.970482361411087
2000,1000,80,0.3,0.05,"a",FALSE,0.5,0,776,"68, 25, 15, 65","IRT",453,997,37,13,0.966666666666667,0.9642166344294,0.972103004291845,0.987128712871287,0.9642166344294,0.975538160469667,"IRT",166,343,9,3,0.976967370441459,0.974431818181818,0.982248520710059,0.991329479768786,0.974431818181818,0.982808022922636,"IRT",287,654,28,10,0.961184882533197,0.958944281524927,0.966329966329966,0.984939759036145,0.958944281524927,0.971768202080238
2000,1000,80,0.3,0.05,"a",FALSE,0.5,0,776,"68, 25, 15, 65","rf_probs",0,330,704,466,0.22,0.319148936170213,0,0.414572864321608,0.319148936170213,0.360655737704918,"rf_probs",0,101,251,169,0.193857965451056,0.286931818181818,0,0.374074074074074,0.286931818181818,0.32475884244373,"rf_probs",0,229,453,297,0.23391215526047,0.335777126099707,0,0.435361216730038,0.335777126099707,0.379139072847682
2000,1000,80,0.3,0.05,"a",FALSE,0.5,0,776,"68, 25, 15, 65","rf_class",442,1002,32,24,0.962666666666667,0.969052224371373,0.948497854077253,0.976608187134503,0.969052224371373,0.972815533980583,"rf_class",160,342,10,9,0.963531669865643,0.971590909090909,0.946745562130177,0.974358974358974,0.971590909090909,0.972972972972973,"rf_class",282,660,22,15,0.96220633299285,0.967741935483871,0.94949494949495,0.977777777777778,0.967741935483871,0.972733971997052
2000,1000,80,0.3,0.05,"a",FALSE,0.5,0,777,"33, 20, 35, 3","IRT",449,989,49,13,0.958666666666667,0.952793834296724,0.971861471861472,0.987025948103792,0.952793834296724,0.969607843137255,"IRT",154,336,17,5,0.95703125,0.951841359773371,0.968553459119497,0.98533724340176,0.951841359773371,0.968299711815562,"IRT",295,653,32,8,0.959514170040486,0.953284671532847,0.973597359735974,0.987897125567322,0.953284671532847,0.970282317979198
2000,1000,80,0.3,0.05,"a",FALSE,0.5,0,777,"33, 20, 35, 3","rf_probs",0,375,663,462,0.25,0.361271676300578,0,0.448028673835125,0.361271676300578,0.4,"rf_probs",0,119,234,159,0.232421875,0.337110481586402,0,0.428057553956835,0.337110481586402,0.377179080824089,"rf_probs",0,256,429,303,0.259109311740891,0.373722627737226,0,0.457960644007156,0.373722627737226,0.411575562700965
2000,1000,80,0.3,0.05,"a",FALSE,0.5,0,777,"33, 20, 35, 3","rf_class",442,986,52,20,0.952,0.94990366088632,0.956709956709957,0.980119284294235,0.94990366088632,0.964774951076321,"rf_class",152,334,19,7,0.94921875,0.946175637393768,0.955974842767296,0.979472140762463,0.946175637393768,0.962536023054755,"rf_class",290,652,33,13,0.953441295546559,0.951824817518248,0.957095709570957,0.980451127819549,0.951824817518248,0.965925925925926
2000,1000,80,0.3,0.05,"a",FALSE,0.5,0,778,"31, 48, 59, 55","IRT",416,1001,74,9,0.944666666666667,0.931162790697674,0.978823529411765,0.991089108910891,0.931162790697674,0.960191846522782,"IRT",120,335,31,4,0.928571428571429,0.915300546448087,0.967741935483871,0.988200589970501,0.915300546448087,0.950354609929078,"IRT",296,666,43,5,0.952475247524752,0.93935119887165,0.983388704318937,0.992548435171386,0.93935119887165,0.965217391304348
2000,1000,80,0.3,0.05,"a",FALSE,0.5,0,778,"31, 48, 59, 55","rf_probs",0,426,649,425,0.284,0.396279069767442,0,0.500587544065805,0.396279069767442,0.442367601246106,"rf_probs",0,147,219,124,0.3,0.401639344262295,0,0.542435424354244,0.401639344262295,0.461538461538462,"rf_probs",0,279,430,301,0.276237623762376,0.393511988716502,0,0.481034482758621,0.393511988716502,0.43289371605896
2000,1000,80,0.3,0.05,"a",FALSE,0.5,0,778,"31, 48, 59, 55","rf_class",408,1023,52,17,0.954,0.951627906976744,0.96,0.983653846153846,0.951627906976744,0.967375886524823,"rf_class",118,343,23,6,0.940816326530612,0.937158469945355,0.951612903225806,0.982808022922636,0.937158469945355,0.95944055944056,"rf_class",290,680,29,11,0.96039603960396,0.959097320169252,0.963455149501661,0.984081041968162,0.959097320169252,0.971428571428571
2000,1000,80,0.3,0.05,"a",FALSE,0.5,0,779,"1, 60, 19, 10","IRT",433,1008,38,21,0.960666666666667,0.963671128107075,0.95374449339207,0.979591836734694,0.963671128107075,0.971566265060241,"IRT",150,325,12,7,0.961538461538462,0.964391691394659,0.955414012738854,0.978915662650602,0.964391691394659,0.971599402092676,"IRT",283,683,26,14,0.960238568588469,0.963328631875881,0.952861952861953,0.979913916786227,0.963328631875881,0.971550497866287
2000,1000,80,0.3,0.05,"a",FALSE,0.5,0,779,"1, 60, 19, 10","rf_probs",393,0,1046,61,0.262,0,0.865638766519824,0,0,NA,"rf_probs",135,0,337,22,0.273279352226721,0,0.859872611464968,0,0,NA,"rf_probs",258,0,709,39,0.256461232604374,0,0.868686868686869,0,0,NA
2000,1000,80,0.3,0.05,"a",FALSE,0.5,0,779,"1, 60, 19, 10","rf_class",422,1011,35,32,0.955333333333333,0.966539196940727,0.929515418502203,0.969319271332694,0.966539196940727,0.967927237912877,"rf_class",143,326,11,14,0.949392712550607,0.967359050445104,0.910828025477707,0.958823529411765,0.967359050445104,0.963072378138848,"rf_class",279,685,24,18,0.958250497017893,0.966149506346968,0.939393939393939,0.974395448079659,0.966149506346968,0.970254957507082
2000,1000,80,0.3,0.05,"a",FALSE,0.5,0,780,"53, 26, 5, 6","IRT",407,1035,43,15,0.961333333333333,0.960111317254174,0.964454976303318,0.985714285714286,0.960111317254174,0.972744360902256,"IRT",123,352,13,6,0.961538461538462,0.964383561643836,0.953488372093023,0.983240223463687,0.964383561643836,0.97372060857538,"IRT",284,683,30,9,0.961232604373757,0.957924263674614,0.969283276450512,0.986994219653179,0.957924263674614,0.972241992882562
2000,1000,80,0.3,0.05,"a",FALSE,0.5,0,780,"53, 26, 5, 6","rf_probs",0,375,703,422,0.25,0.347866419294991,0,0.470514429109159,0.347866419294991,0.4,"rf_probs",0,135,230,129,0.273279352226721,0.36986301369863,0,0.511363636363636,0.36986301369863,0.429252782193959,"rf_probs",0,240,473,293,0.238568588469185,0.336605890603086,0,0.450281425891182,0.336605890603086,0.385232744783307
2000,1000,80,0.3,0.05,"a",FALSE,0.5,0,780,"53, 26, 5, 6","rf_class",407,1033,45,15,0.96,0.958256029684601,0.964454976303318,0.985687022900763,0.958256029684601,0.971777986829727,"rf_class",124,349,16,5,0.95748987854251,0.956164383561644,0.961240310077519,0.985875706214689,0.956164383561644,0.970792767732962,"rf_class",283,684,29,10,0.961232604373757,0.959326788218794,0.965870307167236,0.985590778097983,0.959326788218794,0.97228144989339
2000,1000,80,0.3,0.05,"a",FALSE,0.5,0,781,"3, 8, 43, 70","IRT",445,980,64,11,0.95,0.938697318007663,0.975877192982456,0.988900100908174,0.938697318007663,0.963144963144963,"IRT",144,345,21,3,0.953216374269006,0.942622950819672,0.979591836734694,0.991379310344828,0.942622950819672,0.966386554621849,"IRT",301,635,43,8,0.948328267477204,0.936578171091445,0.97411003236246,0.98755832037325,0.936578171091445,0.961392884178653
2000,1000,80,0.3,0.05,"a",FALSE,0.5,0,781,"3, 8, 43, 70","rf_probs",0,361,683,456,0.240666666666667,0.345785440613027,0,0.441860465116279,0.345785440613027,0.387963460505105,"rf_probs",0,135,231,147,0.263157894736842,0.368852459016393,0,0.478723404255319,0.368852459016393,0.416666666666667,"rf_probs",0,226,452,309,0.228976697061803,0.333333333333333,0,0.422429906542056,0.333333333333333,0.372629843363561
2000,1000,80,0.3,0.05,"a",FALSE,0.5,0,781,"3, 8, 43, 70","rf_class",431,1004,40,25,0.956666666666667,0.961685823754789,0.945175438596491,0.975704567541302,0.961685823754789,0.968644476603956,"rf_class",140,353,13,7,0.961013645224172,0.96448087431694,0.952380952380952,0.980555555555556,0.96448087431694,0.972451790633609,"rf_class",291,651,27,18,0.954407294832827,0.960176991150443,0.941747572815534,0.973094170403587,0.960176991150443,0.966592427616927
2000,1000,80,0.3,0.05,"a",FALSE,0.5,0,782,"36, 31, 63, 3","IRT",424,1035,29,12,0.972666666666667,0.972744360902256,0.972477064220184,0.988538681948424,0.972744360902256,0.980577925153955,"IRT",137,346,7,3,0.979716024340771,0.980169971671388,0.978571428571429,0.991404011461318,0.980169971671388,0.985754985754986,"IRT",287,689,22,9,0.969215491559086,0.969057665260197,0.969594594594595,0.987106017191977,0.969057665260197,0.977998580553584
2000,1000,80,0.3,0.05,"a",FALSE,0.5,0,782,"36, 31, 63, 3","rf_probs",0,360,704,436,0.24,0.338345864661654,0,0.452261306532663,0.338345864661654,0.387096774193548,"rf_probs",0,120,233,140,0.243407707910751,0.339943342776204,0,0.461538461538462,0.339943342776204,0.391517128874388,"rf_probs",0,240,471,296,0.238331678252234,0.337552742616034,0,0.447761194029851,0.337552742616034,0.384923817161187
2000,1000,80,0.3,0.05,"a",FALSE,0.5,0,782,"36, 31, 63, 3","rf_class",416,1033,31,20,0.966,0.970864661654135,0.954128440366973,0.981006647673314,0.970864661654135,0.975909305621162,"rf_class",133,345,8,7,0.969574036511156,0.977337110481586,0.95,0.980113636363636,0.977337110481586,0.978723404255319,"rf_class",283,688,23,13,0.964250248262165,0.967651195499297,0.956081081081081,0.981455064194009,0.967651195499297,0.974504249291785
2000,1000,80,0.3,0.05,"a",FALSE,0.5,0,783,"68, 33, 31, 28","IRT",447,1003,43,7,0.966666666666667,0.958891013384321,0.984581497797357,0.993069306930693,0.958891013384321,0.97568093385214,"IRT",143,341,16,1,0.966067864271457,0.955182072829132,0.993055555555556,0.997076023391813,0.955182072829132,0.975679542203147,"IRT",304,662,27,6,0.966966966966967,0.960812772133527,0.980645161290323,0.991017964071856,0.960812772133527,0.975681650700074
2000,1000,80,0.3,0.05,"a",FALSE,0.5,0,783,"68, 33, 31, 28","rf_probs",0,344,702,454,0.229333333333333,0.32887189292543,0,0.431077694235589,0.32887189292543,0.373101952277657,"rf_probs",0,116,241,144,0.231536926147705,0.324929971988796,0,0.446153846153846,0.324929971988796,0.376012965964344,"rf_probs",0,228,461,310,0.228228228228228,0.330914368650218,0,0.423791821561338,0.330914368650218,0.371638141809291
2000,1000,80,0.3,0.05,"a",FALSE,0.5,0,783,"68, 33, 31, 28","rf_class",425,1016,30,29,0.960666666666667,0.97131931166348,0.936123348017621,0.972248803827751,0.97131931166348,0.971783835485414,"rf_class",134,347,10,10,0.960079840319361,0.971988795518207,0.930555555555556,0.971988795518207,0.971988795518207,0.971988795518207,"rf_class",291,669,20,19,0.960960960960961,0.970972423802613,0.938709677419355,0.972383720930233,0.970972423802613,0.971677559912854
2000,1000,80,0.3,0.05,"a",FALSE,0.5,0,784,"67, 3, 15, 34","IRT",469,986,26,19,0.97,0.974308300395257,0.961065573770492,0.981094527363184,0.974308300395257,0.977689638076351,"IRT",150,320,13,6,0.961145194274029,0.960960960960961,0.961538461538462,0.98159509202454,0.960960960960961,0.971168437025797,"IRT",319,666,13,13,0.974282888229476,0.980854197349043,0.960843373493976,0.980854197349043,0.980854197349043,0.980854197349043
2000,1000,80,0.3,0.05,"a",FALSE,0.5,0,784,"67, 3, 15, 34","rf_probs",436,0,1012,52,0.290666666666667,0,0.89344262295082,0,0,NA,"rf_probs",134,0,333,22,0.274028629856851,0,0.858974358974359,0,0,NA,"rf_probs",302,0,679,30,0.298714144411474,0,0.909638554216867,0,0,NA
2000,1000,80,0.3,0.05,"a",FALSE,0.5,0,784,"67, 3, 15, 34","rf_class",452,993,19,36,0.963333333333333,0.981225296442688,0.926229508196721,0.965014577259475,0.981225296442688,0.973052425281725,"rf_class",143,321,12,13,0.948875255623722,0.963963963963964,0.916666666666667,0.961077844311377,0.963963963963964,0.962518740629685,"rf_class",309,672,7,23,0.970326409495549,0.989690721649485,0.930722891566265,0.966906474820144,0.989690721649485,0.978165938864629
2000,1000,80,0.3,0.05,"a",FALSE,0.5,0,785,"61, 27, 79, 70","IRT",423,1021,40,16,0.962666666666667,0.962299717247879,0.963553530751708,0.98457087753134,0.962299717247879,0.973307912297426,"IRT",142,345,14,6,0.960552268244576,0.96100278551532,0.959459459459459,0.982905982905983,0.96100278551532,0.971830985915493,"IRT",281,676,26,10,0.963746223564955,0.962962962962963,0.965635738831615,0.985422740524781,0.962962962962963,0.974063400576369
2000,1000,80,0.3,0.05,"a",FALSE,0.5,0,785,"61, 27, 79, 70","rf_probs",0,373,688,439,0.248666666666667,0.351555136663525,0,0.45935960591133,0.351555136663525,0.398291510945008,"rf_probs",0,126,233,148,0.248520710059172,0.350974930362117,0,0.45985401459854,0.350974930362117,0.398104265402844,"rf_probs",0,247,455,291,0.248741188318228,0.351851851851852,0,0.45910780669145,0.351851851851852,0.398387096774194
2000,1000,80,0.3,0.05,"a",FALSE,0.5,0,785,"61, 27, 79, 70","rf_class",413,1022,39,26,0.956666666666667,0.963242224316682,0.940774487471526,0.975190839694656,0.963242224316682,0.969179706021811,"rf_class",138,344,15,10,0.95069033530572,0.958217270194986,0.932432432432432,0.971751412429379,0.958217270194986,0.964936886395512,"rf_class",275,678,24,16,0.959718026183283,0.965811965811966,0.945017182130584,0.976945244956772,0.965811965811966,0.97134670487106
2000,1000,80,0.3,0.05,"a",FALSE,0.5,0,786,"33, 6, 54, 66","IRT",448,1001,41,10,0.966,0.960652591170825,0.978165938864629,0.990108803165183,0.960652591170825,0.97515830491963,"IRT",136,335,20,3,0.953441295546559,0.943661971830986,0.97841726618705,0.99112426035503,0.943661971830986,0.966810966810967,"IRT",312,666,21,7,0.972166998011928,0.96943231441048,0.978056426332288,0.989598811292719,0.96943231441048,0.979411764705882
2000,1000,80,0.3,0.05,"a",FALSE,0.5,0,786,"33, 6, 54, 66","rf_probs",0,356,686,458,0.237333333333333,0.341650671785029,0,0.437346437346437,0.341650671785029,0.383620689655172,"rf_probs",0,123,232,139,0.248987854251012,0.346478873239437,0,0.469465648854962,0.346478873239437,0.39870340356564,"rf_probs",0,233,454,319,0.231610337972167,0.339155749636099,0,0.422101449275362,0.339155749636099,0.376109765940274
2000,1000,80,0.3,0.05,"a",FALSE,0.5,0,786,"33, 6, 54, 66","rf_class",434,1007,35,24,0.960666666666667,0.966410748560461,0.947598253275109,0.976721629485936,0.966410748560461,0.971538832609744,"rf_class",132,339,16,7,0.953441295546559,0.954929577464789,0.949640287769784,0.979768786127168,0.954929577464789,0.967189728958631,"rf_class",302,668,19,17,0.964214711729622,0.972343522561863,0.946708463949843,0.975182481751825,0.972343522561863,0.973760932944607
2000,1000,80,0.3,0.05,"a",FALSE,0.5,0,787,"72, 3, 23, 67","IRT",438,1018,34,10,0.970666666666667,0.967680608365019,0.977678571428571,0.990272373540856,0.967680608365019,0.978846153846154,"IRT",137,348,11,2,0.973895582329317,0.969359331476323,0.985611510791367,0.994285714285714,0.969359331476323,0.981664315937941,"IRT",301,670,23,8,0.969061876247505,0.966810966810967,0.97411003236246,0.988200589970501,0.966810966810967,0.977388767323122
2000,1000,80,0.3,0.05,"a",FALSE,0.5,0,787,"72, 3, 23, 67","rf_probs",0,376,676,448,0.250666666666667,0.357414448669202,0,0.456310679611651,0.357414448669202,0.400852878464819,"rf_probs",0,133,226,139,0.267068273092369,0.370473537604457,0,0.488970588235294,0.370473537604457,0.421553090332805,"rf_probs",0,243,450,309,0.24251497005988,0.350649350649351,0,0.440217391304348,0.350649350649351,0.390361445783133
2000,1000,80,0.3,0.05,"a",FALSE,0.5,0,787,"72, 3, 23, 67","rf_class",426,1021,31,22,0.964666666666667,0.970532319391635,0.950892857142857,0.978906999041227,0.970532319391635,0.974701670644391,"rf_class",134,348,11,5,0.967871485943775,0.969359331476323,0.964028776978417,0.985835694050991,0.969359331476323,0.97752808988764,"rf_class",292,673,20,17,0.963073852295409,0.971139971139971,0.944983818770227,0.97536231884058,0.971139971139971,0.973246565437455
2000,1000,80,0.3,0.05,"a",FALSE,0.5,0,788,"48, 22, 4, 10","IRT",429,1020,41,10,0.966,0.961357210179076,0.977220956719818,0.990291262135922,0.961357210179076,0.975609756097561,"IRT",155,336,9,1,0.980039920159681,0.973913043478261,0.993589743589744,0.997032640949555,0.973913043478261,0.98533724340176,"IRT",274,684,32,9,0.958958958958959,0.955307262569832,0.968197879858657,0.987012987012987,0.955307262569832,0.970901348474095
2000,1000,80,0.3,0.05,"a",FALSE,0.5,0,788,"48, 22, 4, 10","rf_probs",0,362,699,439,0.241333333333333,0.341187558906692,0,0.451935081148564,0.341187558906692,0.388829215896885,"rf_probs",0,106,239,156,0.211576846307385,0.307246376811594,0,0.404580152671756,0.307246376811594,0.349258649093904,"rf_probs",0,256,460,283,0.256256256256256,0.357541899441341,0,0.474953617810761,0.357541899441341,0.40796812749004
2000,1000,80,0.3,0.05,"a",FALSE,0.5,0,788,"48, 22, 4, 10","rf_class",417,1028,33,22,0.963333333333333,0.9688972667295,0.949886104783599,0.979047619047619,0.9688972667295,0.973945997157745,"rf_class",149,337,8,7,0.970059880239521,0.976811594202899,0.955128205128205,0.979651162790698,0.976811594202899,0.978229317851959,"rf_class",268,691,25,15,0.95995995995996,0.965083798882682,0.946996466431095,0.978753541076487,0.965083798882682,0.971870604781997
2000,1000,80,0.3,0.05,"a",FALSE,0.5,0,789,"68, 80, 25, 66","IRT",431,1010,43,16,0.960666666666667,0.959164292497626,0.96420581655481,0.984405458089669,0.959164292497626,0.971620971620972,"IRT",149,341,13,4,0.96646942800789,0.963276836158192,0.973856209150327,0.988405797101449,0.963276836158192,0.975679542203147,"IRT",282,669,30,12,0.957703927492447,0.957081545064378,0.959183673469388,0.982378854625551,0.957081545064378,0.969565217391304
2000,1000,80,0.3,0.05,"a",FALSE,0.5,0,789,"68, 80, 25, 66","rf_probs",0,349,704,447,0.232666666666667,0.331433998100665,0,0.438442211055276,0.331433998100665,0.377501352082207,"rf_probs",0,120,234,153,0.236686390532544,0.338983050847458,0,0.43956043956044,0.338983050847458,0.382775119617225,"rf_probs",0,229,470,294,0.230614300100705,0.32761087267525,0,0.437858508604206,0.32761087267525,0.374795417348609
2000,1000,80,0.3,0.05,"a",FALSE,0.5,0,789,"68, 80, 25, 66","rf_class",423,1015,38,24,0.958666666666667,0.963912630579297,0.946308724832215,0.976900866217517,0.963912630579297,0.970363288718929,"rf_class",148,342,12,5,0.96646942800789,0.966101694915254,0.967320261437909,0.985590778097983,0.966101694915254,0.975748930099857,"rf_class",275,673,26,19,0.954682779456193,0.962804005722461,0.935374149659864,0.972543352601156,0.962804005722461,0.96764917325665
2000,1000,80,0.3,0.05,"a",FALSE,0.5,0,790,"19, 42, 17, 67","IRT",422,1032,35,11,0.969333333333333,0.967197750702905,0.97459584295612,0.989453499520614,0.967197750702905,0.978199052132701,"IRT",144,336,12,3,0.96969696969697,0.96551724137931,0.979591836734694,0.991150442477876,0.96551724137931,0.978165938864629,"IRT",278,696,23,8,0.969154228855721,0.968011126564673,0.972027972027972,0.988636363636364,0.968011126564673,0.978215038650738
2000,1000,80,0.3,0.05,"a",FALSE,0.5,0,790,"19, 42, 17, 67","rf_probs",0,335,732,433,0.223333333333333,0.313964386129335,0,0.436197916666667,0.313964386129335,0.365122615803815,"rf_probs",0,115,233,147,0.232323232323232,0.330459770114943,0,0.438931297709924,0.330459770114943,0.377049180327869,"rf_probs",0,220,499,286,0.218905472636816,0.305980528511822,0,0.434782608695652,0.305980528511822,0.359183673469388
2000,1000,80,0.3,0.05,"a",FALSE,0.5,0,790,"19, 42, 17, 67","rf_class",420,1012,55,13,0.954666666666667,0.948453608247423,0.969976905311778,0.987317073170732,0.948453608247423,0.967495219885277,"rf_class",146,329,19,1,0.95959595959596,0.945402298850575,0.993197278911565,0.996969696969697,0.945402298850575,0.970501474926254,"rf_class",274,683,36,12,0.952238805970149,0.949930458970793,0.958041958041958,0.98273381294964,0.949930458970793,0.966053748231966
2000,1000,80,0.3,0.05,"a",FALSE,0.5,0,791,"26, 49, 16, 39","IRT",436,1007,46,11,0.962,0.956315289648623,0.975391498881432,0.989194499017682,0.956315289648623,0.972477064220184,"IRT",156,311,18,5,0.953061224489796,0.945288753799392,0.968944099378882,0.984177215189873,0.945288753799392,0.964341085271318,"IRT",280,696,28,6,0.966336633663366,0.961325966850829,0.979020979020979,0.991452991452991,0.961325966850829,0.976157082748948
2000,1000,80,0.3,0.05,"a",FALSE,0.5,0,791,"26, 49, 16, 39","rf_probs",0,384,669,447,0.256,0.364672364672365,0,0.462093862815884,0.364672364672365,0.407643312101911,"rf_probs",0,109,220,161,0.222448979591837,0.331306990881459,0,0.403703703703704,0.331306990881459,0.363939899833055,"rf_probs",0,275,449,286,0.272277227722772,0.379834254143646,0,0.490196078431373,0.379834254143646,0.428015564202335
2000,1000,80,0.3,0.05,"a",FALSE,0.5,0,791,"26, 49, 16, 39","rf_class",423,1010,43,24,0.955333333333333,0.959164292497626,0.946308724832215,0.97678916827853,0.959164292497626,0.967896502156205,"rf_class",153,313,16,8,0.951020408163265,0.951367781155015,0.950310559006211,0.975077881619938,0.951367781155015,0.963076923076923,"rf_class",270,697,27,16,0.957425742574257,0.962707182320442,0.944055944055944,0.977559607293128,0.962707182320442,0.970076548364649
2000,1000,80,0.3,0.05,"a",FALSE,0.5,0,792,"60, 19, 45, 26","IRT",458,978,51,13,0.957333333333333,0.950437317784257,0.9723991507431,0.986881937436932,0.950437317784257,0.968316831683168,"IRT",166,333,11,7,0.965183752417795,0.968023255813954,0.959537572254335,0.979411764705882,0.968023255813954,0.973684210526316,"IRT",292,645,40,6,0.953204476093591,0.941605839416058,0.979865771812081,0.990783410138249,0.941605839416058,0.965568862275449
2000,1000,80,0.3,0.05,"a",FALSE,0.5,0,792,"60, 19, 45, 26","rf_probs",0,340,689,471,0.226666666666667,0.33041788143829,0,0.419235511713933,0.33041788143829,0.369565217391304,"rf_probs",0,108,236,173,0.20889748549323,0.313953488372093,0,0.384341637010676,0.313953488372093,0.3456,"rf_probs",0,232,453,298,0.236012207527976,0.338686131386861,0,0.437735849056604,0.338686131386861,0.381893004115226
2000,1000,80,0.3,0.05,"a",FALSE,0.5,0,792,"60, 19, 45, 26","rf_class",440,992,37,31,0.954666666666667,0.964042759961127,0.934182590233546,0.96969696969697,0.964042759961127,0.966861598440546,"rf_class",162,336,8,11,0.963249516441006,0.976744186046512,0.936416184971098,0.968299711815562,0.976744186046512,0.972503617945007,"rf_class",278,656,29,20,0.950152594099695,0.957664233576642,0.932885906040268,0.970414201183432,0.957664233576642,0.96399706098457
2000,1000,80,0.3,0.05,"a",FALSE,0.5,0,793,"45, 42, 36, 73","IRT",409,1048,24,19,0.971333333333333,0.977611940298508,0.955607476635514,0.982193064667292,0.977611940298508,0.979897148200093,"IRT",141,357,4,5,0.982248520710059,0.988919667590028,0.965753424657534,0.986187845303867,0.988919667590028,0.987551867219917,"IRT",268,691,20,14,0.965760322255791,0.971870604781997,0.950354609929078,0.980141843971631,0.971870604781997,0.975988700564972
2000,1000,80,0.3,0.05,"a",FALSE,0.5,0,793,"45, 42, 36, 73","rf_probs",0,347,725,428,0.231333333333333,0.323694029850746,0,0.447741935483871,0.323694029850746,0.375744450460206,"rf_probs",0,109,252,146,0.214990138067061,0.301939058171745,0,0.427450980392157,0.301939058171745,0.353896103896104,"rf_probs",0,238,473,282,0.239677744209466,0.334739803094233,0,0.457692307692308,0.334739803094233,0.386677497969131
2000,1000,80,0.3,0.05,"a",FALSE,0.5,0,793,"45, 42, 36, 73","rf_class",406,1033,39,22,0.959333333333333,0.963619402985075,0.948598130841122,0.97914691943128,0.963619402985075,0.971321109543959,"rf_class",142,351,10,4,0.972386587771203,0.972299168975069,0.972602739726027,0.988732394366197,0.972299168975069,0.980446927374302,"rf_class",264,682,29,18,0.952668680765357,0.959212376933896,0.936170212765957,0.974285714285714,0.959212376933896,0.966690290574061
2000,1000,80,0.3,0.05,"a",FALSE,0.5,0,794,"64, 38, 44, 58","IRT",431,1015,32,22,0.964,0.969436485195798,0.951434878587196,0.978784956605593,0.969436485195798,0.974088291746641,"IRT",160,343,6,12,0.965451055662188,0.982808022922636,0.930232558139535,0.966197183098592,0.982808022922636,0.974431818181818,"IRT",271,672,26,10,0.963227783452503,0.962750716332378,0.9644128113879,0.98533724340176,0.962750716332378,0.973913043478261
2000,1000,80,0.3,0.05,"a",FALSE,0.5,0,794,"64, 38, 44, 58","rf_probs",0,367,680,453,0.244666666666667,0.350525310410697,0,0.447560975609756,0.350525310410697,0.393144081414033,"rf_probs",0,116,233,172,0.222648752399232,0.332378223495702,0,0.402777777777778,0.332378223495702,0.364207221350079,"rf_probs",0,251,447,281,0.256384065372829,0.359598853868195,0,0.471804511278196,0.359598853868195,0.408130081300813
2000,1000,80,0.3,0.05,"a",FALSE,0.5,0,794,"64, 38, 44, 58","rf_class",420,1013,34,33,0.955333333333333,0.967526265520535,0.927152317880795,0.968451242829828,0.967526265520535,0.967988533205925,"rf_class",157,344,5,15,0.961612284069098,0.98567335243553,0.912790697674419,0.958217270194986,0.98567335243553,0.971751412429379,"rf_class",263,669,29,18,0.951991828396323,0.958452722063037,0.935943060498221,0.973799126637555,0.958452722063037,0.966064981949458
2000,1000,80,0.3,0.05,"a",FALSE,0.5,0,795,"68, 53, 19, 62","IRT",432,1015,46,7,0.964666666666667,0.956644674835061,0.984054669703872,0.993150684931507,0.956644674835061,0.974555928948632,"IRT",148,346,14,3,0.966731898238748,0.961111111111111,0.980132450331126,0.991404011461318,0.961111111111111,0.976022566995769,"IRT",284,669,32,4,0.963599595551062,0.95435092724679,0.986111111111111,0.99405646359584,0.95435092724679,0.973799126637555
2000,1000,80,0.3,0.05,"a",FALSE,0.5,0,795,"68, 53, 19, 62","rf_probs",0,366,695,439,0.244,0.344957587181904,0,0.454658385093168,0.344957587181904,0.392282958199357,"rf_probs",0,120,240,151,0.234833659491194,0.333333333333333,0,0.44280442804428,0.333333333333333,0.380348652931854,"rf_probs",0,246,455,288,0.248736097067745,0.3509272467903,0,0.460674157303371,0.3509272467903,0.398380566801619
2000,1000,80,0.3,0.05,"a",FALSE,0.5,0,795,"68, 53, 19, 62","rf_class",422,1029,32,17,0.967333333333333,0.969839773798303,0.96127562642369,0.983747609942639,0.969839773798303,0.976744186046512,"rf_class",146,352,8,5,0.974559686888454,0.977777777777778,0.966887417218543,0.985994397759104,0.977777777777778,0.98186889818689,"rf_class",276,677,24,12,0.963599595551062,0.965763195435093,0.958333333333333,0.982583454281567,0.965763195435093,0.97410071942446
2000,1000,80,0.3,0.05,"a",FALSE,0.5,0,796,"63, 66, 57, 26","IRT",423,1035,29,13,0.972,0.972744360902256,0.970183486238532,0.987595419847328,0.972744360902256,0.980113636363636,"IRT",128,355,11,3,0.971830985915493,0.969945355191257,0.977099236641221,0.991620111731844,0.969945355191257,0.980662983425414,"IRT",295,680,18,10,0.972083748753739,0.974212034383954,0.967213114754098,0.985507246376812,0.974212034383954,0.979827089337176
2000,1000,80,0.3,0.05,"a",FALSE,0.5,0,796,"63, 66, 57, 26","rf_probs",0,357,707,436,0.238,0.335526315789474,0,0.450189155107188,0.335526315789474,0.384491114701131,"rf_probs",0,130,236,131,0.261569416498994,0.355191256830601,0,0.498084291187739,0.355191256830601,0.414673046251994,"rf_probs",0,227,471,305,0.226321036889332,0.325214899713467,0,0.426691729323308,0.325214899713467,0.369105691056911
2000,1000,80,0.3,0.05,"a",FALSE,0.5,0,796,"63, 66, 57, 26","rf_class",420,1024,40,16,0.962666666666667,0.962406015037594,0.963302752293578,0.984615384615385,0.962406015037594,0.973384030418251,"rf_class",126,354,12,5,0.96579476861167,0.967213114754098,0.961832061068702,0.986072423398329,0.967213114754098,0.976551724137931,"rf_class",294,670,28,11,0.96111665004985,0.959885386819484,0.963934426229508,0.983847283406755,0.959885386819484,0.971718636693256
2000,1000,80,0.3,0.05,"a",FALSE,0.5,0,797,"12, 62, 20, 35","IRT",421,1031,22,26,0.968,0.979107312440646,0.941834451901566,0.975402081362346,0.979107312440646,0.977251184834123,"IRT",144,351,7,7,0.972495088408644,0.980446927374302,0.95364238410596,0.980446927374302,0.980446927374302,0.980446927374302,"IRT",277,680,15,19,0.9656912209889,0.97841726618705,0.935810810810811,0.972818311874106,0.97841726618705,0.975609756097561
2000,1000,80,0.3,0.05,"a",FALSE,0.5,0,797,"12, 62, 20, 35","rf_probs",0,383,670,447,0.255333333333333,0.36372269705603,0,0.46144578313253,0.36372269705603,0.406797663303239,"rf_probs",0,114,244,151,0.223968565815324,0.318435754189944,0,0.430188679245283,0.318435754189944,0.365971107544141,"rf_probs",0,269,426,296,0.271442986881937,0.38705035971223,0,0.476106194690265,0.38705035971223,0.426984126984127
2000,1000,80,0.3,0.05,"a",FALSE,0.5,0,797,"12, 62, 20, 35","rf_class",423,1010,43,24,0.955333333333333,0.959164292497626,0.946308724832215,0.97678916827853,0.959164292497626,0.967896502156205,"rf_class",146,346,12,5,0.966601178781925,0.966480446927374,0.966887417218543,0.985754985754986,0.966480446927374,0.976022566995769,"rf_class",277,664,31,19,0.949545913218971,0.955395683453237,0.935810810810811,0.972181551976574,0.955395683453237,0.963715529753266
2000,1000,80,0.3,0.05,"a",FALSE,0.5,0,798,"58, 36, 35, 44","IRT",437,1004,44,15,0.960666666666667,0.958015267175573,0.966814159292035,0.985279685966634,0.958015267175573,0.971456216739236,"IRT",145,354,17,2,0.963320463320463,0.954177897574124,0.986394557823129,0.99438202247191,0.954177897574124,0.973865199449794,"IRT",292,650,27,13,0.959266802443992,0.960118168389956,0.957377049180328,0.980392156862745,0.960118168389956,0.970149253731343
2000,1000,80,0.3,0.05,"a",FALSE,0.5,0,798,"58, 36, 35, 44","rf_probs",0,313,735,452,0.208666666666667,0.298664122137405,0,0.409150326797386,0.298664122137405,0.345284059569774,"rf_probs",0,108,263,147,0.208494208494208,0.291105121293801,0,0.423529411764706,0.291105121293801,0.345047923322684,"rf_probs",0,205,472,305,0.208757637474542,0.302806499261448,0,0.401960784313726,0.302806499261448,0.345408593091828
2000,1000,80,0.3,0.05,"a",FALSE,0.5,0,798,"58, 36, 35, 44","rf_class",418,1013,35,34,0.954,0.966603053435115,0.924778761061947,0.967526265520535,0.966603053435115,0.967064439140812,"rf_class",137,357,14,10,0.953667953667954,0.962264150943396,0.931972789115646,0.97275204359673,0.962264150943396,0.967479674796748,"rf_class",281,656,21,24,0.954175152749491,0.968980797636632,0.921311475409836,0.964705882352941,0.968980797636632,0.96683861459101
2000,1000,80,0.3,0.05,"a",FALSE,0.5,0,799,"13, 38, 58, 6","IRT",442,989,63,6,0.954,0.940114068441065,0.986607142857143,0.993969849246231,0.940114068441065,0.966292134831461,"IRT",152,347,21,3,0.954110898661568,0.942934782608696,0.980645161290323,0.991428571428571,0.942934782608696,0.966573816155989,"IRT",290,642,42,3,0.953940634595701,0.93859649122807,0.989761092150171,0.995348837209302,0.93859649122807,0.966139954853273
2000,1000,80,0.3,0.05,"a",FALSE,0.5,0,799,"13, 38, 58, 6","rf_probs",0,319,733,448,0.212666666666667,0.303231939163498,0,0.415906127770535,0.303231939163498,0.350742166025289,"rf_probs",0,100,268,155,0.191204588910134,0.271739130434783,0,0.392156862745098,0.271739130434783,0.321027287319422,"rf_probs",0,219,465,293,0.224155578300921,0.320175438596491,0,0.427734375,0.320175438596491,0.366220735785953
2000,1000,80,0.3,0.05,"a",FALSE,0.5,0,799,"13, 38, 58, 6","rf_class",425,1014,38,23,0.959333333333333,0.963878326996198,0.948660714285714,0.977820636451302,0.963878326996198,0.97079942556247,"rf_class",150,354,14,5,0.963671128107075,0.96195652173913,0.967741935483871,0.986072423398329,0.96195652173913,0.973865199449794,"rf_class",275,660,24,18,0.957011258955988,0.964912280701754,0.938566552901024,0.973451327433628,0.964912280701754,0.969162995594714
2000,1000,80,0.3,0.05,"a",FALSE,0.5,0,800,"35, 25, 5, 61","IRT",425,1028,27,20,0.968666666666667,0.974407582938389,0.955056179775281,0.980916030534351,0.974407582938389,0.977650974797908,"IRT",141,336,12,1,0.973469387755102,0.96551724137931,0.992957746478873,0.997032640949555,0.96551724137931,0.981021897810219,"IRT",284,692,15,19,0.966336633663366,0.978783592644979,0.937293729372937,0.973277074542897,0.978783592644979,0.976022566995769
2000,1000,80,0.3,0.05,"a",FALSE,0.5,0,800,"35, 25, 5, 61","rf_probs",0,349,706,445,0.232666666666667,0.330805687203791,0,0.439546599496222,0.330805687203791,0.377501352082207,"rf_probs",0,121,227,142,0.246938775510204,0.347701149425287,0,0.460076045627376,0.347701149425287,0.39607201309329,"rf_probs",0,228,479,303,0.225742574257426,0.322489391796322,0,0.429378531073446,0.322489391796322,0.368336025848142
2000,1000,80,0.3,0.05,"a",FALSE,0.5,0,800,"35, 25, 5, 61","rf_class",423,1027,28,22,0.966666666666667,0.97345971563981,0.950561797752809,0.979027645376549,0.97345971563981,0.976235741444867,"rf_class",139,336,12,3,0.969387755102041,0.96551724137931,0.97887323943662,0.991150442477876,0.96551724137931,0.978165938864629,"rf_class",284,691,16,19,0.965346534653465,0.977369165487977,0.937293729372937,0.973239436619718,0.977369165487977,0.97529992942837
2000,1000,80,0.3,0.05,"a",FALSE,0.5,0,801,"27, 78, 6, 56","IRT",424,1022,26,28,0.964,0.975190839694656,0.938053097345133,0.973333333333333,0.975190839694656,0.974261201143947,"IRT",143,332,11,11,0.955734406438632,0.967930029154519,0.928571428571429,0.967930029154519,0.967930029154519,0.967930029154519,"IRT",281,690,15,17,0.968095712861416,0.978723404255319,0.942953020134228,0.975954738330976,0.978723404255319,0.977337110481586
2000,1000,80,0.3,0.05,"a",FALSE,0.5,0,801,"27, 78, 6, 56","rf_probs",0,373,675,452,0.248666666666667,0.355916030534351,0,0.452121212121212,0.355916030534351,0.398291510945008,"rf_probs",0,125,218,154,0.251509054325956,0.364431486880466,0,0.448028673835125,0.364431486880466,0.401929260450161,"rf_probs",0,248,457,298,0.247258225324028,0.35177304964539,0,0.454212454212454,0.35177304964539,0.396482813749001
2000,1000,80,0.3,0.05,"a",FALSE,0.5,0,801,"27, 78, 6, 56","rf_class",432,1006,42,20,0.958666666666667,0.959923664122137,0.955752212389381,0.980506822612086,0.959923664122137,0.970106075216972,"rf_class",147,327,16,7,0.953722334004024,0.9533527696793,0.954545454545455,0.979041916167665,0.9533527696793,0.96602658788774,"rf_class",285,679,26,13,0.96111665004985,0.963120567375886,0.956375838926175,0.98121387283237,0.963120567375886,0.972083035075161
2000,1000,80,0.3,0.05,"a",FALSE,0.5,0,802,"30, 65, 32, 18","IRT",453,998,38,11,0.967333333333333,0.963320463320463,0.976293103448276,0.989098116947473,0.963320463320463,0.976039119804401,"IRT",152,326,12,4,0.967611336032389,0.964497041420118,0.974358974358974,0.987878787878788,0.964497041420118,0.976047904191617,"IRT",301,672,26,7,0.967196819085487,0.962750716332378,0.977272727272727,0.989690721649485,0.962750716332378,0.9760348583878
2000,1000,80,0.3,0.05,"a",FALSE,0.5,0,802,"30, 65, 32, 18","rf_probs",0,320,716,464,0.213333333333333,0.308880308880309,0,0.408163265306122,0.308880308880309,0.351648351648352,"rf_probs",0,112,226,156,0.226720647773279,0.331360946745562,0,0.417910447761194,0.331360946745562,0.36963696369637,"rf_probs",0,208,490,308,0.20675944333996,0.297994269340974,0,0.403100775193798,0.297994269340974,0.342668863261944
2000,1000,80,0.3,0.05,"a",FALSE,0.5,0,802,"30, 65, 32, 18","rf_class",437,1008,28,27,0.963333333333333,0.972972972972973,0.941810344827586,0.973913043478261,0.972972972972973,0.973442781265089,"rf_class",145,330,8,11,0.961538461538462,0.976331360946746,0.92948717948718,0.967741935483871,0.976331360946746,0.972017673048601,"rf_class",292,678,20,16,0.964214711729622,0.97134670487106,0.948051948051948,0.976945244956772,0.97134670487106,0.974137931034483
2000,1000,80,0.3,0.05,"a",FALSE,0.5,0,803,"58, 10, 37, 6","IRT",442,1009,41,8,0.967333333333333,0.960952380952381,0.982222222222222,0.992133726647001,0.960952380952381,0.976294146105467,"IRT",153,328,15,3,0.963927855711423,0.956268221574344,0.980769230769231,0.990936555891239,0.956268221574344,0.973293768545994,"IRT",289,681,26,5,0.969030969030969,0.963224893917963,0.982993197278912,0.992711370262391,0.963224893917963,0.977745872218234
2000,1000,80,0.3,0.05,"a",FALSE,0.5,0,803,"58, 10, 37, 6","rf_probs",0,370,680,450,0.246666666666667,0.352380952380952,0,0.451219512195122,0.352380952380952,0.39572192513369,"rf_probs",0,115,228,156,0.230460921843687,0.335276967930029,0,0.424354243542435,0.335276967930029,0.374592833876221,"rf_probs",0,255,452,294,0.254745254745255,0.360678925035361,0,0.46448087431694,0.360678925035361,0.406050955414013
2000,1000,80,0.3,0.05,"a",FALSE,0.5,0,803,"58, 10, 37, 6","rf_class",436,1006,44,14,0.961333333333333,0.958095238095238,0.968888888888889,0.986274509803922,0.958095238095238,0.971980676328502,"rf_class",154,326,17,2,0.961923847695391,0.950437317784257,0.987179487179487,0.99390243902439,0.950437317784257,0.971684053651267,"rf_class",282,680,27,12,0.961038961038961,0.961810466760962,0.959183673469388,0.982658959537572,0.961810466760962,0.972122944960686
2000,1000,80,0.3,0.05,"a",FALSE,0.5,0,804,"26, 78, 60, 5","IRT",443,1008,34,15,0.967333333333333,0.967370441458733,0.967248908296943,0.98533724340176,0.967370441458733,0.976271186440678,"IRT",151,322,13,3,0.967280163599182,0.961194029850746,0.980519480519481,0.990769230769231,0.961194029850746,0.975757575757576,"IRT",292,686,21,12,0.967359050445104,0.97029702970297,0.960526315789474,0.982808022922636,0.97029702970297,0.976512455516014
2000,1000,80,0.3,0.05,"a",FALSE,0.5,0,804,"26, 78, 60, 5","rf_probs",0,326,716,458,0.217333333333333,0.312859884836852,0,0.415816326530612,0.312859884836852,0.357064622124863,"rf_probs",0,101,234,154,0.206543967280164,0.301492537313433,0,0.396078431372549,0.301492537313433,0.342372881355932,"rf_probs",0,225,482,304,0.222551928783383,0.318246110325318,0,0.425330812854442,0.318246110325318,0.364077669902913
2000,1000,80,0.3,0.05,"a",FALSE,0.5,0,804,"26, 78, 60, 5","rf_class",421,1018,24,37,0.959333333333333,0.976967370441459,0.919213973799127,0.964928909952607,0.976967370441459,0.970910824988078,"rf_class",145,327,8,9,0.965235173824131,0.976119402985075,0.941558441558442,0.973214285714286,0.976119402985075,0.974664679582712,"rf_class",276,691,16,28,0.956478733926805,0.977369165487977,0.907894736842105,0.96105702364395,0.977369165487977,0.969144460028051
2000,1000,80,0.3,0.05,"a",FALSE,0.5,0,805,"31, 46, 63, 5","IRT",411,1042,30,17,0.968666666666667,0.972014925373134,0.960280373831776,0.983947119924457,0.972014925373134,0.977944626935711,"IRT",143,346,10,5,0.970238095238095,0.971910112359551,0.966216216216216,0.985754985754986,0.971910112359551,0.978783592644979,"IRT",268,696,20,12,0.967871485943775,0.972067039106145,0.957142857142857,0.983050847457627,0.972067039106145,0.97752808988764
2000,1000,80,0.3,0.05,"a",FALSE,0.5,0,805,"31, 46, 63, 5","rf_probs",0,332,740,428,0.221333333333333,0.309701492537313,0,0.436842105263158,0.309701492537313,0.362445414847162,"rf_probs",0,101,255,148,0.200396825396825,0.283707865168539,0,0.405622489959839,0.283707865168539,0.333884297520661,"rf_probs",0,231,485,280,0.231927710843373,0.322625698324022,0,0.452054794520548,0.322625698324022,0.376528117359413
2000,1000,80,0.3,0.05,"a",FALSE,0.5,0,805,"31, 46, 63, 5","rf_class",407,1034,38,21,0.960666666666667,0.96455223880597,0.950934579439252,0.980094786729858,0.96455223880597,0.972261401034321,"rf_class",143,345,11,5,0.968253968253968,0.969101123595506,0.966216216216216,0.985714285714286,0.969101123595506,0.977337110481586,"rf_class",264,689,27,16,0.956827309236948,0.962290502793296,0.942857142857143,0.977304964539007,0.962290502793296,0.969739619985925
2000,1000,80,0.3,0.05,"a",FALSE,0.5,0,806,"41, 60, 39, 76","IRT",422,1009,59,10,0.954,0.944756554307116,0.976851851851852,0.990186457311089,0.944756554307116,0.966938188787734,"IRT",137,329,22,5,0.945233265720081,0.937321937321937,0.964788732394366,0.985029940119761,0.937321937321937,0.960583941605839,"IRT",285,680,37,5,0.958291956305859,0.94839609483961,0.982758620689655,0.992700729927007,0.94839609483961,0.970042796005706
2000,1000,80,0.3,0.05,"a",FALSE,0.5,0,806,"41, 60, 39, 76","rf_probs",0,401,667,432,0.267333333333333,0.375468164794007,0,0.481392557022809,0.375468164794007,0.421883219358233,"rf_probs",0,123,228,142,0.249492900608519,0.35042735042735,0,0.464150943396226,0.35042735042735,0.399350649350649,"rf_probs",0,278,439,290,0.276067527308838,0.387726638772664,0,0.48943661971831,0.387726638772664,0.432684824902724
2000,1000,80,0.3,0.05,"a",FALSE,0.5,0,806,"41, 60, 39, 76","rf_class",410,1012,56,22,0.948,0.947565543071161,0.949074074074074,0.978723404255319,0.947565543071161,0.962892483349191,"rf_class",134,333,18,8,0.947261663286004,0.948717948717949,0.943661971830986,0.976539589442815,0.948717948717949,0.96242774566474,"rf_class",276,679,38,14,0.948361469712016,0.947001394700139,0.951724137931034,0.97979797979798,0.947001394700139,0.963120567375887
2000,1000,80,0.3,0.05,"a",FALSE,0.5,0,807,"70, 10, 77, 23","IRT",436,1002,39,23,0.958666666666667,0.962536023054755,0.949891067538126,0.977560975609756,0.962536023054755,0.96999031945789,"IRT",138,358,11,4,0.970645792563601,0.970189701897019,0.971830985915493,0.988950276243094,0.970189701897019,0.979480164158687,"IRT",298,644,28,19,0.952477249747219,0.958333333333333,0.94006309148265,0.971342383107089,0.958333333333333,0.964794007490637
2000,1000,80,0.3,0.05,"a",FALSE,0.5,0,807,"70, 10, 77, 23","rf_probs",0,345,696,459,0.23,0.331412103746398,0,0.42910447761194,0.331412103746398,0.373983739837398,"rf_probs",0,122,247,142,0.238747553816047,0.330623306233062,0,0.462121212121212,0.330623306233062,0.385466034755134,"rf_probs",0,223,449,317,0.225480283114257,0.331845238095238,0,0.412962962962963,0.331845238095238,0.367986798679868
2000,1000,80,0.3,0.05,"a",FALSE,0.5,0,807,"70, 10, 77, 23","rf_class",424,1001,40,35,0.95,0.961575408261287,0.923747276688453,0.966216216216216,0.961575408261287,0.963890226287915,"rf_class",136,355,14,6,0.960861056751468,0.962059620596206,0.957746478873239,0.983379501385042,0.962059620596206,0.972602739726027,"rf_class",288,646,26,29,0.944388270980789,0.961309523809524,0.908517350157729,0.957037037037037,0.961309523809524,0.95916852264291
2000,1000,80,0.3,0.05,"a",FALSE,0.5,0,808,"47, 44, 19, 69","IRT",430,1008,53,9,0.958666666666667,0.95004712535344,0.979498861047836,0.991150442477876,0.95004712535344,0.970163618864293,"IRT",144,320,16,2,0.962655601659751,0.952380952380952,0.986301369863014,0.993788819875776,0.952380952380952,0.972644376899696,"IRT",286,688,37,7,0.956777996070727,0.948965517241379,0.976109215017065,0.989928057553957,0.948965517241379,0.969014084507042
2000,1000,80,0.3,0.05,"a",FALSE,0.5,0,808,"47, 44, 19, 69","rf_probs",0,324,737,439,0.216,0.305372290292177,0,0.424639580602883,0.305372290292177,0.355263157894737,"rf_probs",0,103,233,146,0.213692946058091,0.306547619047619,0,0.413654618473896,0.306547619047619,0.352136752136752,"rf_probs",0,221,504,293,0.217092337917485,0.304827586206897,0,0.429961089494163,0.304827586206897,0.356739305891848
2000,1000,80,0.3,0.05,"a",FALSE,0.5,0,808,"47, 44, 19, 69","rf_class",420,1021,40,19,0.960666666666667,0.962299717247879,0.956719817767654,0.981730769230769,0.962299717247879,0.971918134221799,"rf_class",142,322,14,4,0.962655601659751,0.958333333333333,0.972602739726027,0.987730061349693,0.958333333333333,0.972809667673716,"rf_class",278,699,26,15,0.959724950884086,0.964137931034483,0.948805460750853,0.978991596638655,0.964137931034483,0.971507991660876
2000,1000,80,0.3,0.05,"a",FALSE,0.5,0,809,"5, 11, 22, 79","IRT",433,1021,32,14,0.969333333333333,0.969610636277303,0.968680089485459,0.986473429951691,0.969610636277303,0.977969348659004,"IRT",135,339,6,3,0.981366459627329,0.982608695652174,0.978260869565217,0.991228070175439,0.982608695652174,0.986899563318777,"IRT",298,682,26,11,0.96361848574238,0.963276836158192,0.964401294498382,0.984126984126984,0.963276836158192,0.973590292648108
2000,1000,80,0.3,0.05,"a",FALSE,0.5,0,809,"5, 11, 22, 79","rf_probs",0,357,696,447,0.238,0.339031339031339,0,0.444029850746269,0.339031339031339,0.384491114701131,"rf_probs",0,100,245,138,0.20703933747412,0.289855072463768,0,0.420168067226891,0.289855072463768,0.343053173241853,"rf_probs",0,257,451,309,0.252704031465093,0.362994350282486,0,0.454063604240283,0.362994350282486,0.403453689167975
2000,1000,80,0.3,0.05,"a",FALSE,0.5,0,809,"5, 11, 22, 79","rf_class",429,1016,37,18,0.963333333333333,0.964862298195632,0.959731543624161,0.982591876208897,0.964862298195632,0.973646382367034,"rf_class",132,337,8,6,0.971014492753623,0.976811594202899,0.956521739130435,0.982507288629738,0.976811594202899,0.979651162790698,"rf_class",297,679,29,12,0.95968534906588,0.959039548022599,0.961165048543689,0.982633863965268,0.959039548022599,0.970693352394568
2000,1000,80,0.3,0.05,"a",FALSE,0.5,0,810,"2, 45, 65, 18","IRT",443,1012,37,8,0.97,0.964728312678742,0.982261640798226,0.992156862745098,0.964728312678742,0.978250362493959,"IRT",165,326,9,5,0.972277227722772,0.973134328358209,0.970588235294118,0.984894259818731,0.973134328358209,0.978978978978979,"IRT",278,686,28,3,0.968844221105528,0.96078431372549,0.98932384341637,0.995645863570392,0.96078431372549,0.977904490377762
2000,1000,80,0.3,0.05,"a",FALSE,0.5,0,810,"2, 45, 65, 18","rf_probs",0,394,655,451,0.262666666666667,0.375595805529075,0,0.466272189349112,0.375595805529075,0.416050686378036,"rf_probs",0,133,202,170,0.263366336633663,0.397014925373134,0,0.438943894389439,0.397014925373134,0.41692789968652,"rf_probs",0,261,453,281,0.262311557788945,0.365546218487395,0,0.481549815498155,0.365546218487395,0.415605095541401
2000,1000,80,0.3,0.05,"a",FALSE,0.5,0,810,"2, 45, 65, 18","rf_class",436,1014,35,15,0.966666666666667,0.966634890371783,0.966740576496674,0.985422740524781,0.966634890371783,0.975938402309913,"rf_class",161,330,5,9,0.972277227722772,0.985074626865672,0.947058823529412,0.973451327433628,0.985074626865672,0.979228486646884,"rf_class",275,684,30,6,0.963819095477387,0.957983193277311,0.97864768683274,0.991304347826087,0.957983193277311,0.974358974358974
2000,1000,80,0.3,0.05,"a",FALSE,0.5,0,811,"80, 74, 58, 8","IRT",438,1009,39,14,0.964666666666667,0.962786259541985,0.969026548672566,0.986314760508309,0.962786259541985,0.974408498309995,"IRT",142,358,11,2,0.974658869395711,0.970189701897019,0.986111111111111,0.994444444444444,0.970189701897019,0.982167352537723,"IRT",296,651,28,12,0.959473150962513,0.958762886597938,0.961038961038961,0.981900452488688,0.958762886597938,0.970193740685544
2000,1000,80,0.3,0.05,"a",FALSE,0.5,0,811,"80, 74, 58, 8","rf_probs",0,334,714,452,0.222666666666667,0.318702290076336,0,0.424936386768448,0.318702290076336,0.36423118865867,"rf_probs",0,125,244,144,0.243664717348928,0.338753387533875,0,0.464684014869888,0.338753387533875,0.391849529780564,"rf_probs",0,209,470,308,0.211752786220871,0.30780559646539,0,0.404255319148936,0.30780559646539,0.349498327759197
2000,1000,80,0.3,0.05,"a",FALSE,0.5,0,811,"80, 74, 58, 8","rf_class",426,1018,30,26,0.962666666666667,0.971374045801527,0.942477876106195,0.975095785440613,0.971374045801527,0.973231357552581,"rf_class",140,360,9,4,0.974658869395711,0.975609756097561,0.972222222222222,0.989010989010989,0.975609756097561,0.982264665757162,"rf_class",286,658,21,22,0.956433637284701,0.969072164948454,0.928571428571429,0.967647058823529,0.969072164948454,0.968359087564386
2000,1000,80,0.3,0.05,"a",FALSE,0.5,0,812,"48, 64, 32, 67","IRT",429,1016,39,16,0.963333333333333,0.96303317535545,0.964044943820225,0.984496124031008,0.96303317535545,0.973646382367034,"IRT",139,355,9,5,0.97244094488189,0.975274725274725,0.965277777777778,0.986111111111111,0.975274725274725,0.980662983425414,"IRT",290,661,30,11,0.95866935483871,0.956584659913169,0.963455149501661,0.983630952380952,0.956584659913169,0.969919295671313
2000,1000,80,0.3,0.05,"a",FALSE,0.5,0,812,"48, 64, 32, 67","rf_probs",0,303,752,445,0.202,0.287203791469194,0,0.405080213903743,0.287203791469194,0.336106489184692,"rf_probs",0,97,267,144,0.190944881889764,0.266483516483516,0,0.402489626556017,0.266483516483516,0.320661157024793,"rf_probs",0,206,485,301,0.207661290322581,0.298118668596237,0,0.406311637080868,0.298118668596237,0.343906510851419
2000,1000,80,0.3,0.05,"a",FALSE,0.5,0,812,"48, 64, 32, 67","rf_class",416,1017,38,29,0.955333333333333,0.963981042654028,0.934831460674157,0.972275334608031,0.963981042654028,0.968110423607806,"rf_class",137,353,11,7,0.964566929133858,0.96978021978022,0.951388888888889,0.980555555555556,0.96978021978022,0.975138121546961,"rf_class",279,664,27,22,0.950604838709677,0.960926193921852,0.926910299003322,0.967930029154519,0.960926193921852,0.964415395787945
2000,1000,80,0.3,0.05,"a",FALSE,0.5,0,813,"51, 29, 61, 65","IRT",442,1004,43,11,0.964,0.958930276981853,0.975717439293598,0.989162561576355,0.958930276981853,0.973811833171678,"IRT",154,341,19,5,0.953757225433526,0.947222222222222,0.968553459119497,0.985549132947977,0.947222222222222,0.96600566572238,"IRT",288,663,24,6,0.969418960244648,0.965065502183406,0.979591836734694,0.991031390134529,0.965065502183406,0.97787610619469
2000,1000,80,0.3,0.05,"a",FALSE,0.5,0,813,"51, 29, 61, 65","rf_probs",0,367,680,453,0.244666666666667,0.350525310410697,0,0.447560975609756,0.350525310410697,0.393144081414033,"rf_probs",0,132,228,159,0.254335260115607,0.366666666666667,0,0.45360824742268,0.366666666666667,0.405529953917051,"rf_probs",0,235,452,294,0.239551478083588,0.342066957787482,0,0.444234404536862,0.342066957787482,0.386513157894737
2000,1000,80,0.3,0.05,"a",FALSE,0.5,0,813,"51, 29, 61, 65","rf_class",423,1014,33,30,0.958,0.968481375358166,0.933774834437086,0.971264367816092,0.968481375358166,0.96987087517934,"rf_class",146,345,15,13,0.946050096339114,0.958333333333333,0.918238993710692,0.963687150837989,0.958333333333333,0.96100278551532,"rf_class",277,669,18,17,0.964322120285423,0.973799126637555,0.942176870748299,0.975218658892128,0.973799126637555,0.974508375819374
2000,1000,80,0.3,0.05,"a",FALSE,0.5,0,814,"11, 67, 42, 73","IRT",429,1016,39,16,0.963333333333333,0.96303317535545,0.964044943820225,0.984496124031008,0.96303317535545,0.973646382367034,"IRT",135,352,16,6,0.956777996070727,0.956521739130435,0.957446808510638,0.983240223463687,0.956521739130435,0.96969696969697,"IRT",294,664,23,10,0.966700302724521,0.966521106259097,0.967105263157895,0.985163204747775,0.966521106259097,0.975753122703894
2000,1000,80,0.3,0.05,"a",FALSE,0.5,0,814,"11, 67, 42, 73","rf_probs",0,381,674,445,0.254,0.361137440758294,0,0.461259079903148,0.361137440758294,0.405103668261563,"rf_probs",0,139,229,141,0.273084479371316,0.377717391304348,0,0.496428571428571,0.377717391304348,0.429012345679012,"rf_probs",0,242,445,304,0.244197780020182,0.352256186317322,0,0.443223443223443,0.352256186317322,0.392538523925385
2000,1000,80,0.3,0.05,"a",FALSE,0.5,0,814,"11, 67, 42, 73","rf_class",424,1018,37,21,0.961333333333333,0.964928909952607,0.952808988764045,0.979788257940327,0.964928909952607,0.972301814708691,"rf_class",133,358,10,8,0.964636542239686,0.972826086956522,0.943262411347518,0.978142076502732,0.972826086956522,0.975476839237057,"rf_class",291,660,27,13,0.959636730575177,0.960698689956332,0.957236842105263,0.980683506686478,0.960698689956332,0.970588235294118
2000,1000,80,0.3,0.05,"a",FALSE,0.5,0,815,"54, 17, 19, 74","IRT",420,1026,33,21,0.964,0.968838526912181,0.952380952380952,0.979942693409742,0.968838526912181,0.974358974358974,"IRT",147,335,9,7,0.967871485943775,0.973837209302326,0.954545454545455,0.97953216374269,0.973837209302326,0.97667638483965,"IRT",273,691,24,14,0.962075848303393,0.966433566433566,0.951219512195122,0.980141843971631,0.966433566433566,0.973239436619718
2000,1000,80,0.3,0.05,"a",FALSE,0.5,0,815,"54, 17, 19, 74","rf_probs",0,397,662,441,0.264666666666667,0.374881964117092,0,0.473747016706444,0.374881964117092,0.41855561412757,"rf_probs",0,129,215,154,0.259036144578313,0.375,0,0.45583038869258,0.375,0.411483253588517,"rf_probs",0,268,447,287,0.267465069860279,0.374825174825175,0,0.482882882882883,0.374825174825175,0.422047244094488
2000,1000,80,0.3,0.05,"a",FALSE,0.5,0,815,"54, 17, 19, 74","rf_class",416,1017,42,25,0.955333333333333,0.960339943342776,0.943310657596372,0.976007677543186,0.960339943342776,0.968110423607806,"rf_class",144,332,12,10,0.955823293172691,0.965116279069767,0.935064935064935,0.970760233918129,0.965116279069767,0.967930029154519,"rf_class",272,685,30,15,0.955089820359281,0.958041958041958,0.947735191637631,0.978571428571429,0.958041958041958,0.968197879858657
2000,1000,80,0.3,0.05,"a",FALSE,0.5,0,816,"13, 9, 78, 44","IRT",436,1016,27,21,0.968,0.974113135186961,0.954048140043764,0.979749276759884,0.974113135186961,0.976923076923077,"IRT",133,342,8,7,0.969387755102041,0.977142857142857,0.95,0.979942693409742,0.977142857142857,0.978540772532189,"IRT",303,674,19,14,0.967326732673267,0.972582972582973,0.95583596214511,0.979651162790698,0.972582972582973,0.976104272266473
2000,1000,80,0.3,0.05,"a",FALSE,0.5,0,816,"13, 9, 78, 44","rf_probs",0,361,682,457,0.240666666666667,0.346116970278044,0,0.441320293398533,0.346116970278044,0.387963460505105,"rf_probs",0,126,224,140,0.257142857142857,0.36,0,0.473684210526316,0.36,0.409090909090909,"rf_probs",0,235,458,317,0.232673267326733,0.339105339105339,0,0.425724637681159,0.339105339105339,0.377510040160643
2000,1000,80,0.3,0.05,"a",FALSE,0.5,0,816,"13, 9, 78, 44","rf_class",430,1001,42,27,0.954,0.959731543624161,0.940919037199125,0.973735408560311,0.959731543624161,0.966682761950748,"rf_class",134,334,16,6,0.955102040816327,0.954285714285714,0.957142857142857,0.982352941176471,0.954285714285714,0.968115942028986,"rf_class",296,667,26,21,0.953465346534653,0.962481962481962,0.933753943217666,0.969476744186046,0.962481962481962,0.965966690803765
2000,1000,80,0.3,0.05,"a",FALSE,0.5,0,817,"44, 14, 5, 72","IRT",423,1030,36,11,0.968666666666667,0.966228893058161,0.974654377880184,0.989433237271854,0.966228893058161,0.977693402942572,"IRT",142,328,15,5,0.959183673469388,0.956268221574344,0.965986394557823,0.984984984984985,0.956268221574344,0.970414201183432,"IRT",281,702,21,6,0.973267326732673,0.970954356846473,0.979094076655052,0.991525423728814,0.970954356846473,0.981132075471698
2000,1000,80,0.3,0.05,"a",FALSE,0.5,0,817,"44, 14, 5, 72","rf_probs",0,364,702,434,0.242666666666667,0.341463414634146,0,0.456140350877193,0.341463414634146,0.390557939914163,"rf_probs",0,111,232,147,0.226530612244898,0.323615160349854,0,0.430232558139535,0.323615160349854,0.369384359400998,"rf_probs",0,253,470,287,0.25049504950495,0.349930843706777,0,0.468518518518519,0.349930843706777,0.400633412509897
2000,1000,80,0.3,0.05,"a",FALSE,0.5,0,817,"44, 14, 5, 72","rf_class",411,1039,27,23,0.966666666666667,0.974671669793621,0.947004608294931,0.97834274952919,0.974671669793621,0.976503759398496,"rf_class",139,336,7,8,0.969387755102041,0.979591836734694,0.945578231292517,0.976744186046512,0.979591836734694,0.978165938864629,"rf_class",272,703,20,15,0.965346534653465,0.972337482710927,0.947735191637631,0.979108635097493,0.972337482710927,0.975711311589174
2000,1000,80,0.3,0.05,"a",FALSE,0.5,0,818,"15, 11, 67, 8","IRT",414,1030,39,17,0.962666666666667,0.963517305893358,0.960556844547564,0.983763132760267,0.963517305893358,0.973534971644612,"IRT",134,338,12,7,0.961303462321792,0.965714285714286,0.950354609929078,0.979710144927536,0.965714285714286,0.972661870503597,"IRT",280,692,27,10,0.963330029732408,0.962447844228095,0.96551724137931,0.985754985754986,0.962447844228095,0.973961998592541
2000,1000,80,0.3,0.05,"a",FALSE,0.5,0,818,"15, 11, 67, 8","rf_probs",0,368,701,431,0.245333333333333,0.344246959775491,0,0.460575719649562,0.344246959775491,0.394004282655246,"rf_probs",0,109,241,141,0.221995926680244,0.311428571428571,0,0.436,0.311428571428571,0.363333333333333,"rf_probs",0,259,460,290,0.256689791873142,0.360222531293463,0,0.471766848816029,0.360222531293463,0.408517350157729
2000,1000,80,0.3,0.05,"a",FALSE,0.5,0,818,"15, 11, 67, 8","rf_class",417,1024,45,14,0.960666666666667,0.957904583723106,0.967517401392111,0.986512524084778,0.957904583723106,0.971998101566208,"rf_class",138,336,14,3,0.965376782077393,0.96,0.978723404255319,0.991150442477876,0.96,0.975326560232221,"rf_class",279,688,31,11,0.958374628344896,0.956884561891516,0.962068965517241,0.984263233190272,0.956884561891516,0.970380818053597
2000,1000,80,0.3,0.05,"a",FALSE,0.5,0,819,"58, 64, 24, 10","IRT",430,1000,45,25,0.953333333333333,0.956937799043062,0.945054945054945,0.975609756097561,0.956937799043062,0.966183574879227,"IRT",140,329,11,8,0.961065573770492,0.967647058823529,0.945945945945946,0.976261127596439,0.967647058823529,0.971935007385524,"IRT",290,671,34,17,0.949604743083004,0.95177304964539,0.944625407166124,0.975290697674419,0.95177304964539,0.963388370423546
2000,1000,80,0.3,0.05,"a",FALSE,0.5,0,819,"58, 64, 24, 10","rf_probs",0,367,678,455,0.244666666666667,0.351196172248804,0,0.44647201946472,0.351196172248804,0.393144081414033,"rf_probs",0,109,231,148,0.223360655737705,0.320588235294118,0,0.424124513618677,0.320588235294118,0.365159128978225,"rf_probs",0,258,447,307,0.254940711462451,0.365957446808511,0,0.456637168141593,0.365957446808511,0.406299212598425
2000,1000,80,0.3,0.05,"a",FALSE,0.5,0,819,"58, 64, 24, 10","rf_class",427,1000,45,28,0.951333333333333,0.956937799043062,0.938461538461538,0.972762645914397,0.956937799043062,0.964785335262904,"rf_class",140,327,13,8,0.956967213114754,0.961764705882353,0.945945945945946,0.976119402985075,0.961764705882353,0.968888888888889,"rf_class",287,673,32,20,0.948616600790514,0.954609929078014,0.93485342019544,0.971139971139971,0.954609929078014,0.962804005722461
2000,1000,80,0.3,0.05,"a",FALSE,0.5,0,820,"9, 8, 23, 59","IRT",457,980,46,17,0.958,0.955165692007797,0.964135021097046,0.982948846539619,0.955165692007797,0.968858131487889,"IRT",138,327,18,4,0.95482546201232,0.947826086956522,0.971830985915493,0.987915407854985,0.947826086956522,0.967455621301775,"IRT",319,653,28,13,0.959526159921027,0.958883994126285,0.960843373493976,0.980480480480481,0.958883994126285,0.969561989606533
2000,1000,80,0.3,0.05,"a",FALSE,0.5,0,820,"9, 8, 23, 59","rf_probs",417,0,1026,57,0.278,0,0.879746835443038,0,0,NA,"rf_probs",128,0,345,14,0.262833675564682,0,0.901408450704225,0,0,NA,"rf_probs",289,0,681,43,0.285291214215202,0,0.870481927710843,0,0,NA
2000,1000,80,0.3,0.05,"a",FALSE,0.5,0,820,"9, 8, 23, 59","rf_class",453,987,39,21,0.96,0.961988304093567,0.955696202531646,0.979166666666667,0.961988304093567,0.970501474926254,"rf_class",138,331,14,4,0.963039014373717,0.959420289855072,0.971830985915493,0.988059701492537,0.959420289855072,0.973529411764706,"rf_class",315,656,25,17,0.958538993089832,0.963289280469897,0.948795180722892,0.974739970282318,0.963289280469897,0.968980797636632
2000,1000,80,0.3,0.05,"a",FALSE,0.5,0,821,"23, 9, 35, 50","IRT",442,998,50,10,0.96,0.952290076335878,0.97787610619469,0.990079365079365,0.952290076335878,0.970817120622568,"IRT",164,330,15,5,0.961089494163424,0.956521739130435,0.970414201183432,0.985074626865672,0.956521739130435,0.970588235294118,"IRT",278,668,35,5,0.959432048681542,0.950213371266003,0.982332155477032,0.992570579494799,0.950213371266003,0.97093023255814
2000,1000,80,0.3,0.05,"a",FALSE,0.5,0,821,"23, 9, 35, 50","rf_probs",0,356,692,452,0.237333333333333,0.33969465648855,0,0.440594059405941,0.33969465648855,0.383620689655172,"rf_probs",0,119,226,169,0.231517509727626,0.344927536231884,0,0.413194444444444,0.344927536231884,0.375987361769352,"rf_probs",0,237,466,283,0.240365111561866,0.337126600284495,0,0.455769230769231,0.337126600284495,0.387571545380213
2000,1000,80,0.3,0.05,"a",FALSE,0.5,0,821,"23, 9, 35, 50","rf_class",433,1007,41,19,0.96,0.96087786259542,0.957964601769911,0.981481481481482,0.96087786259542,0.971070395371263,"rf_class",161,333,12,8,0.961089494163424,0.965217391304348,0.952662721893491,0.976539589442815,0.965217391304348,0.970845481049563,"rf_class",272,674,29,11,0.959432048681542,0.958748221906117,0.96113074204947,0.983941605839416,0.958748221906117,0.971181556195965
2000,1000,80,0.3,0.05,"a",FALSE,0.5,0,822,"66, 24, 53, 64","IRT",420,1025,41,14,0.963333333333333,0.961538461538462,0.967741935483871,0.986525505293552,0.961538461538462,0.973871733966746,"IRT",135,335,14,6,0.959183673469388,0.959885386819484,0.957446808510638,0.982404692082111,0.959885386819484,0.971014492753623,"IRT",285,690,27,8,0.965346534653465,0.96234309623431,0.972696245733788,0.988538681948424,0.96234309623431,0.975265017667845
2000,1000,80,0.3,0.05,"a",FALSE,0.5,0,822,"66, 24, 53, 64","rf_probs",0,373,693,434,0.248666666666667,0.349906191369606,0,0.462205700123916,0.349906191369606,0.398291510945008,"rf_probs",0,117,232,141,0.238775510204082,0.335243553008596,0,0.453488372093023,0.335243553008596,0.385502471169687,"rf_probs",0,256,461,293,0.253465346534653,0.357043235704324,0,0.466302367941712,0.357043235704324,0.404423380726698
2000,1000,80,0.3,0.05,"a",FALSE,0.5,0,822,"66, 24, 53, 64","rf_class",413,1016,50,21,0.952666666666667,0.953095684803002,0.951612903225806,0.979749276759884,0.953095684803002,0.966238706609605,"rf_class",132,331,18,9,0.944897959183673,0.948424068767908,0.936170212765957,0.973529411764706,0.948424068767908,0.960812772133527,"rf_class",281,685,32,12,0.956435643564356,0.95536959553696,0.959044368600683,0.982783357245337,0.95536959553696,0.968882602545969
2000,1000,80,0.3,0.05,"a",FALSE,0.5,0,823,"11, 61, 63, 40","IRT",439,1023,22,16,0.974666666666667,0.978947368421053,0.964835164835165,0.984600577478345,0.978947368421053,0.981765834932822,"IRT",143,344,5,8,0.974,0.98567335243553,0.947019867549669,0.977272727272727,0.98567335243553,0.981455064194009,"IRT",296,679,17,8,0.975,0.975574712643678,0.973684210526316,0.988355167394469,0.975574712643678,0.981923355025307
2000,1000,80,0.3,0.05,"a",FALSE,0.5,0,823,"11, 61, 63, 40","rf_probs",0,305,740,455,0.203333333333333,0.291866028708134,0,0.401315789473684,0.291866028708134,0.337950138504155,"rf_probs",0,95,254,151,0.19,0.272206303724928,0,0.386178861788618,0.272206303724928,0.319327731092437,"rf_probs",0,210,486,304,0.21,0.301724137931034,0,0.408560311284047,0.301724137931034,0.347107438016529
2000,1000,80,0.3,0.05,"a",FALSE,0.5,0,823,"11, 61, 63, 40","rf_class",423,1019,26,32,0.961333333333333,0.97511961722488,0.92967032967033,0.969552806850619,0.97511961722488,0.972328244274809,"rf_class",139,339,10,12,0.956,0.97134670487106,0.920529801324503,0.965811965811966,0.97134670487106,0.968571428571429,"rf_class",284,680,16,20,0.964,0.977011494252874,0.934210526315789,0.971428571428571,0.977011494252874,0.974212034383954
2000,1000,80,0.3,0.05,"a",FALSE,0.5,0,824,"76, 11, 59, 10","IRT",440,993,52,15,0.955333333333333,0.950239234449761,0.967032967032967,0.985119047619048,0.950239234449761,0.967364831953239,"IRT",136,328,18,4,0.954732510288066,0.947976878612717,0.971428571428571,0.987951807228916,0.947976878612717,0.967551622418879,"IRT",304,665,34,11,0.955621301775148,0.951359084406295,0.965079365079365,0.983727810650888,0.951359084406295,0.967272727272727
2000,1000,80,0.3,0.05,"a",FALSE,0.5,0,824,"76, 11, 59, 10","rf_probs",0,381,664,455,0.254,0.364593301435407,0,0.455741626794258,0.364593301435407,0.405103668261563,"rf_probs",0,134,212,140,0.275720164609054,0.38728323699422,0,0.489051094890511,0.38728323699422,0.432258064516129,"rf_probs",0,247,452,315,0.243589743589744,0.353361945636624,0,0.439501779359431,0.353361945636624,0.391752577319588
2000,1000,80,0.3,0.05,"a",FALSE,0.5,0,824,"76, 11, 59, 10","rf_class",425,1017,28,30,0.961333333333333,0.973205741626794,0.934065934065934,0.97134670487106,0.973205741626794,0.972275334608031,"rf_class",134,337,9,6,0.969135802469136,0.973988439306358,0.957142857142857,0.982507288629738,0.973988439306358,0.978229317851959,"rf_class",291,680,19,24,0.957593688362919,0.972818311874106,0.923809523809524,0.965909090909091,0.972818311874106,0.969351389878831
2000,1000,80,0.3,0.05,"a",FALSE,0.5,0,825,"43, 28, 49, 52","IRT",454,988,48,10,0.961333333333333,0.953667953667954,0.978448275862069,0.98997995991984,0.953667953667954,0.971484759095379,"IRT",143,321,21,6,0.945010183299389,0.93859649122807,0.959731543624161,0.981651376146789,0.93859649122807,0.959641255605381,"IRT",311,667,27,4,0.969276511397423,0.961095100864553,0.987301587301587,0.994038748137109,0.961095100864553,0.977289377289377
2000,1000,80,0.3,0.05,"a",FALSE,0.5,0,825,"43, 28, 49, 52","rf_probs",0,355,681,464,0.236666666666667,0.342664092664093,0,0.433455433455433,0.342664092664093,0.382749326145553,"rf_probs",0,124,218,149,0.252545824847251,0.362573099415205,0,0.454212454212454,0.362573099415205,0.403252032520325,"rf_probs",0,231,463,315,0.228939544103072,0.332853025936599,0,0.423076923076923,0.332853025936599,0.37258064516129
2000,1000,80,0.3,0.05,"a",FALSE,0.5,0,825,"43, 28, 49, 52","rf_class",433,1014,22,31,0.964666666666667,0.978764478764479,0.933189655172414,0.970334928229665,0.978764478764479,0.974531475252283,"rf_class",136,331,11,13,0.95112016293279,0.967836257309941,0.912751677852349,0.962209302325581,0.967836257309941,0.965014577259475,"rf_class",297,683,11,18,0.971258671952428,0.984149855907781,0.942857142857143,0.97432239657632,0.984149855907781,0.97921146953405
2000,1000,80,0.3,0.05,"a",FALSE,0.5,0,826,"43, 30, 13, 44","IRT",429,1004,63,4,0.955333333333333,0.94095595126523,0.990762124711316,0.996031746031746,0.94095595126523,0.967710843373494,"IRT",124,341,27,1,0.943204868154158,0.926630434782609,0.992,0.997076023391813,0.926630434782609,0.96056338028169,"IRT",305,663,36,3,0.961271102284012,0.948497854077253,0.99025974025974,0.995495495495496,0.948497854077253,0.971428571428571
2000,1000,80,0.3,0.05,"a",FALSE,0.5,0,826,"43, 30, 13, 44","rf_probs",0,416,651,433,0.277333333333333,0.389878163074039,0,0.489988221436985,0.389878163074039,0.434237995824635,"rf_probs",0,142,226,125,0.288032454361055,0.385869565217391,0,0.531835205992509,0.385869565217391,0.447244094488189,"rf_probs",0,274,425,308,0.272095332671301,0.391988555078684,0,0.470790378006873,0.391988555078684,0.427790788446526
2000,1000,80,0.3,0.05,"a",FALSE,0.5,0,826,"43, 30, 13, 44","rf_class",418,1017,50,15,0.956666666666667,0.953139643861293,0.965357967667437,0.98546511627907,0.953139643861293,0.96903287279657,"rf_class",117,347,21,8,0.941176470588235,0.942934782608696,0.936,0.977464788732394,0.942934782608696,0.959889349930844,"rf_class",301,670,29,7,0.964250248262165,0.958512160228898,0.977272727272727,0.989660265878877,0.958512160228898,0.973837209302326
2000,1000,80,0.3,0.05,"a",FALSE,0.5,0,827,"73, 43, 68, 11","IRT",444,1006,33,17,0.966666666666667,0.968238691049086,0.963123644251627,0.983382209188661,0.968238691049086,0.975751697381183,"IRT",160,337,9,4,0.974509803921569,0.973988439306358,0.975609756097561,0.988269794721408,0.973988439306358,0.981077147016012,"IRT",284,669,24,13,0.962626262626263,0.965367965367965,0.956228956228956,0.980938416422287,0.965367965367965,0.973090909090909
2000,1000,80,0.3,0.05,"a",FALSE,0.5,0,827,"73, 43, 68, 11","rf_probs",0,349,690,461,0.232666666666667,0.335899903753609,0,0.430864197530864,0.335899903753609,0.377501352082207,"rf_probs",0,103,243,164,0.201960784313725,0.297687861271676,0,0.385767790262172,0.297687861271676,0.33605220228385,"rf_probs",0,246,447,297,0.248484848484848,0.354978354978355,0,0.453038674033149,0.354978354978355,0.398058252427185
2000,1000,80,0.3,0.05,"a",FALSE,0.5,0,827,"73, 43, 68, 11","rf_class",432,1007,32,29,0.959333333333333,0.969201154956689,0.937093275488069,0.972007722007722,0.969201154956689,0.970602409638554,"rf_class",155,333,13,9,0.956862745098039,0.96242774566474,0.945121951219512,0.973684210526316,0.96242774566474,0.968023255813954,"rf_class",277,674,19,20,0.960606060606061,0.972582972582973,0.932659932659933,0.971181556195965,0.972582972582973,0.971881759192502
2000,1000,80,0.3,0.05,"a",FALSE,0.5,0,828,"53, 38, 3, 55","IRT",435,998,60,7,0.955333333333333,0.943289224952741,0.984162895927602,0.993034825870647,0.943289224952741,0.96752302472128,"IRT",140,309,21,1,0.953290870488323,0.936363636363636,0.99290780141844,0.996774193548387,0.936363636363636,0.965625,"IRT",295,689,39,6,0.956268221574344,0.946428571428571,0.980066445182724,0.99136690647482,0.946428571428571,0.968376669009136
2000,1000,80,0.3,0.05,"a",FALSE,0.5,0,828,"53, 38, 3, 55","rf_probs",0,370,688,442,0.246666666666667,0.349716446124764,0,0.455665024630542,0.349716446124764,0.39572192513369,"rf_probs",0,117,213,141,0.248407643312102,0.354545454545455,0,0.453488372093023,0.354545454545455,0.397959183673469,"rf_probs",0,253,475,301,0.245869776482021,0.347527472527473,0,0.456678700361011,0.347527472527473,0.394695787831513
2000,1000,80,0.3,0.05,"a",FALSE,0.5,0,828,"53, 38, 3, 55","rf_class",411,1017,41,31,0.952,0.96124763705104,0.929864253393665,0.970419847328244,0.96124763705104,0.965811965811966,"rf_class",131,317,13,10,0.951167728237792,0.960606060606061,0.929078014184397,0.969418960244648,0.960606060606061,0.964992389649924,"rf_class",280,700,28,21,0.952380952380952,0.961538461538462,0.930232558139535,0.970873786407767,0.961538461538462,0.966183574879227
2000,1000,80,0.3,0.05,"a",FALSE,0.5,0,829,"41, 32, 24, 64","IRT",427,1010,56,7,0.958,0.947467166979362,0.983870967741935,0.993117010816126,0.947467166979362,0.969755160825732,"IRT",129,342,19,4,0.953441295546559,0.947368421052632,0.969924812030075,0.988439306358382,0.947368421052632,0.967468175388967,"IRT",298,668,37,3,0.960238568588469,0.947517730496454,0.990033222591362,0.995529061102832,0.947517730496454,0.970930232558139
2000,1000,80,0.3,0.05,"a",FALSE,0.5,0,829,"41, 32, 24, 64","rf_probs",0,382,684,434,0.254666666666667,0.358348968105066,0,0.468137254901961,0.358348968105066,0.405951115834219,"rf_probs",0,121,240,133,0.244939271255061,0.335180055401662,0,0.476377952755905,0.335180055401662,0.39349593495935,"rf_probs",0,261,444,301,0.259443339960239,0.370212765957447,0,0.4644128113879,0.370212765957447,0.411996842936069
2000,1000,80,0.3,0.05,"a",FALSE,0.5,0,829,"41, 32, 24, 64","rf_class",412,1014,52,22,0.950666666666667,0.951219512195122,0.949308755760369,0.978764478764479,0.951219512195122,0.964795432921028,"rf_class",122,344,17,11,0.94331983805668,0.952908587257618,0.917293233082707,0.969014084507042,0.952908587257618,0.960893854748603,"rf_class",290,670,35,11,0.95427435387674,0.950354609929078,0.963455149501661,0.983847283406755,0.950354609929078,0.966810966810967
2000,1000,80,0.3,0.05,"a",FALSE,0.5,0,830,"12, 56, 78, 69","IRT",418,1025,36,21,0.962,0.966069745523091,0.952164009111617,0.979923518164436,0.966069745523091,0.972947318462269,"IRT",138,345,12,5,0.966,0.966386554621849,0.965034965034965,0.985714285714286,0.966386554621849,0.975954738330976,"IRT",280,680,24,16,0.96,0.965909090909091,0.945945945945946,0.977011494252874,0.965909090909091,0.971428571428571
2000,1000,80,0.3,0.05,"a",FALSE,0.5,0,830,"12, 56, 78, 69","rf_probs",0,373,688,439,0.248666666666667,0.351555136663525,0,0.45935960591133,0.351555136663525,0.398291510945008,"rf_probs",0,118,239,143,0.236,0.330532212885154,0,0.452107279693487,0.330532212885154,0.381877022653722,"rf_probs",0,255,449,296,0.255,0.362215909090909,0,0.462794918330309,0.362215909090909,0.406374501992032
2000,1000,80,0.3,0.05,"a",FALSE,0.5,0,830,"12, 56, 78, 69","rf_class",422,1016,45,17,0.958666666666667,0.957587181903864,0.96127562642369,0.983543078412391,0.957587181903864,0.970391595033429,"rf_class",139,341,16,4,0.96,0.955182072829132,0.972027972027972,0.988405797101449,0.955182072829132,0.971509971509972,"rf_class",283,675,29,13,0.958,0.958806818181818,0.956081081081081,0.981104651162791,0.958806818181818,0.969827586206897
2000,1000,80,0.3,0.05,"a",FALSE,0.5,0,831,"24, 20, 42, 61","IRT",417,1030,35,18,0.964666666666667,0.967136150234742,0.958620689655172,0.982824427480916,0.967136150234742,0.97491717936583,"IRT",133,340,13,8,0.95748987854251,0.963172804532578,0.943262411347518,0.977011494252874,0.963172804532578,0.970042796005706,"IRT",284,690,22,10,0.968190854870775,0.969101123595506,0.965986394557823,0.985714285714286,0.969101123595506,0.977337110481586
2000,1000,80,0.3,0.05,"a",FALSE,0.5,0,831,"24, 20, 42, 61","rf_probs",0,360,705,435,0.24,0.338028169014085,0,0.452830188679245,0.338028169014085,0.387096774193548,"rf_probs",0,115,238,141,0.232793522267206,0.325779036827195,0,0.44921875,0.325779036827195,0.377668308702791,"rf_probs",0,245,467,294,0.243538767395626,0.344101123595506,0,0.454545454545455,0.344101123595506,0.391686650679456
2000,1000,80,0.3,0.05,"a",FALSE,0.5,0,831,"24, 20, 42, 61","rf_class",406,1027,38,29,0.955333333333333,0.964319248826291,0.933333333333333,0.972537878787879,0.964319248826291,0.968411126826969,"rf_class",131,340,13,10,0.953441295546559,0.963172804532578,0.929078014184397,0.971428571428571,0.963172804532578,0.96728307254623,"rf_class",275,687,25,19,0.956262425447316,0.964887640449438,0.935374149659864,0.973087818696884,0.964887640449438,0.968970380818054
2000,1000,80,0.3,0.05,"a",FALSE,0.5,0,832,"41, 31, 29, 45","IRT",408,1032,40,20,0.96,0.962686567164179,0.953271028037383,0.980988593155893,0.962686567164179,0.971751412429378,"IRT",132,343,15,7,0.955734406438632,0.958100558659218,0.949640287769784,0.98,0.958100558659218,0.968926553672316,"IRT",276,689,25,13,0.962113659022931,0.964985994397759,0.955017301038062,0.981481481481482,0.964985994397759,0.97316384180791
2000,1000,80,0.3,0.05,"a",FALSE,0.5,0,832,"41, 31, 29, 45","rf_probs",0,369,703,428,0.246,0.344216417910448,0,0.462986198243413,0.344216417910448,0.394863563402889,"rf_probs",0,122,236,139,0.245472837022133,0.340782122905028,0,0.467432950191571,0.340782122905028,0.394184168012924,"rf_probs",0,247,467,289,0.246261216350947,0.34593837535014,0,0.460820895522388,0.34593837535014,0.3952
2000,1000,80,0.3,0.05,"a",FALSE,0.5,0,832,"41, 31, 29, 45","rf_class",405,1027,45,23,0.954666666666667,0.958022388059702,0.946261682242991,0.978095238095238,0.958022388059702,0.967954759660697,"rf_class",131,344,14,8,0.955734406438632,0.960893854748603,0.942446043165468,0.977272727272727,0.960893854748603,0.969014084507042,"rf_class",274,683,31,15,0.954137587238285,0.956582633053221,0.948096885813149,0.978510028653295,0.956582633053221,0.96742209631728
2000,1000,80,0.3,0.05,"a",FALSE,0.5,0,833,"74, 47, 9, 13","IRT",453,981,47,19,0.956,0.954280155642023,0.959745762711864,0.981,0.954280155642023,0.967455621301775,"IRT",134,321,17,8,0.947916666666667,0.949704142011834,0.943661971830986,0.975683890577508,0.949704142011834,0.962518740629685,"IRT",319,660,30,11,0.959803921568627,0.956521739130435,0.966666666666667,0.983606557377049,0.956521739130435,0.969875091844232
2000,1000,80,0.3,0.05,"a",FALSE,0.5,0,833,"74, 47, 9, 13","rf_probs",0,327,701,472,0.218,0.318093385214008,0,0.409261576971214,0.318093385214008,0.357963875205254,"rf_probs",0,117,221,142,0.24375,0.346153846153846,0,0.451737451737452,0.346153846153846,0.391959798994975,"rf_probs",0,210,480,330,0.205882352941176,0.304347826086957,0,0.388888888888889,0.304347826086957,0.341463414634146
2000,1000,80,0.3,0.05,"a",FALSE,0.5,0,833,"74, 47, 9, 13","rf_class",428,1001,27,44,0.952666666666667,0.973735408560311,0.906779661016949,0.957894736842105,0.973735408560311,0.965750120598167,"rf_class",128,328,10,14,0.95,0.970414201183432,0.901408450704225,0.95906432748538,0.970414201183432,0.964705882352941,"rf_class",300,673,17,30,0.953921568627451,0.97536231884058,0.909090909090909,0.957325746799431,0.97536231884058,0.966259870782484
2000,1000,80,0.3,0.05,"a",FALSE,0.5,0,834,"64, 60, 37, 73","IRT",447,973,73,7,0.946666666666667,0.930210325047801,0.984581497797357,0.992857142857143,0.930210325047801,0.960513326752221,"IRT",140,314,29,0,0.939958592132505,0.915451895043732,1,1,0.915451895043732,0.9558599695586,"IRT",307,659,44,7,0.949852507374631,0.937411095305832,0.977707006369427,0.989489489489489,0.937411095305832,0.962746530314098
2000,1000,80,0.3,0.05,"a",FALSE,0.5,0,834,"64, 60, 37, 73","rf_probs",0,349,697,454,0.232666666666667,0.333652007648184,0,0.434620174346202,0.333652007648184,0.377501352082207,"rf_probs",0,125,218,140,0.25879917184265,0.364431486880466,0,0.471698113207547,0.364431486880466,0.411184210526316,"rf_probs",0,224,479,314,0.220255653883972,0.318634423897582,0,0.41635687732342,0.318634423897582,0.360999194198227
2000,1000,80,0.3,0.05,"a",FALSE,0.5,0,834,"64, 60, 37, 73","rf_class",434,994,52,20,0.952,0.950286806883365,0.955947136563877,0.980276134122288,0.950286806883365,0.96504854368932,"rf_class",137,322,21,3,0.950310559006211,0.938775510204082,0.978571428571429,0.990769230769231,0.938775510204082,0.964071856287425,"rf_class",297,672,31,17,0.952802359882006,0.955903271692745,0.945859872611465,0.975326560232221,0.955903271692745,0.96551724137931
2000,1000,80,0.3,0.05,"a",FALSE,0.5,0,835,"10, 61, 75, 38","IRT",456,989,39,16,0.963333333333333,0.962062256809339,0.966101694915254,0.98407960199005,0.962062256809339,0.972946384653222,"IRT",148,352,12,5,0.967117988394584,0.967032967032967,0.967320261437909,0.985994397759104,0.967032967032967,0.976421636615811,"IRT",308,637,27,11,0.961342828077314,0.95933734939759,0.96551724137931,0.983024691358025,0.95933734939759,0.971036585365854
2000,1000,80,0.3,0.05,"a",FALSE,0.5,0,835,"10, 61, 75, 38","rf_probs",0,336,692,472,0.224,0.326848249027237,0,0.415841584158416,0.326848249027237,0.366013071895425,"rf_probs",0,111,253,153,0.214700193423598,0.304945054945055,0,0.420454545454545,0.304945054945055,0.353503184713376,"rf_probs",0,225,439,319,0.228891149542218,0.338855421686747,0,0.413602941176471,0.338855421686747,0.372516556291391
2000,1000,80,0.3,0.05,"a",FALSE,0.5,0,835,"10, 61, 75, 38","rf_class",434,1001,27,38,0.956666666666667,0.973735408560311,0.919491525423729,0.963426371511068,0.973735408560311,0.968553459119497,"rf_class",141,355,9,12,0.959381044487427,0.975274725274725,0.92156862745098,0.967302452316076,0.975274725274725,0.971272229822161,"rf_class",293,646,18,26,0.955239064089522,0.97289156626506,0.918495297805643,0.961309523809524,0.97289156626506,0.967065868263473
2000,1000,80,0.3,0.05,"a",FALSE,0.5,0,836,"59, 60, 10, 55","IRT",425,1004,58,13,0.952666666666667,0.945386064030132,0.970319634703196,0.987217305801377,0.945386064030132,0.965848965848966,"IRT",117,352,24,5,0.941767068273092,0.936170212765957,0.959016393442623,0.985994397759104,0.936170212765957,0.96043656207367,"IRT",308,652,34,8,0.958083832335329,0.950437317784257,0.974683544303797,0.987878787878788,0.950437317784257,0.968796433878158
2000,1000,80,0.3,0.05,"a",FALSE,0.5,0,836,"59, 60, 10, 55","rf_probs",0,392,670,438,0.261333333333333,0.369114877589454,0,0.472289156626506,0.369114877589454,0.414376321353066,"rf_probs",0,135,241,122,0.271084337349398,0.359042553191489,0,0.525291828793774,0.359042553191489,0.42654028436019,"rf_probs",0,257,429,316,0.256487025948104,0.37463556851312,0,0.448516579406632,0.37463556851312,0.408260524225576
2000,1000,80,0.3,0.05,"a",FALSE,0.5,0,836,"59, 60, 10, 55","rf_class",422,1000,62,16,0.948,0.941619585687382,0.963470319634703,0.984251968503937,0.941619585687382,0.962463907603465,"rf_class",114,355,21,8,0.941767068273092,0.944148936170213,0.934426229508197,0.977961432506887,0.944148936170213,0.960757780784844,"rf_class",308,645,41,8,0.951097804391218,0.940233236151603,0.974683544303797,0.987748851454824,0.940233236151603,0.963405526512323
2000,1000,80,0.3,0.05,"a",FALSE,0.5,0,837,"6, 75, 64, 32","IRT",427,1026,35,12,0.968666666666667,0.967012252591894,0.972665148063781,0.988439306358382,0.967012252591894,0.977608384945212,"IRT",144,339,13,3,0.967935871743487,0.963068181818182,0.979591836734694,0.991228070175439,0.963068181818182,0.976945244956772,"IRT",283,687,22,9,0.969030969030969,0.968970380818054,0.969178082191781,0.987068965517241,0.968970380818054,0.977935943060498
2000,1000,80,0.3,0.05,"a",FALSE,0.5,0,837,"6, 75, 64, 32","rf_probs",0,343,718,439,0.228666666666667,0.323279924599434,0,0.438618925831202,0.323279924599434,0.372219207813348,"rf_probs",0,110,242,147,0.220440881763527,0.3125,0,0.428015564202335,0.3125,0.361247947454844,"rf_probs",0,233,476,292,0.232767232767233,0.328631875881523,0,0.443809523809524,0.328631875881523,0.377633711507293
2000,1000,80,0.3,0.05,"a",FALSE,0.5,0,837,"6, 75, 64, 32","rf_class",423,1029,32,16,0.968,0.969839773798303,0.963553530751708,0.984688995215311,0.969839773798303,0.977207977207977,"rf_class",142,338,14,5,0.961923847695391,0.960227272727273,0.965986394557823,0.985422740524781,0.960227272727273,0.972661870503597,"rf_class",281,691,18,11,0.971028971028971,0.974612129760226,0.962328767123288,0.984330484330484,0.974612129760226,0.979447200566974
2000,1000,80,0.3,0.05,"a",FALSE,0.5,0,838,"67, 56, 22, 15","IRT",418,1028,37,17,0.964,0.965258215962441,0.960919540229885,0.983732057416268,0.965258215962441,0.974407582938389,"IRT",136,351,12,5,0.966269841269841,0.966942148760331,0.964539007092199,0.985955056179775,0.966942148760331,0.976356050069541,"IRT",282,677,25,12,0.96285140562249,0.964387464387464,0.959183673469388,0.982583454281567,0.964387464387464,0.973400431344357
2000,1000,80,0.3,0.05,"a",FALSE,0.5,0,838,"67, 56, 22, 15","rf_probs",0,371,694,435,0.247333333333333,0.348356807511737,0,0.46029776674938,0.348356807511737,0.396579369321219,"rf_probs",0,119,244,141,0.236111111111111,0.327823691460055,0,0.457692307692308,0.327823691460055,0.382022471910112,"rf_probs",0,252,450,294,0.253012048192771,0.358974358974359,0,0.461538461538462,0.358974358974359,0.403846153846154
2000,1000,80,0.3,0.05,"a",FALSE,0.5,0,838,"67, 56, 22, 15","rf_class",410,1030,35,25,0.96,0.967136150234742,0.942528735632184,0.976303317535545,0.967136150234742,0.971698113207547,"rf_class",132,349,14,9,0.954365079365079,0.961432506887052,0.936170212765957,0.974860335195531,0.961432506887052,0.968099861303745,"rf_class",278,681,21,16,0.96285140562249,0.97008547008547,0.945578231292517,0.977044476327116,0.97008547008547,0.973552537526805
2000,1000,80,0.3,0.05,"a",FALSE,0.5,0,839,"30, 9, 39, 78","IRT",437,1015,34,14,0.968,0.967588179218303,0.968957871396896,0.986394557823129,0.967588179218303,0.976900866217517,"IRT",137,334,11,7,0.96319018404908,0.968115942028986,0.951388888888889,0.979472140762463,0.968115942028986,0.973760932944606,"IRT",300,681,23,7,0.970326409495549,0.967329545454545,0.977198697068404,0.989825581395349,0.967329545454545,0.978448275862069
2000,1000,80,0.3,0.05,"a",FALSE,0.5,0,839,"30, 9, 39, 78","rf_probs",0,347,702,451,0.231333333333333,0.330791229742612,0,0.43483709273183,0.330791229742612,0.375744450460206,"rf_probs",0,105,240,144,0.214723926380368,0.304347826086957,0,0.421686746987952,0.304347826086957,0.353535353535354,"rf_probs",0,242,462,307,0.239366963402572,0.34375,0,0.4408014571949,0.34375,0.386272944932163
2000,1000,80,0.3,0.05,"a",FALSE,0.5,0,839,"30, 9, 39, 78","rf_class",428,1021,28,23,0.966,0.973307912297426,0.9490022172949,0.977969348659004,0.973307912297426,0.975633062589584,"rf_class",134,336,9,10,0.961145194274029,0.973913043478261,0.930555555555556,0.971098265895954,0.973913043478261,0.972503617945007,"rf_class",294,685,19,13,0.968348170128586,0.973011363636364,0.957654723127036,0.981375358166189,0.973011363636364,0.977175463623395
2000,1000,80,0.3,0.05,"a",FALSE,0.5,0,840,"30, 65, 59, 39","IRT",420,1016,47,17,0.957333333333333,0.955785512699906,0.961098398169336,0.983543078412391,0.955785512699906,0.969465648854962,"IRT",128,339,16,8,0.95112016293279,0.954929577464789,0.941176470588235,0.976945244956772,0.954929577464789,0.965811965811966,"IRT",292,677,31,9,0.960356788899901,0.956214689265537,0.970099667774086,0.986880466472303,0.956214689265537,0.971305595408895
2000,1000,80,0.3,0.05,"a",FALSE,0.5,0,840,"30, 65, 59, 39","rf_probs",0,341,722,437,0.227333333333333,0.320790216368768,0,0.438303341902314,0.320790216368768,0.370450841933732,"rf_probs",0,114,241,136,0.232179226069246,0.32112676056338,0,0.456,0.32112676056338,0.376859504132231,"rf_probs",0,227,481,301,0.224975222993062,0.320621468926554,0,0.429924242424242,0.320621468926554,0.367313915857605
2000,1000,80,0.3,0.05,"a",FALSE,0.5,0,840,"30, 65, 59, 39","rf_class",408,1019,44,29,0.951333333333333,0.958607714016933,0.933638443935927,0.972328244274809,0.958607714016933,0.965419232591189,"rf_class",126,341,14,10,0.95112016293279,0.96056338028169,0.926470588235294,0.971509971509972,0.96056338028169,0.96600566572238,"rf_class",282,678,30,19,0.951437066402379,0.957627118644068,0.93687707641196,0.972740315638451,0.957627118644068,0.965124555160142
2000,1000,80,0.3,0.05,"a",FALSE,0.5,0,841,"14, 53, 50, 24","IRT",436,1003,43,18,0.959333333333333,0.958891013384321,0.960352422907489,0.982370225269344,0.958891013384321,0.970488630865989,"IRT",134,350,10,6,0.968,0.972222222222222,0.957142857142857,0.98314606741573,0.972222222222222,0.977653631284916,"IRT",302,653,33,12,0.955,0.951895043731778,0.961783439490446,0.981954887218045,0.951895043731778,0.966691339748335
2000,1000,80,0.3,0.05,"a",FALSE,0.5,0,841,"14, 53, 50, 24","rf_probs",0,337,709,454,0.224666666666667,0.322179732313576,0,0.426042983565107,0.322179732313576,0.366902558519325,"rf_probs",0,106,254,140,0.212,0.294444444444444,0,0.430894308943089,0.294444444444444,0.34983498349835,"rf_probs",0,231,455,314,0.231,0.336734693877551,0,0.423853211009174,0.336734693877551,0.375304630381803
2000,1000,80,0.3,0.05,"a",FALSE,0.5,0,841,"14, 53, 50, 24","rf_class",422,1006,40,32,0.952,0.961759082217973,0.929515418502203,0.969171483622351,0.961759082217973,0.965451055662188,"rf_class",130,351,9,10,0.962,0.975,0.928571428571429,0.972299168975069,0.975,0.973647711511789,"rf_class",292,655,31,22,0.947,0.954810495626822,0.929936305732484,0.967503692762186,0.954810495626822,0.961115187087307
2000,1000,80,0.3,0.05,"a",FALSE,0.5,0,842,"9, 63, 67, 2","IRT",440,998,53,9,0.958666666666667,0.949571836346337,0.979955456570156,0.991062562065541,0.949571836346337,0.969873663751215,"IRT",150,314,15,3,0.962655601659751,0.954407294832827,0.980392156862745,0.990536277602524,0.954407294832827,0.972136222910217,"IRT",290,684,38,6,0.956777996070727,0.947368421052632,0.97972972972973,0.991304347826087,0.947368421052632,0.968838526912181
2000,1000,80,0.3,0.05,"a",FALSE,0.5,0,842,"9, 63, 67, 2","rf_probs",0,371,680,449,0.247333333333333,0.352997145575642,0,0.452439024390244,0.352997145575642,0.396579369321219,"rf_probs",0,114,215,153,0.236514522821577,0.346504559270517,0,0.426966292134831,0.346504559270517,0.38255033557047,"rf_probs",0,257,465,296,0.2524557956778,0.35595567867036,0,0.464737793851718,0.35595567867036,0.403137254901961
2000,1000,80,0.3,0.05,"a",FALSE,0.5,0,842,"9, 63, 67, 2","rf_class",424,1015,36,25,0.959333333333333,0.965746907706946,0.944320712694877,0.975961538461538,0.965746907706946,0.970827355332377,"rf_class",144,319,10,9,0.960580912863071,0.969604863221885,0.941176470588235,0.972560975609756,0.969604863221885,0.971080669710807,"rf_class",280,696,26,16,0.958742632612967,0.96398891966759,0.945945945945946,0.97752808988764,0.96398891966759,0.97071129707113
2000,1000,80,0.3,0.05,"a",FALSE,0.5,0,843,"48, 34, 41, 19","IRT",430,1008,45,17,0.958666666666667,0.957264957264957,0.961968680089485,0.983414634146341,0.957264957264957,0.970163618864292,"IRT",114,366,15,5,0.96,0.960629921259842,0.957983193277311,0.986522911051213,0.960629921259842,0.973404255319149,"IRT",316,642,30,12,0.958,0.955357142857143,0.963414634146341,0.981651376146789,0.955357142857143,0.968325791855204
2000,1000,80,0.3,0.05,"a",FALSE,0.5,0,843,"48, 34, 41, 19","rf_probs",0,404,649,447,0.269333333333333,0.38366571699905,0,0.474735605170388,0.38366571699905,0.42436974789916,"rf_probs",0,139,242,119,0.278,0.364829396325459,0,0.538759689922481,0.364829396325459,0.435054773082942,"rf_probs",0,265,407,328,0.265,0.394345238095238,0,0.446880269814503,0.394345238095238,0.41897233201581
2000,1000,80,0.3,0.05,"a",FALSE,0.5,0,843,"48, 34, 41, 19","rf_class",417,1012,41,30,0.952666666666667,0.961063627730294,0.932885906040268,0.971209213051823,0.961063627730294,0.966109785202864,"rf_class",112,371,10,7,0.966,0.973753280839895,0.941176470588235,0.981481481481482,0.973753280839895,0.977602108036891,"rf_class",305,641,31,23,0.946,0.953869047619048,0.929878048780488,0.965361445783133,0.953869047619048,0.959580838323353
2000,1000,80,0.3,0.05,"a",FALSE,0.5,0,844,"27, 37, 49, 13","IRT",439,1007,36,18,0.964,0.965484180249281,0.960612691466083,0.982439024390244,0.965484180249281,0.973887814313346,"IRT",149,343,12,4,0.968503937007874,0.966197183098592,0.973856209150327,0.988472622478386,0.966197183098592,0.977207977207977,"IRT",290,664,24,14,0.961693548387097,0.965116279069767,0.953947368421053,0.979351032448378,0.965116279069767,0.972181551976574
2000,1000,80,0.3,0.05,"a",FALSE,0.5,0,844,"27, 37, 49, 13","rf_probs",0,382,661,457,0.254666666666667,0.366251198465964,0,0.455303933253874,0.366251198465964,0.405951115834219,"rf_probs",0,135,220,153,0.265748031496063,0.380281690140845,0,0.46875,0.380281690140845,0.419906687402799,"rf_probs",0,247,441,304,0.248991935483871,0.359011627906977,0,0.448275862068966,0.359011627906977,0.398708635996772
2000,1000,80,0.3,0.05,"a",FALSE,0.5,0,844,"27, 37, 49, 13","rf_class",429,1008,35,28,0.958,0.966442953020134,0.938730853391685,0.972972972972973,0.966442953020134,0.96969696969697,"rf_class",143,346,9,10,0.96259842519685,0.974647887323944,0.934640522875817,0.971910112359551,0.974647887323944,0.973277074542897,"rf_class",286,662,26,18,0.955645161290323,0.962209302325581,0.940789473684211,0.973529411764706,0.962209302325581,0.967836257309942
2000,1000,80,0.3,0.05,"a",FALSE,0.5,0,845,"76, 32, 59, 78","IRT",446,988,56,10,0.956,0.946360153256705,0.978070175438597,0.98997995991984,0.946360153256705,0.96767874632713,"IRT",144,347,24,4,0.946050096339114,0.935309973045822,0.972972972972973,0.988603988603989,0.935309973045822,0.961218836565097,"IRT",302,641,32,6,0.961264016309888,0.952451708766716,0.980519480519481,0.990726429675425,0.952451708766716,0.971212121212121
2000,1000,80,0.3,0.05,"a",FALSE,0.5,0,845,"76, 32, 59, 78","rf_probs",0,386,658,456,0.257333333333333,0.369731800766284,0,0.458432304038005,0.369731800766284,0.409331919406151,"rf_probs",0,137,234,148,0.263969171483622,0.369272237196765,0,0.480701754385965,0.369272237196765,0.417682926829268,"rf_probs",0,249,424,308,0.253822629969419,0.36998514115899,0,0.447037701974865,0.36998514115899,0.404878048780488
2000,1000,80,0.3,0.05,"a",FALSE,0.5,0,845,"76, 32, 59, 78","rf_class",426,1001,43,30,0.951333333333333,0.958812260536398,0.934210526315789,0.97090203685742,0.958812260536398,0.964819277108434,"rf_class",137,351,20,11,0.940269749518304,0.946091644204852,0.925675675675676,0.969613259668508,0.946091644204852,0.957708049113233,"rf_class",289,650,23,19,0.957186544342508,0.965824665676077,0.938311688311688,0.971599402092676,0.965824665676077,0.968703427719821
2000,1000,80,0.3,0.05,"a",FALSE,0.5,0,846,"65, 78, 40, 74","IRT",438,1013,40,9,0.967333333333333,0.962013295346629,0.979865771812081,0.99119373776908,0.962013295346629,0.976385542168675,"IRT",151,347,18,3,0.959537572254335,0.950684931506849,0.980519480519481,0.991428571428571,0.950684931506849,0.970629370629371,"IRT",287,666,22,6,0.971457696228338,0.968023255813954,0.979522184300341,0.991071428571429,0.968023255813954,0.979411764705883
2000,1000,80,0.3,0.05,"a",FALSE,0.5,0,846,"65, 78, 40, 74","rf_probs",0,377,676,447,0.251333333333333,0.358024691358025,0,0.45752427184466,0.358024691358025,0.401704848161961,"rf_probs",0,135,230,154,0.260115606936416,0.36986301369863,0,0.467128027681661,0.36986301369863,0.412844036697248,"rf_probs",0,242,446,293,0.246687054026504,0.351744186046512,0,0.452336448598131,0.351744186046512,0.395748160261652
2000,1000,80,0.3,0.05,"a",FALSE,0.5,0,846,"65, 78, 40, 74","rf_class",429,1017,36,18,0.964,0.965811965811966,0.959731543624161,0.982608695652174,0.965811965811966,0.974137931034483,"rf_class",147,346,19,7,0.94990366088632,0.947945205479452,0.954545454545455,0.980169971671388,0.947945205479452,0.963788300835655,"rf_class",282,671,17,11,0.971457696228338,0.975290697674419,0.962457337883959,0.983870967741935,0.975290697674419,0.979562043795621
2000,1000,80,0.3,0.05,"a",FALSE,0.5,0,847,"3, 60, 13, 64","IRT",441,994,51,14,0.956666666666667,0.951196172248804,0.969230769230769,0.986111111111111,0.951196172248804,0.968339016074038,"IRT",135,334,20,4,0.95131845841785,0.943502824858757,0.971223021582734,0.988165680473373,0.943502824858757,0.965317919075145,"IRT",306,660,31,10,0.959285004965243,0.955137481910275,0.968354430379747,0.985074626865672,0.955137481910275,0.969875091844232
2000,1000,80,0.3,0.05,"a",FALSE,0.5,0,847,"3, 60, 13, 64","rf_probs",0,331,714,455,0.220666666666667,0.316746411483254,0,0.421119592875318,0.316746411483254,0.361551064991808,"rf_probs",0,109,245,139,0.221095334685598,0.307909604519774,0,0.439516129032258,0.307909604519774,0.362126245847176,"rf_probs",0,222,469,316,0.220456802383317,0.321273516642547,0,0.412639405204461,0.321273516642547,0.36126932465419
2000,1000,80,0.3,0.05,"a",FALSE,0.5,0,847,"3, 60, 13, 64","rf_class",424,997,48,31,0.947333333333333,0.954066985645933,0.931868131868132,0.969844357976654,0.954066985645933,0.961890979257115,"rf_class",131,334,20,8,0.943204868154158,0.943502824858757,0.942446043165468,0.976608187134503,0.943502824858757,0.959770114942529,"rf_class",293,663,28,23,0.9493545183714,0.959479015918958,0.927215189873418,0.966472303206997,0.959479015918958,0.962962962962963
2000,1000,80,0.3,0.05,"a",FALSE,0.5,0,848,"64, 14, 59, 52","IRT",437,1005,46,12,0.961333333333333,0.956232159847764,0.973273942093541,0.988200589970501,0.956232159847764,0.971953578336557,"IRT",132,347,19,3,0.956087824351297,0.948087431693989,0.977777777777778,0.991428571428571,0.948087431693989,0.96927374301676,"IRT",305,658,27,9,0.963963963963964,0.960583941605839,0.971337579617834,0.986506746626687,0.960583941605839,0.973372781065089
2000,1000,80,0.3,0.05,"a",FALSE,0.5,0,848,"64, 14, 59, 52","rf_probs",0,358,693,449,0.238666666666667,0.340627973358706,0,0.44361833952912,0.340627973358706,0.385360602798708,"rf_probs",0,133,233,135,0.265469061876248,0.363387978142077,0,0.496268656716418,0.363387978142077,0.419558359621451,"rf_probs",0,225,460,314,0.225225225225225,0.328467153284672,0,0.417439703153989,0.328467153284672,0.367647058823529
2000,1000,80,0.3,0.05,"a",FALSE,0.5,0,848,"64, 14, 59, 52","rf_class",427,1012,39,22,0.959333333333333,0.962892483349191,0.951002227171492,0.978723404255319,0.962892483349191,0.970743405275779,"rf_class",129,351,15,6,0.958083832335329,0.959016393442623,0.955555555555556,0.983193277310924,0.959016393442623,0.970954356846473,"rf_class",298,661,24,16,0.95995995995996,0.964963503649635,0.949044585987261,0.976366322008863,0.964963503649635,0.970631424375918
2000,1000,80,0.3,0.05,"a",FALSE,0.5,0,849,"62, 9, 32, 70","IRT",435,990,65,10,0.95,0.938388625592417,0.97752808988764,0.99,0.938388625592417,0.963503649635037,"IRT",150,335,25,4,0.943579766536965,0.930555555555556,0.974025974025974,0.988200589970501,0.930555555555556,0.958512160228898,"IRT",285,655,40,6,0.953346855983773,0.942446043165468,0.979381443298969,0.990922844175492,0.942446043165468,0.966076696165192
2000,1000,80,0.3,0.05,"a",FALSE,0.5,0,849,"62, 9, 32, 70","rf_probs",0,350,705,445,0.233333333333333,0.33175355450237,0,0.440251572327044,0.33175355450237,0.378378378378378,"rf_probs",0,124,236,154,0.24124513618677,0.344444444444444,0,0.446043165467626,0.344444444444444,0.38871473354232,"rf_probs",0,226,469,291,0.22920892494929,0.325179856115108,0,0.437137330754352,0.325179856115108,0.372937293729373
2000,1000,80,0.3,0.05,"a",FALSE,0.5,0,849,"62, 9, 32, 70","rf_class",419,1028,27,26,0.964666666666667,0.974407582938389,0.941573033707865,0.975332068311195,0.974407582938389,0.974869606448554,"rf_class",143,350,10,11,0.959143968871595,0.972222222222222,0.928571428571429,0.969529085872576,0.972222222222222,0.970873786407767,"rf_class",276,678,17,15,0.967545638945233,0.975539568345324,0.948453608247423,0.978354978354978,0.975539568345324,0.976945244956772
2000,1000,80,0.3,0.05,"a",FALSE,0.5,0,850,"16, 17, 78, 5","IRT",441,994,52,13,0.956666666666667,0.950286806883365,0.97136563876652,0.987090367428004,0.950286806883365,0.968339016074038,"IRT",145,313,17,4,0.95615866388309,0.948484848484848,0.973154362416107,0.987381703470032,0.948484848484848,0.967542503863988,"IRT",296,681,35,9,0.95690499510284,0.951117318435754,0.970491803278689,0.98695652173913,0.951117318435754,0.968705547652916
2000,1000,80,0.3,0.05,"a",FALSE,0.5,0,850,"16, 17, 78, 5","rf_probs",0,341,705,454,0.227333333333333,0.326003824091778,0,0.428930817610063,0.326003824091778,0.370450841933732,"rf_probs",0,91,239,149,0.189979123173278,0.275757575757576,0,0.379166666666667,0.275757575757576,0.319298245614035,"rf_probs",0,250,466,305,0.244857982370225,0.349162011173184,0,0.45045045045045,0.349162011173184,0.3933910306845
2000,1000,80,0.3,0.05,"a",FALSE,0.5,0,850,"16, 17, 78, 5","rf_class",427,1013,33,27,0.96,0.968451242829828,0.940528634361233,0.974038461538462,0.968451242829828,0.971236816874401,"rf_class",138,318,12,11,0.951983298538622,0.963636363636364,0.926174496644295,0.966565349544073,0.963636363636364,0.965098634294385,"rf_class",289,695,21,16,0.963761018609207,0.970670391061452,0.947540983606557,0.977496483825598,0.970670391061452,0.974071478626489
2000,1000,80,0.3,0.05,"a",FALSE,0.5,0,851,"54, 16, 29, 55","IRT",461,963,65,11,0.949333333333333,0.936770428015564,0.976694915254237,0.98870636550308,0.936770428015564,0.962037962037962,"IRT",161,318,23,4,0.946640316205534,0.932551319648094,0.975757575757576,0.987577639751553,0.932551319648094,0.959276018099548,"IRT",300,645,42,7,0.950704225352113,0.938864628820961,0.977198697068404,0.989263803680982,0.938864628820961,0.963405526512322
2000,1000,80,0.3,0.05,"a",FALSE,0.5,0,851,"54, 16, 29, 55","rf_probs",0,361,667,472,0.240666666666667,0.351167315175097,0,0.433373349339736,0.351167315175097,0.387963460505105,"rf_probs",0,117,224,165,0.231225296442688,0.343108504398827,0,0.414893617021277,0.343108504398827,0.375601926163724,"rf_probs",0,244,443,307,0.245472837022133,0.355167394468704,0,0.442831215970962,0.355167394468704,0.394184168012924
2000,1000,80,0.3,0.05,"a",FALSE,0.5,0,851,"54, 16, 29, 55","rf_class",445,985,43,27,0.953333333333333,0.958171206225681,0.942796610169492,0.973320158102767,0.958171206225681,0.965686274509804,"rf_class",154,325,16,11,0.946640316205534,0.953079178885631,0.933333333333333,0.967261904761905,0.953079178885631,0.960118168389956,"rf_class",291,660,27,16,0.956740442655936,0.960698689956332,0.947882736156352,0.976331360946746,0.960698689956332,0.968451944240646
2000,1000,80,0.3,0.05,"a",FALSE,0.5,0,852,"47, 14, 73, 56","IRT",425,1016,32,27,0.960666666666667,0.969465648854962,0.940265486725664,0.974113135186961,0.969465648854962,0.971783835485414,"IRT",147,337,10,12,0.956521739130435,0.971181556195965,0.924528301886792,0.965616045845272,0.971181556195965,0.968390804597701,"IRT",278,679,22,15,0.962776659959759,0.968616262482168,0.948805460750853,0.978386167146974,0.968616262482168,0.973476702508961
2000,1000,80,0.3,0.05,"a",FALSE,0.5,0,852,"47, 14, 73, 56","rf_probs",0,339,709,452,0.226,0.323473282442748,0,0.428571428571429,0.323473282442748,0.368678629690049,"rf_probs",0,104,243,159,0.205533596837945,0.29971181556196,0,0.395437262357414,0.29971181556196,0.340983606557377,"rf_probs",0,235,466,293,0.236418511066398,0.335235378031384,0,0.445075757575758,0.335235378031384,0.382424735557364
2000,1000,80,0.3,0.05,"a",FALSE,0.5,0,852,"47, 14, 73, 56","rf_class",425,1016,32,27,0.960666666666667,0.969465648854962,0.940265486725664,0.974113135186961,0.969465648854962,0.971783835485414,"rf_class",150,337,10,9,0.962450592885375,0.971181556195965,0.943396226415094,0.973988439306358,0.971181556195965,0.972582972582973,"rf_class",275,679,22,18,0.959758551307847,0.968616262482168,0.938566552901024,0.974175035868006,0.968616262482168,0.971387696709585
2000,1000,80,0.3,0.05,"a",FALSE,0.5,0,853,"17, 20, 13, 48","IRT",425,1036,25,14,0.974,0.976437323279925,0.968109339407745,0.986666666666667,0.976437323279925,0.981525343439128,"IRT",162,338,13,1,0.972762645914397,0.962962962962963,0.993865030674847,0.997050147492625,0.962962962962963,0.979710144927536,"IRT",263,698,12,13,0.974645030425964,0.983098591549296,0.952898550724638,0.981715893108298,0.983098591549296,0.982406755805771
2000,1000,80,0.3,0.05,"a",FALSE,0.5,0,853,"17, 20, 13, 48","rf_probs",0,352,709,439,0.234666666666667,0.331762488218662,0,0.445006321112516,0.331762488218662,0.380129589632829,"rf_probs",0,120,231,163,0.233463035019455,0.341880341880342,0,0.424028268551237,0.341880341880342,0.378548895899054,"rf_probs",0,232,478,276,0.235294117647059,0.326760563380282,0,0.456692913385827,0.326760563380282,0.380952380952381
2000,1000,80,0.3,0.05,"a",FALSE,0.5,0,853,"17, 20, 13, 48","rf_class",424,1031,30,15,0.97,0.97172478793591,0.965831435079727,0.98565965583174,0.97172478793591,0.978642619838633,"rf_class",161,337,14,2,0.968871595330739,0.96011396011396,0.987730061349693,0.994100294985251,0.96011396011396,0.976811594202899,"rf_class",263,694,16,13,0.970588235294118,0.977464788732394,0.952898550724638,0.981612446958982,0.977464788732394,0.979534227240649
2000,1000,80,0.3,0.05,"a",FALSE,0.5,0,854,"67, 20, 11, 64","IRT",448,984,59,9,0.954666666666667,0.943432406519655,0.980306345733042,0.990936555891239,0.943432406519655,0.966601178781925,"IRT",143,342,12,2,0.971943887775551,0.966101694915254,0.986206896551724,0.994186046511628,0.966101694915254,0.979942693409742,"IRT",305,642,47,7,0.946053946053946,0.931785195936139,0.977564102564103,0.989214175654854,0.931785195936139,0.959641255605381
2000,1000,80,0.3,0.05,"a",FALSE,0.5,0,854,"67, 20, 11, 64","rf_probs",0,377,666,457,0.251333333333333,0.361457334611697,0,0.452038369304556,0.361457334611697,0.401704848161961,"rf_probs",0,119,235,145,0.238476953907816,0.336158192090395,0,0.450757575757576,0.336158192090395,0.385113268608414,"rf_probs",0,258,431,312,0.257742257742258,0.374455732946299,0,0.452631578947368,0.374455732946299,0.409849086576648
2000,1000,80,0.3,0.05,"a",FALSE,0.5,0,854,"67, 20, 11, 64","rf_class",432,1002,41,25,0.956,0.960690316395014,0.945295404814004,0.975657254138267,0.960690316395014,0.968115942028985,"rf_class",138,347,7,7,0.971943887775551,0.980225988700565,0.951724137931034,0.980225988700565,0.980225988700565,0.980225988700565,"rf_class",294,655,34,18,0.948051948051948,0.950653120464441,0.942307692307692,0.973254086181278,0.950653120464441,0.961820851688693
2000,1000,80,0.3,0.05,"a",FALSE,0.5,0,855,"19, 72, 8, 65","IRT",416,1036,35,13,0.968,0.967320261437909,0.96969696969697,0.987607244995234,0.967320261437909,0.977358490566038,"IRT",155,325,12,2,0.97165991902834,0.964391691394659,0.987261146496815,0.99388379204893,0.964391691394659,0.978915662650602,"IRT",261,711,23,11,0.966202783300199,0.96866485013624,0.959558823529412,0.984764542936288,0.96866485013624,0.976648351648352
2000,1000,80,0.3,0.05,"a",FALSE,0.5,0,855,"19, 72, 8, 65","rf_probs",0,348,723,429,0.232,0.324929971988796,0,0.447876447876448,0.324929971988796,0.376623376623377,"rf_probs",0,112,225,157,0.226720647773279,0.332344213649852,0,0.41635687732342,0.332344213649852,0.36963696369637,"rf_probs",0,236,498,272,0.234592445328032,0.321525885558583,0,0.464566929133858,0.321525885558583,0.380032206119163
2000,1000,80,0.3,0.05,"a",FALSE,0.5,0,855,"19, 72, 8, 65","rf_class",409,1029,42,20,0.958666666666667,0.96078431372549,0.953379953379953,0.98093422306959,0.96078431372549,0.970754716981132,"rf_class",151,327,10,6,0.967611336032389,0.970326409495549,0.961783439490446,0.981981981981982,0.970326409495549,0.976119402985075,"rf_class",258,702,32,14,0.95427435387674,0.956403269754768,0.948529411764706,0.980446927374302,0.956403269754768,0.968275862068966
2000,1000,80,0.3,0.05,"a",FALSE,0.5,0,856,"61, 44, 11, 2","IRT",446,1001,38,15,0.964666666666667,0.963426371511068,0.967462039045553,0.985236220472441,0.963426371511068,0.974209245742092,"IRT",158,332,8,8,0.968379446640316,0.976470588235294,0.951807228915663,0.976470588235294,0.976470588235294,0.976470588235294,"IRT",288,669,30,7,0.962776659959759,0.957081545064378,0.976271186440678,0.989644970414201,0.957081545064378,0.973090909090909
2000,1000,80,0.3,0.05,"a",FALSE,0.5,0,856,"61, 44, 11, 2","rf_probs",0,324,715,461,0.216,0.311838306063523,0,0.412738853503185,0.311838306063523,0.355263157894737,"rf_probs",0,101,239,166,0.199604743083004,0.297058823529412,0,0.378277153558052,0.297058823529412,0.332784184514003,"rf_probs",0,223,476,295,0.224346076458753,0.319027181688126,0,0.43050193050193,0.319027181688126,0.366474938373048
2000,1000,80,0.3,0.05,"a",FALSE,0.5,0,856,"61, 44, 11, 2","rf_class",419,1004,35,42,0.948666666666667,0.966313763233879,0.908893709327549,0.959847036328872,0.966313763233879,0.963069544364509,"rf_class",147,333,7,19,0.948616600790514,0.979411764705882,0.885542168674699,0.946022727272727,0.979411764705882,0.96242774566474,"rf_class",272,671,28,23,0.948692152917505,0.959942775393419,0.922033898305085,0.96685878962536,0.959942775393419,0.963388370423546
2000,1000,80,0.3,0.05,"a",FALSE,0.5,0,857,"36, 80, 73, 62","IRT",433,1029,26,12,0.974666666666667,0.975355450236967,0.973033707865169,0.988472622478386,0.975355450236967,0.981870229007634,"IRT",152,342,13,4,0.966731898238748,0.963380281690141,0.974358974358974,0.988439306358382,0.963380281690141,0.975748930099857,"IRT",281,687,13,8,0.978766430738119,0.981428571428571,0.972318339100346,0.988489208633094,0.981428571428571,0.98494623655914
2000,1000,80,0.3,0.05,"a",FALSE,0.5,0,857,"36, 80, 73, 62","rf_probs",0,359,696,445,0.239333333333333,0.340284360189573,0,0.446517412935323,0.340284360189573,0.386229155459925,"rf_probs",0,132,223,156,0.258317025440313,0.371830985915493,0,0.458333333333333,0.371830985915493,0.410575427682737,"rf_probs",0,227,473,289,0.229524772497472,0.324285714285714,0,0.439922480620155,0.324285714285714,0.373355263157895
2000,1000,80,0.3,0.05,"a",FALSE,0.5,0,857,"36, 80, 73, 62","rf_class",425,1014,41,20,0.959333333333333,0.961137440758294,0.955056179775281,0.980657640232108,0.961137440758294,0.97079942556247,"rf_class",149,337,18,7,0.951076320939335,0.949295774647887,0.955128205128205,0.979651162790698,0.949295774647887,0.964234620886981,"rf_class",276,677,23,13,0.963599595551062,0.967142857142857,0.955017301038062,0.981159420289855,0.967142857142857,0.97410071942446
2000,1000,80,0.3,0.05,"a",FALSE,0.5,0,858,"7, 12, 11, 47","IRT",439,1004,39,18,0.962,0.962607861936721,0.960612691466083,0.98238747553816,0.962607861936721,0.972397094430993,"IRT",149,332,10,4,0.971717171717172,0.970760233918129,0.973856209150327,0.988095238095238,0.970760233918129,0.979351032448378,"IRT",290,672,29,14,0.957213930348259,0.958630527817404,0.953947368421053,0.979591836734694,0.958630527817404,0.968997837058399
2000,1000,80,0.3,0.05,"a",FALSE,0.5,0,858,"7, 12, 11, 47","rf_probs",0,370,673,457,0.246666666666667,0.354745925215724,0,0.447400241837969,0.354745925215724,0.39572192513369,"rf_probs",0,119,223,153,0.24040404040404,0.347953216374269,0,0.4375,0.347953216374269,0.387622149837134,"rf_probs",0,251,450,304,0.249751243781095,0.358059914407989,0,0.452252252252252,0.358059914407989,0.39968152866242
2000,1000,80,0.3,0.05,"a",FALSE,0.5,0,858,"7, 12, 11, 47","rf_class",431,1005,38,26,0.957333333333333,0.963566634707574,0.943107221006565,0.974781765276431,0.963566634707574,0.969141755062681,"rf_class",147,329,13,6,0.961616161616162,0.961988304093567,0.96078431372549,0.982089552238806,0.961988304093567,0.971935007385524,"rf_class",284,676,25,20,0.955223880597015,0.964336661911555,0.934210526315789,0.971264367816092,0.964336661911555,0.967788117394417
2000,1000,80,0.3,0.05,"a",FALSE,0.5,0,859,"63, 3, 39, 55","IRT",451,994,48,7,0.963333333333333,0.953934740882918,0.98471615720524,0.993006993006993,0.953934740882918,0.973078805677925,"IRT",169,336,13,2,0.971153846153846,0.962750716332378,0.988304093567251,0.994082840236686,0.962750716332378,0.978165938864629,"IRT",282,658,35,5,0.959183673469388,0.94949494949495,0.982578397212544,0.992458521870287,0.94949494949495,0.970501474926254
2000,1000,80,0.3,0.05,"a",FALSE,0.5,0,859,"63, 3, 39, 55","rf_probs",0,386,656,458,0.257333333333333,0.370441458733205,0,0.457345971563981,0.370441458733205,0.409331919406151,"rf_probs",0,123,226,171,0.236538461538462,0.35243553008596,0,0.418367346938776,0.35243553008596,0.382581648522551,"rf_probs",0,263,430,287,0.268367346938776,0.37950937950938,0,0.478181818181818,0.37950937950938,0.423169750603379
2000,1000,80,0.3,0.05,"a",FALSE,0.5,0,859,"63, 3, 39, 55","rf_class",437,1007,35,21,0.962666666666667,0.966410748560461,0.95414847161572,0.979571984435798,0.966410748560461,0.972946859903382,"rf_class",162,336,13,9,0.957692307692308,0.962750716332378,0.947368421052632,0.973913043478261,0.962750716332378,0.968299711815562,"rf_class",275,671,22,12,0.96530612244898,0.968253968253968,0.958188153310105,0.982430453879941,0.968253968253968,0.975290697674419
2000,1000,80,0.3,0.05,"a",FALSE,0.5,0,860,"73, 54, 15, 56","IRT",444,997,42,17,0.960666666666667,0.959576515880655,0.963123644251627,0.983234714003945,0.959576515880655,0.971261568436435,"IRT",159,326,11,3,0.971943887775551,0.967359050445104,0.981481481481482,0.990881458966565,0.967359050445104,0.978978978978979,"IRT",285,671,31,14,0.955044955044955,0.955840455840456,0.953177257525084,0.97956204379562,0.955840455840456,0.967555875991348
2000,1000,80,0.3,0.05,"a",FALSE,0.5,0,860,"73, 54, 15, 56","rf_probs",0,286,753,461,0.190666666666667,0.275264677574591,0,0.382864792503347,0.275264677574591,0.32026875699888,"rf_probs",0,95,242,162,0.190380761523046,0.281899109792285,0,0.369649805447471,0.281899109792285,0.31986531986532,"rf_probs",0,191,511,299,0.190809190809191,0.272079772079772,0,0.389795918367347,0.272079772079772,0.320469798657718
2000,1000,80,0.3,0.05,"a",FALSE,0.5,0,860,"73, 54, 15, 56","rf_class",438,1002,37,23,0.96,0.964388835418672,0.950108459869848,0.977560975609756,0.964388835418672,0.97093023255814,"rf_class",155,327,10,7,0.965931863727455,0.970326409495549,0.95679012345679,0.979041916167665,0.970326409495549,0.974664679582712,"rf_class",283,675,27,16,0.957042957042957,0.961538461538462,0.946488294314381,0.97684515195369,0.961538461538462,0.969131371141421
2000,1000,80,0.3,0.05,"a",FALSE,0.5,0,861,"6, 16, 7, 49","IRT",444,991,62,3,0.956666666666667,0.941120607787274,0.993288590604027,0.996981891348089,0.941120607787274,0.968246213971666,"IRT",144,345,19,2,0.958823529411765,0.947802197802198,0.986301369863014,0.994236311239193,0.947802197802198,0.970464135021097,"IRT",300,646,43,1,0.955555555555556,0.937590711175617,0.996677740863787,0.998454404945904,0.937590711175617,0.967065868263473
2000,1000,80,0.3,0.05,"a",FALSE,0.5,0,861,"6, 16, 7, 49","rf_probs",0,398,655,447,0.265333333333333,0.377967711301045,0,0.471005917159763,0.377967711301045,0.419388830347734,"rf_probs",0,128,236,146,0.250980392156863,0.351648351648352,0,0.467153284671533,0.351648351648352,0.401253918495298,"rf_probs",0,270,419,301,0.272727272727273,0.391872278664732,0,0.472854640980736,0.391872278664732,0.428571428571429
2000,1000,80,0.3,0.05,"a",FALSE,0.5,0,861,"6, 16, 7, 49","rf_class",435,1005,48,12,0.96,0.954415954415954,0.973154362416107,0.988200589970501,0.954415954415954,0.971014492753623,"rf_class",143,347,17,3,0.96078431372549,0.953296703296703,0.979452054794521,0.991428571428571,0.953296703296703,0.971988795518207,"rf_class",292,658,31,9,0.95959595959596,0.955007256894049,0.970099667774086,0.986506746626687,0.955007256894049,0.970501474926254
2000,1000,80,0.3,0.05,"a",FALSE,0.5,0,862,"78, 47, 75, 45","IRT",430,1007,43,20,0.958,0.959047619047619,0.955555555555556,0.980525803310613,0.959047619047619,0.969667790081849,"IRT",137,376,11,5,0.969754253308129,0.971576227390181,0.964788732394366,0.986876640419947,0.971576227390181,0.979166666666667,"IRT",293,631,32,15,0.951596292481977,0.951734539969834,0.951298701298701,0.976780185758514,0.951734539969834,0.964094728800611
2000,1000,80,0.3,0.05,"a",FALSE,0.5,0,862,"78, 47, 75, 45","rf_probs",0,368,682,450,0.245333333333333,0.35047619047619,0,0.449877750611247,0.35047619047619,0.394004282655246,"rf_probs",0,122,265,142,0.23062381852552,0.315245478036176,0,0.462121212121212,0.315245478036176,0.374807987711213,"rf_probs",0,246,417,308,0.253347064881565,0.3710407239819,0,0.444043321299639,0.3710407239819,0.404272801972062
2000,1000,80,0.3,0.05,"a",FALSE,0.5,0,862,"78, 47, 75, 45","rf_class",421,1004,46,29,0.95,0.956190476190476,0.935555555555556,0.971926427879961,0.956190476190476,0.963994239078253,"rf_class",133,378,9,9,0.965973534971645,0.976744186046512,0.936619718309859,0.976744186046512,0.976744186046512,0.976744186046512,"rf_class",288,626,37,20,0.94129763130793,0.944193061840121,0.935064935064935,0.969040247678019,0.944193061840121,0.956455309396486
2000,1000,80,0.3,0.05,"a",FALSE,0.5,0,863,"62, 67, 4, 48","IRT",445,1000,45,10,0.963333333333333,0.956937799043062,0.978021978021978,0.99009900990099,0.956937799043062,0.97323600973236,"IRT",152,332,19,4,0.954635108481262,0.945868945868946,0.974358974358974,0.988095238095238,0.945868945868946,0.966521106259098,"IRT",293,668,26,6,0.967774420946626,0.962536023054755,0.979933110367893,0.991097922848665,0.962536023054755,0.976608187134503
2000,1000,80,0.3,0.05,"a",FALSE,0.5,0,863,"62, 67, 4, 48","rf_probs",0,358,687,455,0.238666666666667,0.342583732057416,0,0.440344403444034,0.342583732057416,0.385360602798708,"rf_probs",0,123,228,156,0.242603550295858,0.35042735042735,0,0.440860215053763,0.35042735042735,0.390476190476191,"rf_probs",0,235,459,299,0.236656596173212,0.338616714697406,0,0.440074906367041,0.338616714697406,0.382736156351792
2000,1000,80,0.3,0.05,"a",FALSE,0.5,0,863,"62, 67, 4, 48","rf_class",433,1020,25,22,0.968666666666667,0.976076555023923,0.951648351648352,0.978886756238004,0.976076555023923,0.97747963584092,"rf_class",149,341,10,7,0.96646942800789,0.971509971509972,0.955128205128205,0.979885057471264,0.971509971509972,0.975679542203147,"rf_class",284,679,15,15,0.969788519637462,0.978386167146974,0.949832775919732,0.978386167146974,0.978386167146974,0.978386167146974
2000,1000,80,0.3,0.05,"a",FALSE,0.5,0,864,"49, 36, 62, 6","IRT",445,1000,45,10,0.963333333333333,0.956937799043062,0.978021978021978,0.99009900990099,0.956937799043062,0.97323600973236,"IRT",148,327,17,4,0.957661290322581,0.950581395348837,0.973684210526316,0.987915407854985,0.950581395348837,0.968888888888889,"IRT",297,673,28,6,0.966135458167331,0.960057061340941,0.98019801980198,0.991163475699558,0.960057061340941,0.97536231884058
2000,1000,80,0.3,0.05,"a",FALSE,0.5,0,864,"49, 36, 62, 6","rf_probs",0,357,688,455,0.238,0.341626794258373,0,0.439655172413793,0.341626794258373,0.384491114701131,"rf_probs",0,118,226,152,0.237903225806452,0.343023255813953,0,0.437037037037037,0.343023255813953,0.384364820846905,"rf_probs",0,239,462,303,0.23804780876494,0.340941512125535,0,0.440959409594096,0.340941512125535,0.384553499597747
2000,1000,80,0.3,0.05,"a",FALSE,0.5,0,864,"49, 36, 62, 6","rf_class",423,1012,33,32,0.956666666666667,0.968421052631579,0.92967032967033,0.969348659003831,0.968421052631579,0.968884633796075,"rf_class",146,331,13,6,0.961693548387097,0.962209302325581,0.960526315789474,0.982195845697329,0.962209302325581,0.972099853157122,"rf_class",277,681,20,26,0.954183266932271,0.971469329529244,0.914191419141914,0.963224893917963,0.971469329529244,0.967329545454545
2000,1000,80,0.3,0.05,"a",FALSE,0.5,0,865,"4, 52, 34, 55","IRT",453,997,41,9,0.966666666666667,0.960500963391137,0.980519480519481,0.991053677932406,0.960500963391137,0.975538160469667,"IRT",145,332,15,3,0.963636363636364,0.956772334293948,0.97972972972973,0.991044776119403,0.956772334293948,0.973607038123167,"IRT",308,665,26,6,0.968159203980099,0.962373371924747,0.980891719745223,0.991058122205663,0.962373371924747,0.976505139500734
2000,1000,80,0.3,0.05,"a",FALSE,0.5,0,865,"4, 52, 34, 55","rf_probs",0,382,656,462,0.254666666666667,0.368015414258189,0,0.45260663507109,0.368015414258189,0.405951115834219,"rf_probs",0,122,225,148,0.246464646464646,0.351585014409222,0,0.451851851851852,0.351585014409222,0.395461912479741,"rf_probs",0,260,431,314,0.258706467661692,0.376266280752533,0,0.452961672473868,0.376266280752533,0.411067193675889
2000,1000,80,0.3,0.05,"a",FALSE,0.5,0,865,"4, 52, 34, 55","rf_class",442,1003,35,20,0.963333333333333,0.966281310211946,0.956709956709957,0.980449657869013,0.966281310211946,0.973313925278991,"rf_class",142,332,15,6,0.957575757575758,0.956772334293948,0.959459459459459,0.982248520710059,0.956772334293948,0.969343065693431,"rf_class",300,671,20,14,0.966169154228856,0.971056439942113,0.955414012738854,0.97956204379562,0.971056439942113,0.975290697674419
2000,1000,80,0.3,0.05,"a",FALSE,0.5,0,866,"63, 27, 37, 55","IRT",441,1006,41,12,0.964666666666667,0.960840496657116,0.973509933774834,0.988212180746562,0.960840496657116,0.974334140435835,"IRT",139,336,8,7,0.969387755102041,0.976744186046512,0.952054794520548,0.979591836734694,0.976744186046512,0.978165938864629,"IRT",302,670,33,5,0.962376237623762,0.953058321479374,0.98371335504886,0.992592592592593,0.953058321479374,0.972423802612482
2000,1000,80,0.3,0.05,"a",FALSE,0.5,0,866,"63, 27, 37, 55","rf_probs",0,372,675,453,0.248,0.355300859598854,0,0.450909090909091,0.355300859598854,0.397435897435897,"rf_probs",0,113,231,146,0.230612244897959,0.328488372093023,0,0.436293436293436,0.328488372093023,0.374792703150912,"rf_probs",0,259,444,307,0.256435643564356,0.368421052631579,0,0.457597173144876,0.368421052631579,0.408195429472025
2000,1000,80,0.3,0.05,"a",FALSE,0.5,0,866,"63, 27, 37, 55","rf_class",434,1012,35,19,0.964,0.966571155682904,0.958057395143488,0.981571290009699,0.966571155682904,0.974013474494706,"rf_class",139,339,5,7,0.975510204081633,0.98546511627907,0.952054794520548,0.979768786127168,0.98546511627907,0.982608695652174,"rf_class",295,673,30,12,0.958415841584158,0.957325746799431,0.960912052117264,0.982481751824818,0.957325746799431,0.969740634005764
2000,1000,80,0.3,0.05,"a",FALSE,0.5,0,867,"27, 40, 75, 71","IRT",428,1018,29,25,0.964,0.972301814708691,0.944812362030905,0.976030680728667,0.972301814708691,0.974162679425837,"IRT",131,343,12,9,0.957575757575758,0.966197183098592,0.935714285714286,0.974431818181818,0.966197183098592,0.97029702970297,"IRT",297,675,17,16,0.967164179104478,0.975433526011561,0.94888178913738,0.97684515195369,0.975433526011561,0.976138828633406
2000,1000,80,0.3,0.05,"a",FALSE,0.5,0,867,"27, 40, 75, 71","rf_probs",0,359,688,453,0.239333333333333,0.342884431709647,0,0.442118226600985,0.342884431709647,0.386229155459925,"rf_probs",0,124,231,140,0.250505050505051,0.349295774647887,0,0.46969696969697,0.349295774647887,0.40064620355412,"rf_probs",0,235,457,313,0.233830845771144,0.339595375722543,0,0.428832116788321,0.339595375722543,0.379032258064516
2000,1000,80,0.3,0.05,"a",FALSE,0.5,0,867,"27, 40, 75, 71","rf_class",423,1011,36,30,0.956,0.965616045845272,0.933774834437086,0.971181556195965,0.965616045845272,0.968390804597701,"rf_class",131,339,16,9,0.94949494949495,0.954929577464789,0.935714285714286,0.974137931034483,0.954929577464789,0.964438122332859,"rf_class",292,672,20,21,0.959203980099502,0.971098265895954,0.932907348242812,0.96969696969697,0.971098265895954,0.970397111913357
2000,1000,80,0.3,0.05,"a",FALSE,0.5,0,868,"71, 61, 1, 6","IRT",439,996,46,19,0.956666666666667,0.955854126679463,0.958515283842795,0.98128078817734,0.955854126679463,0.968400583373845,"IRT",146,342,8,9,0.966336633663366,0.977142857142857,0.941935483870968,0.974358974358974,0.977142857142857,0.975748930099857,"IRT",293,654,38,10,0.951758793969849,0.945086705202312,0.966996699669967,0.984939759036145,0.945086705202312,0.964601769911504
2000,1000,80,0.3,0.05,"a",FALSE,0.5,0,868,"71, 61, 1, 6","rf_probs",0,334,708,458,0.222666666666667,0.320537428023033,0,0.421717171717172,0.320537428023033,0.36423118865867,"rf_probs",0,90,260,155,0.178217821782178,0.257142857142857,0,0.36734693877551,0.257142857142857,0.302521008403361,"rf_probs",0,244,448,303,0.245226130653266,0.352601156069364,0,0.446069469835466,0.352601156069364,0.393866020984665
2000,1000,80,0.3,0.05,"a",FALSE,0.5,0,868,"71, 61, 1, 6","rf_class",429,1006,36,29,0.956666666666667,0.965451055662188,0.936681222707424,0.971980676328502,0.965451055662188,0.96870486278286,"rf_class",143,344,6,12,0.964356435643564,0.982857142857143,0.92258064516129,0.966292134831461,0.982857142857143,0.974504249291785,"rf_class",286,662,30,17,0.952763819095477,0.956647398843931,0.943894389438944,0.974963181148748,0.956647398843931,0.965718453683443
2000,1000,80,0.3,0.05,"a",FALSE,0.5,0,869,"8, 18, 6, 10","IRT",454,1004,34,8,0.972,0.967244701348748,0.982683982683983,0.992094861660079,0.967244701348748,0.979512195121951,"IRT",165,341,8,3,0.978723404255319,0.977077363896848,0.982142857142857,0.991279069767442,0.977077363896848,0.984126984126984,"IRT",289,663,26,5,0.968463886063072,0.962264150943396,0.982993197278912,0.99251497005988,0.962264150943396,0.977155490051584
2000,1000,80,0.3,0.05,"a",FALSE,0.5,0,869,"8, 18, 6, 10","rf_probs",0,343,695,462,0.228666666666667,0.330443159922929,0,0.426086956521739,0.330443159922929,0.372219207813348,"rf_probs",0,117,232,168,0.226305609284333,0.335243553008596,0,0.410526315789474,0.335243553008596,0.369085173501577,"rf_probs",0,226,463,294,0.229908443540183,0.328011611030479,0,0.434615384615385,0.328011611030479,0.373862696443342
2000,1000,80,0.3,0.05,"a",FALSE,0.5,0,869,"8, 18, 6, 10","rf_class",435,1009,29,27,0.962666666666667,0.972061657032755,0.941558441558442,0.973938223938224,0.972061657032755,0.972999035679846,"rf_class",161,341,8,7,0.970986460348162,0.977077363896848,0.958333333333333,0.979885057471264,0.977077363896848,0.978479196556671,"rf_class",274,668,21,20,0.958290946083418,0.969521044992743,0.931972789115646,0.970930232558139,0.969521044992743,0.970225127087872
2000,1000,80,0.3,0.05,"a",FALSE,0.5,0,870,"8, 19, 76, 10","IRT",432,1008,26,34,0.96,0.974854932301741,0.927038626609442,0.967370441458733,0.974854932301741,0.971098265895954,"IRT",136,360,10,9,0.963106796116505,0.972972972972973,0.937931034482759,0.975609756097561,0.972972972972973,0.974289580514208,"IRT",296,648,16,25,0.958375634517767,0.975903614457831,0.922118380062305,0.962852897473997,0.975903614457831,0.969334330590875
2000,1000,80,0.3,0.05,"a",FALSE,0.5,0,870,"8, 19, 76, 10","rf_probs",0,375,659,466,0.25,0.362669245647969,0,0.44589774078478,0.362669245647969,0.4,"rf_probs",0,133,237,145,0.258252427184466,0.359459459459459,0,0.47841726618705,0.359459459459459,0.410493827160494,"rf_probs",0,242,422,321,0.245685279187817,0.364457831325301,0,0.429840142095915,0.364457831325301,0.394458027709861
2000,1000,80,0.3,0.05,"a",FALSE,0.5,0,870,"8, 19, 76, 10","rf_class",435,1003,31,31,0.958666666666667,0.970019342359768,0.933476394849785,0.970019342359768,0.970019342359768,0.970019342359768,"rf_class",140,359,11,5,0.968932038834951,0.97027027027027,0.96551724137931,0.986263736263736,0.97027027027027,0.978201634877384,"rf_class",295,644,20,26,0.953299492385787,0.969879518072289,0.919003115264797,0.961194029850746,0.969879518072289,0.96551724137931
2000,1000,80,0.3,0.05,"a",FALSE,0.5,0,871,"3, 8, 66, 39","IRT",433,1010,41,16,0.962,0.960989533777355,0.964365256124722,0.984405458089669,0.960989533777355,0.972556571978816,"IRT",139,341,13,3,0.967741935483871,0.963276836158192,0.97887323943662,0.991279069767442,0.963276836158192,0.977077363896848,"IRT",294,669,28,13,0.959163346613546,0.959827833572453,0.957654723127036,0.980938416422287,0.959827833572453,0.970268310369833
2000,1000,80,0.3,0.05,"a",FALSE,0.5,0,871,"3, 8, 66, 39","rf_probs",0,333,718,449,0.222,0.316841103710752,0,0.425831202046036,0.316841103710752,0.363338788870704,"rf_probs",0,112,242,142,0.225806451612903,0.31638418079096,0,0.440944881889764,0.31638418079096,0.368421052631579,"rf_probs",0,221,476,307,0.220119521912351,0.317073170731707,0,0.418560606060606,0.317073170731707,0.360816326530612
2000,1000,80,0.3,0.05,"a",FALSE,0.5,0,871,"3, 8, 66, 39","rf_class",418,1022,29,31,0.96,0.972407231208373,0.930957683741648,0.970560303893637,0.972407231208373,0.97148288973384,"rf_class",134,347,7,8,0.969758064516129,0.980225988700565,0.943661971830986,0.977464788732394,0.980225988700565,0.978843441466855,"rf_class",284,675,22,23,0.955179282868526,0.968436154949785,0.925081433224756,0.967048710601719,0.968436154949785,0.967741935483871
2000,1000,80,0.3,0.05,"a",FALSE,0.5,0,872,"53, 50, 75, 58","IRT",444,1000,45,11,0.962666666666667,0.956937799043062,0.975824175824176,0.989119683481701,0.956937799043062,0.972762645914397,"IRT",168,343,14,5,0.964150943396226,0.96078431372549,0.971098265895954,0.985632183908046,0.96078431372549,0.973049645390071,"IRT",276,657,31,6,0.961855670103093,0.954941860465116,0.978723404255319,0.990950226244344,0.954941860465116,0.972612879348631
2000,1000,80,0.3,0.05,"a",FALSE,0.5,0,872,"53, 50, 75, 58","rf_probs",0,347,698,455,0.231333333333333,0.332057416267943,0,0.432668329177057,0.332057416267943,0.375744450460206,"rf_probs",0,118,239,173,0.222641509433962,0.330532212885154,0,0.405498281786942,0.330532212885154,0.364197530864197,"rf_probs",0,229,459,282,0.236082474226804,0.332848837209302,0,0.448140900195695,0.332848837209302,0.381984987489575
2000,1000,80,0.3,0.05,"a",FALSE,0.5,0,872,"53, 50, 75, 58","rf_class",437,1004,41,18,0.960666666666667,0.960765550239234,0.96043956043956,0.98238747553816,0.960765550239234,0.971456216739236,"rf_class",167,345,12,6,0.966037735849057,0.966386554621849,0.965317919075145,0.982905982905983,0.966386554621849,0.974576271186441,"rf_class",270,659,29,12,0.957731958762887,0.957848837209302,0.957446808510638,0.982116244411326,0.957848837209302,0.969830757910228
2000,1000,80,0.3,0.05,"a",FALSE,0.5,0,873,"12, 78, 70, 1","IRT",443,1014,35,8,0.971333333333333,0.966634890371783,0.982261640798226,0.992172211350294,0.966634890371783,0.979237083534524,"IRT",138,313,12,3,0.967811158798283,0.963076923076923,0.978723404255319,0.990506329113924,0.963076923076923,0.976599063962559,"IRT",305,701,23,5,0.972920696324952,0.968232044198895,0.983870967741935,0.992917847025496,0.968232044198895,0.98041958041958
2000,1000,80,0.3,0.05,"a",FALSE,0.5,0,873,"12, 78, 70, 1","rf_probs",0,383,666,451,0.255333333333333,0.36510962821735,0,0.459232613908873,0.36510962821735,0.40679766330324,"rf_probs",0,127,198,141,0.272532188841202,0.390769230769231,0,0.473880597014925,0.390769230769231,0.428330522765599,"rf_probs",0,256,468,310,0.247582205029014,0.353591160220994,0,0.452296819787986,0.353591160220994,0.396899224806202
2000,1000,80,0.3,0.05,"a",FALSE,0.5,0,873,"12, 78, 70, 1","rf_class",434,1022,27,17,0.970666666666667,0.974261201143947,0.962305986696231,0.983638113570741,0.974261201143947,0.978927203065134,"rf_class",136,315,10,5,0.967811158798283,0.969230769230769,0.964539007092199,0.984375,0.969230769230769,0.976744186046512,"rf_class",298,707,17,12,0.971953578336557,0.976519337016575,0.961290322580645,0.983310152990264,0.976519337016575,0.97990297990298
2000,1000,80,0.3,0.05,"a",FALSE,0.5,0,874,"32, 74, 33, 58","IRT",425,1019,37,19,0.962666666666667,0.964962121212121,0.957207207207207,0.981695568400771,0.964962121212121,0.973256924546323,"IRT",159,337,12,4,0.96875,0.965616045845272,0.975460122699387,0.988269794721408,0.965616045845272,0.976811594202899,"IRT",266,682,25,15,0.959514170040486,0.964639321074965,0.94661921708185,0.978479196556671,0.964639321074965,0.971509971509972
2000,1000,80,0.3,0.05,"a",FALSE,0.5,0,874,"32, 74, 33, 58","rf_probs",0,367,689,444,0.244666666666667,0.347537878787879,0,0.45252774352651,0.347537878787879,0.393144081414033,"rf_probs",0,124,225,163,0.2421875,0.355300859598854,0,0.43205574912892,0.355300859598854,0.389937106918239,"rf_probs",0,243,464,281,0.245951417004049,0.343705799151344,0,0.463740458015267,0.343705799151344,0.394800974817222
2000,1000,80,0.3,0.05,"a",FALSE,0.5,0,874,"32, 74, 33, 58","rf_class",422,1013,43,22,0.956666666666667,0.959280303030303,0.95045045045045,0.978743961352657,0.959280303030303,0.968914395026303,"rf_class",155,336,13,8,0.958984375,0.962750716332378,0.950920245398773,0.976744186046512,0.962750716332378,0.96969696969697,"rf_class",267,677,30,14,0.955465587044534,0.957567185289958,0.950177935943061,0.979739507959479,0.957567185289958,0.968526466380544
2000,1000,80,0.3,0.05,"a",FALSE,0.5,0,875,"25, 10, 21, 66","IRT",410,1035,35,20,0.963333333333333,0.967289719626168,0.953488372093023,0.981042654028436,0.967289719626168,0.974117647058824,"IRT",144,331,9,6,0.969387755102041,0.973529411764706,0.96,0.982195845697329,0.973529411764706,0.977843426883309,"IRT",266,704,26,14,0.96039603960396,0.964383561643836,0.95,0.98050139275766,0.964383561643836,0.972375690607735
2000,1000,80,0.3,0.05,"a",FALSE,0.5,0,875,"25, 10, 21, 66","rf_probs",0,400,670,430,0.266666666666667,0.373831775700935,0,0.481927710843373,0.373831775700935,0.421052631578947,"rf_probs",0,137,203,150,0.279591836734694,0.402941176470588,0,0.477351916376307,0.402941176470588,0.437001594896332,"rf_probs",0,263,467,280,0.26039603960396,0.36027397260274,0,0.484346224677716,0.36027397260274,0.413197172034564
2000,1000,80,0.3,0.05,"a",FALSE,0.5,0,875,"25, 10, 21, 66","rf_class",404,1033,37,26,0.958,0.965420560747664,0.93953488372093,0.975448536355052,0.965420560747664,0.97040864255519,"rf_class",139,333,7,11,0.963265306122449,0.979411764705882,0.926666666666667,0.968023255813954,0.979411764705882,0.973684210526316,"rf_class",265,700,30,15,0.955445544554455,0.958904109589041,0.946428571428571,0.979020979020979,0.958904109589041,0.968858131487889
2000,1000,80,0.3,0.05,"a",FALSE,0.5,0,876,"51, 36, 44, 14","IRT",427,999,72,2,0.950666666666667,0.932773109243697,0.995337995337995,0.998001998001998,0.932773109243697,0.964285714285714,"IRT",144,316,25,1,0.946502057613169,0.926686217008798,0.993103448275862,0.996845425867508,0.926686217008798,0.96048632218845,"IRT",283,683,47,1,0.952662721893491,0.935616438356164,0.996478873239437,0.998538011695906,0.935616438356164,0.966053748231966
2000,1000,80,0.3,0.05,"a",FALSE,0.5,0,876,"51, 36, 44, 14","rf_probs",0,380,691,429,0.253333333333333,0.354808590102708,0,0.469715698393078,0.354808590102708,0.404255319148936,"rf_probs",0,121,220,145,0.248971193415638,0.354838709677419,0,0.454887218045113,0.354838709677419,0.398682042833608,"rf_probs",0,259,471,284,0.255424063116371,0.354794520547945,0,0.476979742173112,0.354794520547945,0.406912804399057
2000,1000,80,0.3,0.05,"a",FALSE,0.5,0,876,"51, 36, 44, 14","rf_class",412,1014,57,17,0.950666666666667,0.946778711484594,0.96037296037296,0.983511154219205,0.946778711484594,0.964795432921028,"rf_class",139,318,23,6,0.940329218106996,0.932551319648094,0.958620689655172,0.981481481481482,0.932551319648094,0.956390977443609,"rf_class",273,696,34,11,0.955621301775148,0.953424657534247,0.961267605633803,0.984441301272984,0.953424657534247,0.968684759916493
2000,1000,80,0.3,0.05,"a",FALSE,0.5,0,877,"27, 24, 28, 36","IRT",452,998,41,9,0.966666666666667,0.960538979788258,0.980477223427332,0.991062562065541,0.960538979788258,0.975562072336266,"IRT",148,332,10,0,0.979591836734694,0.970760233918129,1,1,0.970760233918129,0.985163204747774,"IRT",304,666,31,9,0.96039603960396,0.955523672883788,0.971246006389776,0.986666666666667,0.955523672883788,0.970845481049563
2000,1000,80,0.3,0.05,"a",FALSE,0.5,0,877,"27, 24, 28, 36","rf_probs",0,398,641,461,0.265333333333333,0.383060635226179,0,0.463329452852154,0.383060635226179,0.419388830347734,"rf_probs",0,117,225,148,0.238775510204082,0.342105263157895,0,0.441509433962264,0.342105263157895,0.385502471169687,"rf_probs",0,281,416,313,0.278217821782178,0.403156384505022,0,0.473063973063973,0.403156384505022,0.435321456235476
2000,1000,80,0.3,0.05,"a",FALSE,0.5,0,877,"27, 24, 28, 36","rf_class",451,996,43,10,0.964666666666667,0.958614051973051,0.978308026030369,0.990059642147117,0.958614051973051,0.974083129584352,"rf_class",147,331,11,1,0.975510204081633,0.967836257309941,0.993243243243243,0.996987951807229,0.967836257309941,0.982195845697329,"rf_class",304,665,32,9,0.959405940594059,0.954088952654232,0.971246006389776,0.986646884272997,0.954088952654232,0.970094821298322
2000,1000,80,0.3,0.05,"a",FALSE,0.5,0,878,"15, 30, 57, 16","IRT",452,997,40,11,0.966,0.961427193828351,0.976241900647948,0.989087301587302,0.961427193828351,0.975061124694377,"IRT",136,328,10,2,0.974789915966387,0.970414201183432,0.985507246376812,0.993939393939394,0.970414201183432,0.982035928143713,"IRT",316,669,30,9,0.9619140625,0.957081545064378,0.972307692307692,0.986725663716814,0.957081545064378,0.971677559912854
2000,1000,80,0.3,0.05,"a",FALSE,0.5,0,878,"15, 30, 57, 16","rf_probs",0,384,653,463,0.256,0.37029893924783,0,0.453364817001181,0.37029893924783,0.407643312101911,"rf_probs",0,120,218,138,0.252100840336134,0.355029585798817,0,0.465116279069767,0.355029585798817,0.402684563758389,"rf_probs",0,264,435,325,0.2578125,0.377682403433476,0,0.448217317487267,0.377682403433476,0.409937888198758
2000,1000,80,0.3,0.05,"a",FALSE,0.5,0,878,"15, 30, 57, 16","rf_class",448,1001,36,15,0.966,0.965284474445516,0.967602591792657,0.985236220472441,0.965284474445516,0.97515830491963,"rf_class",134,327,11,4,0.968487394957983,0.967455621301775,0.971014492753623,0.987915407854985,0.967455621301775,0.977578475336323,"rf_class",314,674,25,11,0.96484375,0.964234620886981,0.966153846153846,0.983941605839416,0.964234620886981,0.973988439306358
2000,1000,80,0.3,0.05,"a",FALSE,0.5,0,879,"26, 60, 64, 50","IRT",415,1032,42,11,0.964666666666667,0.960893854748603,0.974178403755869,0.989453499520614,0.960893854748603,0.974964572508266,"IRT",126,314,12,5,0.962800875273523,0.96319018404908,0.961832061068702,0.984326018808777,0.96319018404908,0.973643410852713,"IRT",289,718,30,6,0.965484180249281,0.959893048128342,0.979661016949153,0.99171270718232,0.959893048128342,0.975543478260869
2000,1000,80,0.3,0.05,"a",FALSE,0.5,0,879,"26, 60, 64, 50","rf_probs",0,409,665,426,0.272666666666667,0.380819366852886,0,0.489820359281437,0.380819366852886,0.428496595075956,"rf_probs",0,120,206,131,0.262582056892779,0.368098159509202,0,0.47808764940239,0.368098159509202,0.415944540727903,"rf_probs",0,289,459,295,0.277085330776606,0.386363636363636,0,0.49486301369863,0.386363636363636,0.433933933933934
2000,1000,80,0.3,0.05,"a",FALSE,0.5,0,879,"26, 60, 64, 50","rf_class",407,1030,44,19,0.958,0.95903165735568,0.955399061032864,0.981887511916111,0.95903165735568,0.970325011775789,"rf_class",126,312,14,5,0.958424507658643,0.957055214723926,0.961832061068702,0.984227129337539,0.957055214723926,0.97045101088647,"rf_class",281,718,30,14,0.957813998082454,0.959893048128342,0.952542372881356,0.980874316939891,0.959893048128342,0.97027027027027
2000,1000,80,0.3,0.05,"a",FALSE,0.5,0,880,"14, 65, 58, 48","IRT",459,987,42,12,0.964,0.959183673469388,0.974522292993631,0.987987987987988,0.959183673469388,0.973372781065089,"IRT",166,334,13,7,0.961538461538462,0.962536023054755,0.959537572254335,0.979472140762463,0.962536023054755,0.97093023255814,"IRT",293,653,29,5,0.96530612244898,0.957478005865103,0.983221476510067,0.992401215805471,0.957478005865103,0.974626865671642
2000,1000,80,0.3,0.05,"a",FALSE,0.5,0,880,"14, 65, 58, 48","rf_probs",0,386,643,471,0.257333333333333,0.375121477162293,0,0.450408401400233,0.375121477162293,0.409331919406151,"rf_probs",0,123,224,173,0.236538461538462,0.354466858789625,0,0.415540540540541,0.354466858789625,0.38258164852255,"rf_probs",0,263,419,298,0.268367346938776,0.385630498533724,0,0.468805704099822,0.385630498533724,0.423169750603379
2000,1000,80,0.3,0.05,"a",FALSE,0.5,0,880,"14, 65, 58, 48","rf_class",450,986,43,21,0.957333333333333,0.95821185617104,0.955414012738854,0.979145978152929,0.95821185617104,0.968565815324165,"rf_class",162,332,15,11,0.95,0.956772334293948,0.936416184971098,0.967930029154519,0.956772334293948,0.96231884057971,"rf_class",288,654,28,10,0.961224489795918,0.958944281524927,0.966442953020134,0.984939759036145,0.958944281524927,0.971768202080238
2000,1000,80,0.3,0.05,"a",FALSE,0.5,0,881,"35, 41, 21, 23","IRT",458,996,29,17,0.969333333333333,0.971707317073171,0.96421052631579,0.983218163869694,0.971707317073171,0.977428851815505,"IRT",148,326,12,6,0.963414634146341,0.964497041420118,0.961038961038961,0.981927710843373,0.964497041420118,0.973134328358209,"IRT",310,670,17,11,0.972222222222222,0.975254730713246,0.965732087227414,0.983847283406755,0.975254730713246,0.97953216374269
2000,1000,80,0.3,0.05,"a",FALSE,0.5,0,881,"35, 41, 21, 23","rf_probs",0,322,703,475,0.214666666666667,0.314146341463415,0,0.404015056461731,0.314146341463415,0.353457738748628,"rf_probs",0,113,225,154,0.229674796747967,0.334319526627219,0,0.423220973782772,0.334319526627219,0.373553719008264,"rf_probs",0,209,478,321,0.20734126984127,0.304221251819505,0,0.394339622641509,0.304221251819505,0.343467543138866
2000,1000,80,0.3,0.05,"a",FALSE,0.5,0,881,"35, 41, 21, 23","rf_class",453,993,32,22,0.964,0.968780487804878,0.953684210526316,0.978325123152709,0.968780487804878,0.973529411764706,"rf_class",146,322,16,8,0.951219512195122,0.952662721893491,0.948051948051948,0.975757575757576,0.952662721893491,0.964071856287425,"rf_class",307,671,16,14,0.970238095238095,0.976710334788937,0.956386292834891,0.97956204379562,0.976710334788937,0.978134110787172
2000,1000,80,0.3,0.05,"a",FALSE,0.5,0,882,"17, 18, 31, 10","IRT",432,1009,40,19,0.960666666666667,0.96186844613918,0.957871396895787,0.981517509727626,0.96186844613918,0.971593644679827,"IRT",157,335,13,5,0.964705882352941,0.96264367816092,0.969135802469136,0.985294117647059,0.96264367816092,0.973837209302326,"IRT",275,674,27,14,0.958585858585859,0.961483594864479,0.951557093425606,0.979651162790698,0.961483594864479,0.970482361411087
2000,1000,80,0.3,0.05,"a",FALSE,0.5,0,882,"17, 18, 31, 10","rf_probs",0,360,689,451,0.24,0.343183984747378,0,0.443896424167694,0.343183984747378,0.387096774193548,"rf_probs",0,116,232,162,0.227450980392157,0.333333333333333,0,0.41726618705036,0.333333333333333,0.370607028753994,"rf_probs",0,244,457,289,0.246464646464646,0.348074179743224,0,0.457786116322702,0.348074179743224,0.395461912479741
2000,1000,80,0.3,0.05,"a",FALSE,0.5,0,882,"17, 18, 31, 10","rf_class",419,1004,45,32,0.948666666666667,0.957102001906578,0.929046563192905,0.969111969111969,0.957102001906578,0.963069544364508,"rf_class",154,335,13,8,0.958823529411765,0.96264367816092,0.950617283950617,0.97667638483965,0.96264367816092,0.969609261939219,"rf_class",265,669,32,24,0.943434343434343,0.95435092724679,0.916955017301038,0.965367965367965,0.95435092724679,0.959827833572453
2000,1000,80,0.3,0.05,"a",FALSE,0.5,0,883,"49, 45, 26, 65","IRT",446,1014,24,16,0.973333333333333,0.976878612716763,0.965367965367965,0.984466019417476,0.976878612716763,0.980657640232108,"IRT",136,345,8,5,0.973684210526316,0.977337110481586,0.964539007092199,0.985714285714286,0.977337110481586,0.981507823613087,"IRT",310,669,16,11,0.973161033797217,0.976642335766423,0.965732087227414,0.983823529411765,0.976642335766423,0.98021978021978
2000,1000,80,0.3,0.05,"a",FALSE,0.5,0,883,"49, 45, 26, 65","rf_probs",0,347,691,462,0.231333333333333,0.334296724470135,0,0.428924598269468,0.334296724470135,0.375744450460206,"rf_probs",0,107,246,141,0.216599190283401,0.303116147308782,0,0.431451612903226,0.303116147308782,0.356073211314476,"rf_probs",0,240,445,321,0.238568588469185,0.35036496350365,0,0.427807486631016,0.35036496350365,0.385232744783307
2000,1000,80,0.3,0.05,"a",FALSE,0.5,0,883,"49, 45, 26, 65","rf_class",447,1003,35,15,0.966666666666667,0.966281310211946,0.967532467532468,0.985265225933202,0.966281310211946,0.97568093385214,"rf_class",137,339,14,4,0.963562753036437,0.960339943342776,0.971631205673759,0.988338192419825,0.960339943342776,0.974137931034483,"rf_class",310,664,21,11,0.968190854870775,0.969343065693431,0.965732087227414,0.983703703703704,0.969343065693431,0.976470588235294
2000,1000,80,0.3,0.05,"a",FALSE,0.5,0,884,"3, 62, 47, 39","IRT",445,998,42,15,0.962,0.959615384615385,0.967391304347826,0.985192497532083,0.959615384615385,0.972235752557233,"IRT",132,331,21,5,0.946830265848671,0.940340909090909,0.963503649635037,0.985119047619048,0.940340909090909,0.962209302325581,"IRT",313,667,21,10,0.969337289812067,0.969476744186046,0.969040247678019,0.985228951255539,0.969476744186046,0.977289377289377
2000,1000,80,0.3,0.05,"a",FALSE,0.5,0,884,"3, 62, 47, 39","rf_probs",0,331,709,460,0.220666666666667,0.318269230769231,0,0.418457648546144,0.318269230769231,0.361551064991808,"rf_probs",0,109,243,137,0.222903885480573,0.309659090909091,0,0.443089430894309,0.309659090909091,0.364548494983278,"rf_probs",0,222,466,323,0.219584569732938,0.322674418604651,0,0.407339449541284,0.322674418604651,0.360097323600973
2000,1000,80,0.3,0.05,"a",FALSE,0.5,0,884,"3, 62, 47, 39","rf_class",433,1000,40,27,0.955333333333333,0.961538461538462,0.941304347826087,0.973709834469328,0.961538461538462,0.967585873246251,"rf_class",131,329,23,6,0.940695296523517,0.934659090909091,0.956204379562044,0.982089552238806,0.934659090909091,0.957787481804949,"rf_class",302,671,17,21,0.962413452027695,0.975290697674419,0.934984520123839,0.969653179190751,0.975290697674419,0.972463768115942
2000,1000,80,0.3,0.05,"a",FALSE,0.5,0,885,"12, 2, 4, 73","IRT",449,1002,35,14,0.967333333333333,0.966248794599807,0.96976241900648,0.986220472440945,0.966248794599807,0.976132489040429,"IRT",165,316,13,3,0.967806841046278,0.96048632218845,0.982142857142857,0.990595611285266,0.96048632218845,0.975308641975309,"IRT",284,686,22,11,0.967098703888335,0.968926553672316,0.96271186440678,0.984218077474892,0.968926553672316,0.976512455516014
2000,1000,80,0.3,0.05,"a",FALSE,0.5,0,885,"12, 2, 4, 73","rf_probs",0,302,735,463,0.201333333333333,0.29122468659595,0,0.394771241830065,0.29122468659595,0.335183129855716,"rf_probs",0,102,227,168,0.20523138832998,0.310030395136778,0,0.377777777777778,0.310030395136778,0.340567612687813,"rf_probs",0,200,508,295,0.199401794616152,0.282485875706215,0,0.404040404040404,0.282485875706215,0.332502078137988
2000,1000,80,0.3,0.05,"a",FALSE,0.5,0,885,"12, 2, 4, 73","rf_class",441,1006,31,22,0.964666666666667,0.970106075216972,0.952483801295896,0.978599221789883,0.970106075216972,0.974334140435835,"rf_class",161,319,10,7,0.96579476861167,0.969604863221885,0.958333333333333,0.978527607361963,0.969604863221885,0.974045801526718,"rf_class",280,687,21,15,0.964107676969093,0.970338983050847,0.949152542372881,0.978632478632479,0.970338983050847,0.974468085106383
2000,1000,80,0.3,0.05,"a",FALSE,0.5,0,886,"74, 70, 6, 17","IRT",444,1000,45,11,0.962666666666667,0.956937799043062,0.975824175824176,0.989119683481701,0.956937799043062,0.972762645914397,"IRT",142,346,14,3,0.966336633663366,0.961111111111111,0.979310344827586,0.991404011461318,0.961111111111111,0.976022566995769,"IRT",302,654,31,8,0.960804020100502,0.954744525547445,0.974193548387097,0.987915407854985,0.954744525547445,0.971046770601336
2000,1000,80,0.3,0.05,"a",FALSE,0.5,0,886,"74, 70, 6, 17","rf_probs",0,367,678,455,0.244666666666667,0.351196172248804,0,0.44647201946472,0.351196172248804,0.393144081414033,"rf_probs",0,120,240,145,0.237623762376238,0.333333333333333,0,0.452830188679245,0.333333333333333,0.384,"rf_probs",0,247,438,310,0.248241206030151,0.360583941605839,0,0.443447037701975,0.360583941605839,0.397745571658615
2000,1000,80,0.3,0.05,"a",FALSE,0.5,0,886,"74, 70, 6, 17","rf_class",429,1009,36,26,0.958666666666667,0.96555023923445,0.942857142857143,0.97487922705314,0.96555023923445,0.970192307692308,"rf_class",139,347,13,6,0.962376237623762,0.963888888888889,0.958620689655172,0.98300283286119,0.963888888888889,0.973352033660589,"rf_class",290,662,23,20,0.95678391959799,0.966423357664234,0.935483870967742,0.970674486803519,0.966423357664234,0.968544257498171
2000,1000,80,0.3,0.05,"a",FALSE,0.5,0,887,"55, 45, 56, 58","IRT",436,1011,49,4,0.964666666666667,0.95377358490566,0.990909090909091,0.996059113300493,0.95377358490566,0.974457831325301,"IRT",135,338,17,1,0.963340122199593,0.952112676056338,0.992647058823529,0.997050147492625,0.952112676056338,0.974063400576369,"IRT",301,673,32,3,0.965312190287413,0.954609929078014,0.990131578947368,0.995562130177515,0.954609929078014,0.97465604634323
2000,1000,80,0.3,0.05,"a",FALSE,0.5,0,887,"55, 45, 56, 58","rf_probs",0,398,662,440,0.265333333333333,0.375471698113208,0,0.474940334128878,0.375471698113208,0.419388830347734,"rf_probs",0,131,224,136,0.266802443991853,0.369014084507042,0,0.49063670411985,0.369014084507042,0.421221864951768,"rf_probs",0,267,438,304,0.264618434093162,0.378723404255319,0,0.467600700525394,0.378723404255319,0.418495297805643
2000,1000,80,0.3,0.05,"a",FALSE,0.5,0,887,"55, 45, 56, 58","rf_class",427,1013,47,13,0.96,0.955660377358491,0.970454545454545,0.987329434697856,0.955660377358491,0.971236816874401,"rf_class",135,341,14,1,0.969450101832994,0.96056338028169,0.992647058823529,0.997076023391813,0.96056338028169,0.978479196556671,"rf_class",292,672,33,12,0.955401387512388,0.953191489361702,0.960526315789474,0.982456140350877,0.953191489361702,0.967602591792657
2000,1000,80,0.3,0.05,"a",FALSE,0.5,0,888,"16, 50, 73, 13","IRT",424,1019,39,18,0.962,0.963137996219282,0.959276018099548,0.982642237222758,0.963137996219282,0.972792362768496,"IRT",140,332,12,5,0.965235173824131,0.965116279069767,0.96551724137931,0.985163204747775,0.965116279069767,0.97503671071953,"IRT",284,687,27,13,0.960435212660732,0.96218487394958,0.956228956228956,0.981428571428571,0.96218487394958,0.971711456859972
2000,1000,80,0.3,0.05,"a",FALSE,0.5,0,888,"16, 50, 73, 13","rf_probs",0,389,669,442,0.259333333333333,0.367674858223062,0,0.468110709987966,0.367674858223062,0.411858125992589,"rf_probs",0,123,221,145,0.251533742331288,0.357558139534884,0,0.458955223880597,0.357558139534884,0.401960784313726,"rf_probs",0,266,448,297,0.263105835806133,0.372549019607843,0,0.47246891651865,0.372549019607843,0.416601409553641
2000,1000,80,0.3,0.05,"a",FALSE,0.5,0,888,"16, 50, 73, 13","rf_class",419,1021,37,23,0.96,0.965028355387524,0.947963800904977,0.977969348659004,0.965028355387524,0.971455756422455,"rf_class",141,336,8,4,0.975460122699387,0.976744186046512,0.972413793103448,0.988235294117647,0.976744186046512,0.982456140350877,"rf_class",278,685,29,19,0.952522255192878,0.959383753501401,0.936026936026936,0.973011363636364,0.959383753501401,0.966149506346968
2000,1000,80,0.3,0.05,"a",FALSE,0.5,0,889,"70, 75, 38, 1","IRT",424,1026,36,14,0.966666666666667,0.966101694915254,0.968036529680365,0.986538461538462,0.966101694915254,0.976213130352046,"IRT",151,356,13,8,0.960227272727273,0.964769647696477,0.949685534591195,0.978021978021978,0.964769647696477,0.971350613915416,"IRT",273,670,23,6,0.970164609053498,0.966810966810967,0.978494623655914,0.99112426035503,0.966810966810967,0.97881665449233
2000,1000,80,0.3,0.05,"a",FALSE,0.5,0,889,"70, 75, 38, 1","rf_probs",0,376,686,438,0.250666666666667,0.354048964218456,0,0.461916461916462,0.354048964218456,0.400852878464819,"rf_probs",0,132,237,159,0.25,0.357723577235772,0,0.45360824742268,0.357723577235772,0.4,"rf_probs",0,244,449,279,0.251028806584362,0.352092352092352,0,0.466539196940727,0.352092352092352,0.401315789473684
2000,1000,80,0.3,0.05,"a",FALSE,0.5,0,889,"70, 75, 38, 1","rf_class",422,1023,39,16,0.963333333333333,0.963276836158192,0.963470319634703,0.984600577478345,0.963276836158192,0.973821989528796,"rf_class",151,355,14,8,0.958333333333333,0.962059620596206,0.949685534591195,0.977961432506887,0.962059620596206,0.969945355191257,"rf_class",271,668,25,8,0.966049382716049,0.963924963924964,0.971326164874552,0.988165680473373,0.963924963924964,0.975894813732652
2000,1000,80,0.3,0.05,"a",FALSE,0.5,0,890,"49, 46, 62, 28","IRT",426,1032,22,20,0.972,0.979127134724858,0.955156950672646,0.980988593155893,0.979127134724858,0.98005698005698,"IRT",148,349,10,6,0.968810916179337,0.972144846796657,0.961038961038961,0.983098591549296,0.972144846796657,0.977591036414566,"IRT",278,683,12,14,0.973657548125633,0.98273381294964,0.952054794520548,0.979913916786227,0.98273381294964,0.98132183908046
2000,1000,80,0.3,0.05,"a",FALSE,0.5,0,890,"49, 46, 62, 28","rf_probs",0,362,692,446,0.241333333333333,0.343453510436433,0,0.448019801980198,0.343453510436433,0.388829215896885,"rf_probs",0,113,246,154,0.220272904483431,0.314763231197772,0,0.423220973782772,0.314763231197772,0.361022364217252,"rf_probs",0,249,446,292,0.252279635258359,0.358273381294964,0,0.460258780036969,0.358273381294964,0.402912621359223
2000,1000,80,0.3,0.05,"a",FALSE,0.5,0,890,"49, 46, 62, 28","rf_class",428,1021,33,18,0.966,0.968690702087287,0.959641255605381,0.982675649663138,0.968690702087287,0.975633062589584,"rf_class",148,347,12,6,0.964912280701754,0.966573816155989,0.961038961038961,0.98300283286119,0.966573816155989,0.974719101123595,"rf_class",280,674,21,12,0.966565349544073,0.969784172661871,0.958904109589041,0.982507288629738,0.969784172661871,0.976104272266474
2000,1000,80,0.3,0.05,"a",FALSE,0.5,0,891,"74, 31, 20, 68","IRT",427,1022,28,23,0.966,0.973333333333333,0.948888888888889,0.97799043062201,0.973333333333333,0.975656324582339,"IRT",146,341,8,6,0.972055888223553,0.977077363896848,0.960526315789474,0.982708933717579,0.977077363896848,0.979885057471264,"IRT",281,681,20,17,0.962962962962963,0.971469329529244,0.942953020134228,0.975644699140401,0.971469329529244,0.973552537526805
2000,1000,80,0.3,0.05,"a",FALSE,0.5,0,891,"74, 31, 20, 68","rf_probs",0,353,697,450,0.235333333333333,0.336190476190476,0,0.439601494396015,0.336190476190476,0.381003777657852,"rf_probs",0,110,239,152,0.219560878243513,0.315186246418338,0,0.419847328244275,0.315186246418338,0.360065466448445,"rf_probs",0,243,458,298,0.243243243243243,0.346647646219686,0,0.44916820702403,0.346647646219686,0.391304347826087
2000,1000,80,0.3,0.05,"a",FALSE,0.5,0,891,"74, 31, 20, 68","rf_class",424,1024,26,26,0.965333333333333,0.975238095238095,0.942222222222222,0.975238095238095,0.975238095238095,0.975238095238095,"rf_class",144,342,7,8,0.970059880239521,0.979942693409742,0.947368421052632,0.977142857142857,0.979942693409742,0.978540772532189,"rf_class",280,682,19,18,0.962962962962963,0.972895863052782,0.939597315436242,0.974285714285714,0.972895863052782,0.973590292648108
2000,1000,80,0.3,0.05,"a",FALSE,0.5,0,892,"23, 58, 8, 71","IRT",447,1011,26,16,0.972,0.974927675988428,0.965442764578834,0.984420642648491,0.974927675988428,0.979651162790698,"IRT",165,321,6,4,0.979838709677419,0.981651376146789,0.976331360946746,0.987692307692308,0.981651376146789,0.984662576687117,"IRT",282,690,20,12,0.968127490039841,0.971830985915493,0.959183673469388,0.982905982905983,0.971830985915493,0.977337110481586
2000,1000,80,0.3,0.05,"a",FALSE,0.5,0,892,"23, 58, 8, 71","rf_probs",0,342,695,463,0.228,0.329797492767599,0,0.424844720496894,0.329797492767599,0.371335504885994,"rf_probs",0,105,222,169,0.211693548387097,0.321100917431193,0,0.383211678832117,0.321100917431193,0.349417637271215,"rf_probs",0,237,473,294,0.23605577689243,0.333802816901408,0,0.446327683615819,0.333802816901408,0.381950040290089
2000,1000,80,0.3,0.05,"a",FALSE,0.5,0,892,"23, 58, 8, 71","rf_class",442,1003,34,21,0.963333333333333,0.967213114754098,0.954643628509719,0.9794921875,0.967213114754098,0.973313925278991,"rf_class",165,316,11,4,0.969758064516129,0.966360856269113,0.976331360946746,0.9875,0.966360856269113,0.976816074188563,"rf_class",277,687,23,17,0.960159362549801,0.967605633802817,0.942176870748299,0.975852272727273,0.967605633802817,0.971711456859972
2000,1000,80,0.3,0.05,"a",FALSE,0.5,0,893,"9, 36, 28, 5","IRT",429,1021,28,22,0.966666666666667,0.973307912297426,0.951219512195122,0.978906999041227,0.973307912297426,0.976099426386233,"IRT",143,328,9,6,0.969135802469136,0.973293768545994,0.959731543624161,0.982035928143713,0.973293768545994,0.977645305514158,"IRT",286,693,19,16,0.965483234714004,0.973314606741573,0.947019867549669,0.977433004231312,0.973314606741573,0.975369458128079
2000,1000,80,0.3,0.05,"a",FALSE,0.5,0,893,"9, 36, 28, 5","rf_probs",0,374,675,451,0.249333333333333,0.356530028598665,0,0.453333333333333,0.356530028598665,0.3991462113127,"rf_probs",0,118,219,149,0.242798353909465,0.350148367952522,0,0.441947565543071,0.350148367952522,0.390728476821192,"rf_probs",0,256,456,302,0.252465483234714,0.359550561797753,0,0.458781362007168,0.359550561797753,0.403149606299213
2000,1000,80,0.3,0.05,"a",FALSE,0.5,0,893,"9, 36, 28, 5","rf_class",430,1007,42,21,0.958,0.959961868446139,0.953436807095344,0.979571984435798,0.959961868446139,0.969667790081849,"rf_class",143,322,15,6,0.95679012345679,0.955489614243323,0.959731543624161,0.981707317073171,0.955489614243323,0.968421052631579,"rf_class",287,685,27,15,0.958579881656805,0.962078651685393,0.950331125827815,0.978571428571429,0.962078651685393,0.970254957507082
2000,1000,80,0.3,0.05,"a",FALSE,0.5,0,894,"18, 4, 45, 76","IRT",440,1010,42,8,0.966666666666667,0.960076045627376,0.982142857142857,0.992141453831041,0.960076045627376,0.975845410628019,"IRT",145,329,15,3,0.963414634146341,0.956395348837209,0.97972972972973,0.990963855421687,0.956395348837209,0.973372781065089,"IRT",295,681,27,5,0.968253968253968,0.961864406779661,0.983333333333333,0.992711370262391,0.961864406779661,0.977044476327116
2000,1000,80,0.3,0.05,"a",FALSE,0.5,0,894,"18, 4, 45, 76","rf_probs",0,364,688,448,0.242666666666667,0.346007604562738,0,0.448275862068966,0.346007604562738,0.390557939914163,"rf_probs",0,119,225,148,0.241869918699187,0.34593023255814,0,0.445692883895131,0.34593023255814,0.389525368248773,"rf_probs",0,245,463,300,0.243055555555556,0.346045197740113,0,0.44954128440367,0.346045197740113,0.391061452513966
2000,1000,80,0.3,0.05,"a",FALSE,0.5,0,894,"18, 4, 45, 76","rf_class",428,1024,28,20,0.968,0.973384030418251,0.955357142857143,0.980842911877395,0.973384030418251,0.977099236641221,"rf_class",141,333,11,7,0.963414634146341,0.968023255813954,0.952702702702703,0.979411764705882,0.968023255813954,0.973684210526316,"rf_class",287,691,17,13,0.970238095238095,0.975988700564972,0.956666666666667,0.981534090909091,0.975988700564972,0.978753541076487
2000,1000,80,0.3,0.05,"a",FALSE,0.5,0,895,"2, 13, 12, 36","IRT",418,1028,42,12,0.964,0.960747663551402,0.972093023255814,0.988461538461539,0.960747663551402,0.974407582938389,"IRT",136,326,13,5,0.9625,0.96165191740413,0.964539007092199,0.984894259818731,0.96165191740413,0.973134328358209,"IRT",282,702,29,7,0.964705882352941,0.960328317373461,0.975778546712803,0.990126939351199,0.960328317373461,0.975
2000,1000,80,0.3,0.05,"a",FALSE,0.5,0,895,"2, 13, 12, 36","rf_probs",0,389,681,430,0.259333333333333,0.363551401869159,0,0.474969474969475,0.363551401869159,0.411858125992589,"rf_probs",0,120,219,141,0.25,0.353982300884956,0,0.459770114942529,0.353982300884956,0.4,"rf_probs",0,269,462,289,0.263725490196078,0.367989056087551,0,0.482078853046595,0.367989056087551,0.417377812257564
2000,1000,80,0.3,0.05,"a",FALSE,0.5,0,895,"2, 13, 12, 36","rf_class",410,1034,36,20,0.962666666666667,0.966355140186916,0.953488372093023,0.981024667931689,0.966355140186916,0.973634651600753,"rf_class",134,324,15,7,0.954166666666667,0.955752212389381,0.950354609929078,0.978851963746224,0.955752212389381,0.967164179104478,"rf_class",276,710,21,13,0.966666666666667,0.971272229822161,0.955017301038062,0.982019363762102,0.971272229822161,0.976616231086658
2000,1000,80,0.3,0.05,"a",FALSE,0.5,0,896,"47, 60, 45, 75","IRT",469,950,77,4,0.946,0.925024342745862,0.99154334038055,0.9958071278826,0.925024342745862,0.959111559818274,"IRT",150,335,27,3,0.941747572815534,0.925414364640884,0.980392156862745,0.99112426035503,0.925414364640884,0.957142857142857,"IRT",319,615,50,1,0.948223350253807,0.924812030075188,0.996875,0.998376623376623,0.924812030075188,0.960187353629976
2000,1000,80,0.3,0.05,"a",FALSE,0.5,0,896,"47, 60, 45, 75","rf_probs",0,387,640,473,0.258,0.37682570593963,0,0.45,0.37682570593963,0.410174880763116,"rf_probs",0,136,226,153,0.264077669902913,0.375690607734807,0,0.470588235294118,0.375690607734807,0.417818740399386,"rf_probs",0,251,414,320,0.254822335025381,0.377443609022556,0,0.439579684763573,0.377443609022556,0.406148867313916
2000,1000,80,0.3,0.05,"a",FALSE,0.5,0,896,"47, 60, 45, 75","rf_class",454,975,52,19,0.952666666666667,0.949367088607595,0.959830866807611,0.980885311871227,0.949367088607595,0.964868876793666,"rf_class",149,341,21,4,0.951456310679612,0.941988950276243,0.973856209150327,0.988405797101449,0.941988950276243,0.964639321074965,"rf_class",305,634,31,15,0.953299492385787,0.953383458646617,0.953125,0.976887519260401,0.953383458646617,0.964992389649924
2000,1000,80,0.3,0.05,"a",FALSE,0.5,0,897,"23, 67, 16, 14","IRT",438,1005,38,19,0.962,0.963566634707574,0.958424507658643,0.9814453125,0.963566634707574,0.972423802612482,"IRT",155,333,11,4,0.970178926441352,0.968023255813954,0.974842767295597,0.98813056379822,0.968023255813954,0.977973568281938,"IRT",283,672,27,15,0.957873620862588,0.96137339055794,0.949664429530201,0.978165938864629,0.96137339055794,0.96969696969697
2000,1000,80,0.3,0.05,"a",FALSE,0.5,0,897,"23, 67, 16, 14","rf_probs",0,378,665,457,0.252,0.36241610738255,0,0.452694610778443,0.36241610738255,0.402555910543131,"rf_probs",0,127,217,159,0.252485089463221,0.369186046511628,0,0.444055944055944,0.369186046511628,0.403174603174603,"rf_probs",0,251,448,298,0.251755265797392,0.359084406294707,0,0.457194899817851,0.359084406294707,0.40224358974359
2000,1000,80,0.3,0.05,"a",FALSE,0.5,0,897,"23, 67, 16, 14","rf_class",423,1014,29,34,0.958,0.972195589645254,0.925601750547046,0.967557251908397,0.972195589645254,0.96987087517934,"rf_class",147,336,8,12,0.960238568588469,0.976744186046512,0.924528301886792,0.96551724137931,0.976744186046512,0.971098265895954,"rf_class",276,678,21,22,0.956870611835506,0.969957081545064,0.926174496644295,0.968571428571429,0.969957081545064,0.969263759828449
2000,1000,80,0.3,0.05,"a",FALSE,0.5,0,898,"53, 56, 26, 12","IRT",427,1012,38,23,0.959333333333333,0.963809523809524,0.948888888888889,0.977777777777778,0.963809523809524,0.970743405275779,"IRT",149,335,14,10,0.952755905511811,0.959885386819484,0.937106918238994,0.971014492753623,0.959885386819484,0.965417867435158,"IRT",278,677,24,13,0.962701612903226,0.965763195435093,0.9553264604811,0.981159420289855,0.965763195435093,0.973400431344356
2000,1000,80,0.3,0.05,"a",FALSE,0.5,0,898,"53, 56, 26, 12","rf_probs",0,338,712,450,0.225333333333333,0.321904761904762,0,0.428934010152284,0.321904761904762,0.367791077257889,"rf_probs",0,111,238,159,0.218503937007874,0.318051575931232,0,0.411111111111111,0.318051575931232,0.358642972536349,"rf_probs",0,227,474,291,0.22883064516129,0.323823109843081,0,0.438223938223938,0.323823109843081,0.372436423297785
2000,1000,80,0.3,0.05,"a",FALSE,0.5,0,898,"53, 56, 26, 12","rf_class",422,1021,29,28,0.962,0.972380952380952,0.937777777777778,0.973307912297426,0.972380952380952,0.9728442115293,"rf_class",146,339,10,13,0.954724409448819,0.97134670487106,0.918238993710692,0.963068181818182,0.97134670487106,0.96718972895863,"rf_class",276,682,19,15,0.965725806451613,0.972895863052782,0.948453608247423,0.978479196556671,0.972895863052782,0.975679542203147
2000,1000,80,0.3,0.05,"a",FALSE,0.5,0,899,"29, 68, 7, 4","IRT",429,1020,34,17,0.966,0.967741935483871,0.961883408071749,0.983606557377049,0.967741935483871,0.975609756097561,"IRT",137,336,15,6,0.95748987854251,0.957264957264957,0.958041958041958,0.982456140350877,0.957264957264957,0.96969696969697,"IRT",292,684,19,11,0.970178926441352,0.972972972972973,0.963696369636964,0.984172661870504,0.972972972972973,0.978540772532189
2000,1000,80,0.3,0.05,"a",FALSE,0.5,0,899,"29, 68, 7, 4","rf_probs",0,409,645,446,0.272666666666667,0.388045540796964,0,0.478362573099415,0.388045540796964,0.428496595075956,"rf_probs",0,126,225,143,0.255060728744939,0.358974358974359,0,0.468401486988848,0.358974358974359,0.406451612903226,"rf_probs",0,283,420,303,0.281312127236581,0.402560455192034,0,0.482935153583618,0.402560455192034,0.439100077579519
2000,1000,80,0.3,0.05,"a",FALSE,0.5,0,899,"29, 68, 7, 4","rf_class",433,1016,38,13,0.966,0.963946869070209,0.97085201793722,0.987366375121477,0.963946869070209,0.975516082573212,"rf_class",139,337,14,4,0.963562753036437,0.96011396011396,0.972027972027972,0.988269794721408,0.96011396011396,0.973988439306358,"rf_class",294,679,24,9,0.967196819085487,0.965860597439545,0.97029702970297,0.986918604651163,0.965860597439545,0.97627606038821
2000,1000,80,0.3,0.05,"a",FALSE,0.5,0,900,"39, 27, 60, 71","IRT",445,989,52,14,0.956,0.950048030739673,0.969498910675381,0.986041874376869,0.950048030739673,0.967710371819961,"IRT",165,307,16,8,0.951612903225806,0.95046439628483,0.953757225433526,0.974603174603175,0.95046439628483,0.962382445141066,"IRT",280,682,36,6,0.958167330677291,0.949860724233983,0.979020979020979,0.991279069767442,0.949860724233983,0.970128022759602
2000,1000,80,0.3,0.05,"a",FALSE,0.5,0,900,"39, 27, 60, 71","rf_probs",0,300,741,459,0.2,0.288184438040346,0,0.395256916996047,0.288184438040346,0.333333333333333,"rf_probs",0,84,239,173,0.169354838709677,0.260061919504644,0,0.326848249027237,0.260061919504644,0.289655172413793,"rf_probs",0,216,502,286,0.215139442231076,0.3008356545961,0,0.430278884462151,0.3008356545961,0.354098360655738
2000,1000,80,0.3,0.05,"a",FALSE,0.5,0,900,"39, 27, 60, 71","rf_class",428,1003,38,31,0.954,0.963496637848223,0.932461873638344,0.970019342359768,0.963496637848223,0.966746987951807,"rf_class",157,312,11,16,0.945564516129032,0.96594427244582,0.907514450867052,0.951219512195122,0.96594427244582,0.95852534562212,"rf_class",271,691,27,15,0.958167330677291,0.962395543175487,0.947552447552448,0.978753541076487,0.962395543175487,0.970505617977528
2000,1000,80,0.3,0.05,"a",FALSE,0.5,0,901,"77, 39, 69, 29","IRT",448,988,51,13,0.957333333333333,0.950914340712223,0.971800433839479,0.987012987012987,0.950914340712223,0.968627450980392,"IRT",161,330,15,6,0.958984375,0.956521739130435,0.964071856287425,0.982142857142857,0.956521739130435,0.969162995594714,"IRT",287,658,36,7,0.956477732793522,0.948126801152738,0.976190476190476,0.989473684210526,0.948126801152738,0.968359087564385
2000,1000,80,0.3,0.05,"a",FALSE,0.5,0,901,"77, 39, 69, 29","rf_probs",0,380,659,461,0.253333333333333,0.365736284889317,0,0.451843043995244,0.365736284889317,0.404255319148936,"rf_probs",0,106,239,167,0.20703125,0.307246376811594,0,0.388278388278388,0.307246376811594,0.343042071197411,"rf_probs",0,274,420,294,0.277327935222672,0.394812680115274,0,0.482394366197183,0.394812680115274,0.434231378763867
2000,1000,80,0.3,0.05,"a",FALSE,0.5,0,901,"77, 39, 69, 29","rf_class",436,988,51,25,0.949333333333333,0.950914340712223,0.945770065075922,0.975320829220138,0.950914340712223,0.962962962962963,"rf_class",155,327,18,12,0.94140625,0.947826086956522,0.92814371257485,0.964601769911504,0.947826086956522,0.956140350877193,"rf_class",281,661,33,13,0.953441295546559,0.952449567723343,0.95578231292517,0.980712166172107,0.952449567723343,0.966374269005848
2000,1000,80,0.3,0.05,"a",FALSE,0.5,0,902,"78, 10, 52, 33","IRT",457,987,53,3,0.962666666666667,0.949038461538461,0.993478260869565,0.996969696969697,0.949038461538461,0.972413793103448,"IRT",145,332,12,0,0.975460122699387,0.965116279069767,1,1,0.965116279069767,0.982248520710059,"IRT",312,655,41,3,0.956478733926805,0.941091954022989,0.990476190476191,0.995440729483283,0.941091954022989,0.967503692762186
2000,1000,80,0.3,0.05,"a",FALSE,0.5,0,902,"78, 10, 52, 33","rf_probs",0,324,716,460,0.216,0.311538461538462,0,0.413265306122449,0.311538461538462,0.355263157894737,"rf_probs",0,99,245,145,0.202453987730061,0.287790697674419,0,0.405737704918033,0.287790697674419,0.336734693877551,"rf_probs",0,225,471,315,0.222551928783383,0.323275862068966,0,0.416666666666667,0.323275862068966,0.364077669902913
2000,1000,80,0.3,0.05,"a",FALSE,0.5,0,902,"78, 10, 52, 33","rf_class",449,1002,38,11,0.967333333333333,0.963461538461538,0.976086956521739,0.989141164856861,0.963461538461538,0.976132489040429,"rf_class",143,335,9,2,0.977505112474438,0.973837209302326,0.986206896551724,0.99406528189911,0.973837209302326,0.983847283406755,"rf_class",306,667,29,9,0.962413452027695,0.958333333333333,0.971428571428571,0.986686390532544,0.958333333333333,0.972303206997085
2000,1000,80,0.3,0.05,"a",FALSE,0.5,0,903,"37, 68, 52, 2","IRT",415,1036,35,14,0.967333333333333,0.967320261437909,0.967365967365967,0.986666666666667,0.967320261437909,0.976897689768977,"IRT",142,339,9,4,0.973684210526316,0.974137931034483,0.972602739726027,0.988338192419825,0.974137931034483,0.981186685962373,"IRT",273,697,26,10,0.964214711729622,0.964038727524205,0.964664310954064,0.985855728429986,0.964038727524205,0.974825174825175
2000,1000,80,0.3,0.05,"a",FALSE,0.5,0,903,"37, 68, 52, 2","rf_probs",0,369,702,429,0.246,0.34453781512605,0,0.462406015037594,0.34453781512605,0.394863563402889,"rf_probs",0,118,230,146,0.238866396761134,0.339080459770115,0,0.446969696969697,0.339080459770115,0.38562091503268,"rf_probs",0,251,472,283,0.249502982107356,0.34716459197787,0,0.470037453183521,0.34716459197787,0.399363564041368
2000,1000,80,0.3,0.05,"a",FALSE,0.5,0,903,"37, 68, 52, 2","rf_class",408,1033,38,21,0.960666666666667,0.964519140989729,0.951048951048951,0.980075901328273,0.964519140989729,0.972235294117647,"rf_class",138,338,10,8,0.963562753036437,0.971264367816092,0.945205479452055,0.976878612716763,0.971264367816092,0.974063400576369,"rf_class",270,695,28,13,0.959244532803181,0.961272475795297,0.954063604240283,0.981638418079096,0.961272475795297,0.971348707197764
2000,1000,80,0.3,0.05,"a",FALSE,0.5,0,904,"39, 77, 11, 60","IRT",441,989,46,24,0.953333333333333,0.955555555555556,0.948387096774194,0.976307996051333,0.955555555555556,0.9658203125,"IRT",149,327,12,6,0.963562753036437,0.964601769911504,0.961290322580645,0.981981981981982,0.964601769911504,0.973214285714286,"IRT",292,662,34,18,0.94831013916501,0.951149425287356,0.941935483870968,0.973529411764706,0.951149425287356,0.962209302325581
2000,1000,80,0.3,0.05,"a",FALSE,0.5,0,904,"39, 77, 11, 60","rf_probs",0,382,653,465,0.254666666666667,0.369082125603865,0,0.451003541912633,0.369082125603865,0.405951115834219,"rf_probs",0,124,215,155,0.251012145748988,0.365781710914454,0,0.444444444444444,0.365781710914454,0.401294498381877,"rf_probs",0,258,438,310,0.256461232604374,0.370689655172414,0,0.454225352112676,0.370689655172414,0.408227848101266
2000,1000,80,0.3,0.05,"a",FALSE,0.5,0,904,"39, 77, 11, 60","rf_class",434,994,41,31,0.952,0.960386473429952,0.933333333333333,0.969756097560976,0.960386473429952,0.96504854368932,"rf_class",148,330,9,7,0.967611336032389,0.973451327433628,0.954838709677419,0.979228486646884,0.973451327433628,0.976331360946745,"rf_class",286,664,32,24,0.944333996023857,0.954022988505747,0.92258064516129,0.965116279069767,0.954022988505747,0.959537572254335
2000,1000,80,0.3,0.05,"a",FALSE,0.5,0,905,"73, 6, 67, 66","IRT",415,1022,36,27,0.958,0.965973534971645,0.938914027149321,0.974261201143947,0.965973534971645,0.970099667774086,"IRT",112,341,13,9,0.953684210526316,0.963276836158192,0.925619834710744,0.974285714285714,0.963276836158192,0.96875,"IRT",303,681,23,18,0.96,0.967329545454545,0.94392523364486,0.974248927038627,0.967329545454545,0.970776906628653
2000,1000,80,0.3,0.05,"a",FALSE,0.5,0,905,"73, 6, 67, 66","rf_probs",0,340,718,442,0.226666666666667,0.321361058601134,0,0.434782608695652,0.321361058601134,0.369565217391304,"rf_probs",0,107,247,121,0.225263157894737,0.30225988700565,0,0.469298245614035,0.30225988700565,0.367697594501718,"rf_probs",0,233,471,321,0.227317073170732,0.330965909090909,0,0.42057761732852,0.330965909090909,0.370429252782194
2000,1000,80,0.3,0.05,"a",FALSE,0.5,0,905,"73, 6, 67, 66","rf_class",412,1021,37,30,0.955333333333333,0.965028355387524,0.932126696832579,0.971455756422455,0.965028355387524,0.968231389284021,"rf_class",113,342,12,8,0.957894736842105,0.966101694915254,0.933884297520661,0.977142857142857,0.966101694915254,0.971590909090909,"rf_class",299,679,25,22,0.954146341463415,0.964488636363636,0.931464174454829,0.968616262482168,0.964488636363636,0.966548042704626
2000,1000,80,0.3,0.05,"a",FALSE,0.5,0,906,"16, 31, 54, 25","IRT",444,990,52,14,0.956,0.950095969289827,0.96943231441048,0.98605577689243,0.950095969289827,0.967741935483871,"IRT",128,348,20,4,0.952,0.945652173913043,0.96969696969697,0.988636363636364,0.945652173913043,0.966666666666667,"IRT",316,642,32,10,0.958,0.952522255192878,0.969325153374233,0.984662576687117,0.952522255192878,0.968325791855204
2000,1000,80,0.3,0.05,"a",FALSE,0.5,0,906,"16, 31, 54, 25","rf_probs",0,328,714,458,0.218666666666667,0.314779270633397,0,0.417302798982188,0.314779270633397,0.358862144420131,"rf_probs",0,120,248,132,0.24,0.326086956521739,0,0.476190476190476,0.326086956521739,0.387096774193548,"rf_probs",0,208,466,326,0.208,0.308605341246291,0,0.389513108614232,0.308605341246291,0.344370860927152
2000,1000,80,0.3,0.05,"a",FALSE,0.5,0,906,"16, 31, 54, 25","rf_class",421,1007,35,37,0.952,0.966410748560461,0.919213973799127,0.96455938697318,0.966410748560461,0.965484180249281,"rf_class",125,355,13,7,0.96,0.964673913043478,0.946969696969697,0.980662983425414,0.964673913043478,0.972602739726027,"rf_class",296,652,22,30,0.948,0.967359050445104,0.907975460122699,0.956011730205279,0.967359050445104,0.96165191740413
2000,1000,80,0.3,0.05,"a",FALSE,0.5,0,907,"47, 44, 62, 18","IRT",446,1006,34,14,0.968,0.967307692307692,0.969565217391304,0.986274509803922,0.967307692307692,0.976699029126214,"IRT",153,340,11,4,0.970472440944882,0.968660968660969,0.974522292993631,0.988372093023256,0.968660968660969,0.97841726618705,"IRT",293,666,23,10,0.966733870967742,0.966618287373004,0.966996699669967,0.985207100591716,0.966618287373004,0.975824175824176
2000,1000,80,0.3,0.05,"a",FALSE,0.5,0,907,"47, 44, 62, 18","rf_probs",0,351,689,460,0.234,0.3375,0,0.432799013563502,0.3375,0.379254457050243,"rf_probs",0,109,242,157,0.214566929133858,0.310541310541311,0,0.409774436090226,0.310541310541311,0.353322528363047,"rf_probs",0,242,447,303,0.243951612903226,0.351233671988389,0,0.444036697247706,0.351233671988389,0.392220421393841
2000,1000,80,0.3,0.05,"a",FALSE,0.5,0,907,"47, 44, 62, 18","rf_class",426,1014,26,34,0.96,0.975,0.926086956521739,0.967557251908397,0.975,0.971264367816092,"rf_class",147,343,8,10,0.964566929133858,0.977207977207977,0.936305732484076,0.971671388101983,0.977207977207977,0.974431818181818,"rf_class",279,671,18,24,0.957661290322581,0.973875181422351,0.920792079207921,0.965467625899281,0.973875181422351,0.969653179190751
2000,1000,80,0.3,0.05,"a",FALSE,0.5,0,908,"33, 77, 34, 23","IRT",439,1007,33,21,0.964,0.968269230769231,0.954347826086957,0.979571984435798,0.968269230769231,0.973887814313346,"IRT",141,347,7,8,0.970178926441352,0.980225988700565,0.946308724832215,0.977464788732394,0.980225988700565,0.978843441466855,"IRT",298,660,26,13,0.960882647943831,0.962099125364432,0.958199356913183,0.980683506686478,0.962099125364432,0.971302428256071
2000,1000,80,0.3,0.05,"a",FALSE,0.5,0,908,"33, 77, 34, 23","rf_probs",0,337,703,460,0.224666666666667,0.324038461538462,0,0.422835633626098,0.324038461538462,0.366902558519325,"rf_probs",0,108,246,149,0.214711729622266,0.305084745762712,0,0.420233463035019,0.305084745762712,0.353518821603928,"rf_probs",0,229,457,311,0.229689067201605,0.333819241982507,0,0.424074074074074,0.333819241982507,0.373572593800979
2000,1000,80,0.3,0.05,"a",FALSE,0.5,0,908,"33, 77, 34, 23","rf_class",436,1004,36,24,0.96,0.965384615384615,0.947826086956522,0.976653696498054,0.965384615384615,0.970986460348162,"rf_class",143,343,11,6,0.966202783300199,0.968926553672316,0.959731543624161,0.982808022922636,0.968926553672316,0.975817923186344,"rf_class",293,661,25,18,0.956870611835506,0.963556851311953,0.942122186495177,0.973490427098675,0.963556851311953,0.968498168498168
2000,1000,80,0.3,0.05,"a",FALSE,0.5,0,909,"50, 56, 23, 31","IRT",435,1011,38,16,0.964,0.963775023832221,0.964523281596452,0.984420642648491,0.963775023832221,0.973988439306358,"IRT",130,336,19,4,0.952965235173824,0.946478873239437,0.970149253731343,0.988235294117647,0.946478873239437,0.966906474820144,"IRT",305,675,19,12,0.969337289812067,0.972622478386167,0.962145110410095,0.982532751091703,0.972622478386167,0.977552498189718
2000,1000,80,0.3,0.05,"a",FALSE,0.5,0,909,"50, 56, 23, 31","rf_probs",0,342,707,451,0.228,0.32602478551001,0,0.431273644388398,0.32602478551001,0.371335504885993,"rf_probs",0,110,245,134,0.224948875255624,0.309859154929577,0,0.450819672131148,0.309859154929577,0.367278797996661,"rf_probs",0,232,462,317,0.229475766567755,0.334293948126801,0,0.422586520947177,0.334293948126801,0.373290426387771
2000,1000,80,0.3,0.05,"a",FALSE,0.5,0,909,"50, 56, 23, 31","rf_class",418,1017,32,33,0.956666666666667,0.969494756911344,0.926829268292683,0.968571428571429,0.969494756911344,0.96903287279657,"rf_class",124,340,15,10,0.948875255623722,0.957746478873239,0.925373134328358,0.971428571428571,0.957746478873239,0.964539007092199,"rf_class",294,677,17,23,0.960435212660732,0.975504322766571,0.927444794952681,0.967142857142857,0.975504322766571,0.971305595408895
2000,1000,80,0.3,0.05,"a",FALSE,0.5,0,910,"53, 17, 6, 62","IRT",460,987,42,11,0.964666666666667,0.959183673469388,0.976645435244161,0.988977955911824,0.959183673469388,0.973852984706463,"IRT",152,311,15,3,0.962577962577963,0.95398773006135,0.980645161290323,0.990445859872611,0.95398773006135,0.971875,"IRT",308,676,27,8,0.965652600588813,0.961593172119488,0.974683544303797,0.988304093567251,0.961593172119488,0.974765681326604
2000,1000,80,0.3,0.05,"a",FALSE,0.5,0,910,"53, 17, 6, 62","rf_probs",0,353,676,471,0.235333333333333,0.343051506316812,0,0.428398058252427,0.343051506316812,0.381003777657852,"rf_probs",0,105,221,155,0.218295218295218,0.322085889570552,0,0.403846153846154,0.322085889570552,0.358361774744027,"rf_probs",0,248,455,316,0.243375858684985,0.352773826458037,0,0.439716312056738,0.352773826458037,0.39147592738753
2000,1000,80,0.3,0.05,"a",FALSE,0.5,0,910,"53, 17, 6, 62","rf_class",436,996,33,35,0.954666666666667,0.967930029154519,0.925690021231423,0.966052376333657,0.967930029154519,0.966990291262136,"rf_class",144,317,9,11,0.958419958419958,0.97239263803681,0.929032258064516,0.966463414634146,0.97239263803681,0.969418960244648,"rf_class",292,679,24,24,0.952894995093229,0.965860597439545,0.924050632911392,0.965860597439545,0.965860597439545,0.965860597439545
2000,1000,80,0.3,0.05,"a",FALSE,0.5,0,911,"38, 15, 3, 30","IRT",456,988,36,20,0.962666666666667,0.96484375,0.957983193277311,0.98015873015873,0.96484375,0.97244094488189,"IRT",149,343,14,6,0.9609375,0.96078431372549,0.961290322580645,0.982808022922636,0.96078431372549,0.971671388101983,"IRT",307,645,22,14,0.963562753036437,0.967016491754123,0.956386292834891,0.978755690440061,0.967016491754123,0.972850678733032
2000,1000,80,0.3,0.05,"a",FALSE,0.5,0,911,"38, 15, 3, 30","rf_probs",0,352,672,476,0.234666666666667,0.34375,0,0.42512077294686,0.34375,0.380129589632829,"rf_probs",0,123,234,155,0.240234375,0.34453781512605,0,0.442446043165468,0.34453781512605,0.38740157480315,"rf_probs",0,229,438,321,0.231781376518219,0.343328335832084,0,0.416363636363636,0.343328335832084,0.37633525061627
2000,1000,80,0.3,0.05,"a",FALSE,0.5,0,911,"38, 15, 3, 30","rf_class",444,982,42,32,0.950666666666667,0.958984375,0.932773109243697,0.968441814595661,0.958984375,0.963689892051031,"rf_class",143,344,13,12,0.951171875,0.963585434173669,0.92258064516129,0.966292134831461,0.963585434173669,0.964936886395512,"rf_class",301,638,29,20,0.950404858299595,0.956521739130435,0.937694704049844,0.969604863221885,0.956521739130435,0.963018867924528
2000,1000,80,0.3,0.05,"a",FALSE,0.5,0,912,"76, 34, 50, 4","IRT",438,989,67,6,0.951333333333333,0.93655303030303,0.986486486486487,0.993969849246231,0.93655303030303,0.964407606045831,"IRT",158,352,22,4,0.951492537313433,0.941176470588235,0.975308641975309,0.98876404494382,0.941176470588235,0.964383561643836,"IRT",280,637,45,2,0.951244813278008,0.934017595307918,0.99290780141844,0.996870109546166,0.934017595307918,0.96442089326268
2000,1000,80,0.3,0.05,"a",FALSE,0.5,0,912,"76, 34, 50, 4","rf_probs",0,364,692,444,0.242666666666667,0.34469696969697,0,0.450495049504951,0.34469696969697,0.390557939914163,"rf_probs",0,119,255,162,0.222014925373134,0.318181818181818,0,0.423487544483986,0.318181818181818,0.363358778625954,"rf_probs",0,245,437,282,0.254149377593361,0.359237536656892,0,0.464895635673624,0.359237536656892,0.405293631100083
2000,1000,80,0.3,0.05,"a",FALSE,0.5,0,912,"76, 34, 50, 4","rf_class",424,1011,45,20,0.956666666666667,0.957386363636364,0.954954954954955,0.980601357904947,0.957386363636364,0.968854815524677,"rf_class",155,361,13,7,0.962686567164179,0.96524064171123,0.95679012345679,0.980978260869565,0.96524064171123,0.973045822102426,"rf_class",269,650,32,13,0.953319502074689,0.953079178885631,0.953900709219858,0.980392156862745,0.953079178885631,0.966542750929368
2000,1000,80,0.3,0.05,"a",FALSE,0.5,0,913,"4, 27, 22, 43","IRT",445,1005,38,12,0.966666666666667,0.963566634707574,0.973741794310722,0.988200589970501,0.963566634707574,0.975728155339806,"IRT",168,326,13,4,0.966731898238748,0.96165191740413,0.976744186046512,0.987878787878788,0.96165191740413,0.974588938714499,"IRT",277,679,25,8,0.966632962588473,0.964488636363636,0.971929824561404,0.988355167394469,0.964488636363636,0.97627606038821
2000,1000,80,0.3,0.05,"a",FALSE,0.5,0,913,"4, 27, 22, 43","rf_probs",0,364,679,457,0.242666666666667,0.348993288590604,0,0.443361753958587,0.348993288590604,0.390557939914163,"rf_probs",0,131,208,172,0.256360078277886,0.386430678466077,0,0.432343234323432,0.386430678466077,0.40809968847352,"rf_probs",0,233,471,285,0.235591506572295,0.330965909090909,0,0.44980694980695,0.330965909090909,0.381342062193126
2000,1000,80,0.3,0.05,"a",FALSE,0.5,0,913,"4, 27, 22, 43","rf_class",435,1014,29,22,0.966,0.972195589645254,0.951859956236324,0.978764478764479,0.972195589645254,0.975468975468976,"rf_class",167,327,12,5,0.966731898238748,0.964601769911504,0.970930232558139,0.984939759036145,0.964601769911504,0.974664679582712,"rf_class",268,687,17,17,0.965621840242669,0.975852272727273,0.940350877192982,0.975852272727273,0.975852272727273,0.975852272727273
2000,1000,80,0.3,0.05,"a",FALSE,0.5,0,914,"40, 44, 23, 56","IRT",430,1025,26,19,0.97,0.975261655566128,0.957683741648107,0.981800766283525,0.975261655566128,0.978520286396181,"IRT",142,347,5,5,0.979959919839679,0.985795454545455,0.965986394557823,0.985795454545455,0.985795454545455,0.985795454545455,"IRT",288,678,21,14,0.965034965034965,0.969957081545064,0.95364238410596,0.979768786127168,0.969957081545064,0.974838245866283
2000,1000,80,0.3,0.05,"a",FALSE,0.5,0,914,"40, 44, 23, 56","rf_probs",0,352,699,449,0.234666666666667,0.334919124643197,0,0.439450686641698,0.334919124643197,0.380129589632829,"rf_probs",0,114,238,147,0.228456913827655,0.323863636363636,0,0.436781609195402,0.323863636363636,0.371941272430669,"rf_probs",0,238,461,302,0.237762237762238,0.340486409155937,0,0.440740740740741,0.340486409155937,0.384180790960452
2000,1000,80,0.3,0.05,"a",FALSE,0.5,0,914,"40, 44, 23, 56","rf_class",428,1010,41,21,0.958666666666667,0.960989533777355,0.953229398663697,0.979631425800194,0.960989533777355,0.970220941402497,"rf_class",142,341,11,5,0.967935871743487,0.96875,0.965986394557823,0.985549132947977,0.96875,0.977077363896848,"rf_class",286,669,30,16,0.954045954045954,0.957081545064378,0.947019867549669,0.976642335766423,0.957081545064378,0.966763005780347
2000,1000,80,0.3,0.05,"a",FALSE,0.5,0,915,"66, 49, 64, 39","IRT",446,987,52,15,0.955333333333333,0.94995187680462,0.967462039045553,0.985029940119761,0.94995187680462,0.967172954434101,"IRT",153,332,18,5,0.954724409448819,0.948571428571429,0.968354430379747,0.985163204747775,0.948571428571429,0.966521106259097,"IRT",293,655,34,10,0.955645161290323,0.950653120464441,0.966996699669967,0.984962406015038,0.950653120464441,0.967503692762186
2000,1000,80,0.3,0.05,"a",FALSE,0.5,0,915,"66, 49, 64, 39","rf_probs",0,325,714,461,0.216666666666667,0.312800769971126,0,0.413486005089059,0.312800769971126,0.356164383561644,"rf_probs",0,121,229,158,0.238188976377953,0.345714285714286,0,0.433691756272401,0.345714285714286,0.384737678855326,"rf_probs",0,204,485,303,0.205645161290323,0.296081277213353,0,0.402366863905325,0.296081277213353,0.341137123745819
2000,1000,80,0.3,0.05,"a",FALSE,0.5,0,915,"66, 49, 64, 39","rf_class",428,1011,28,33,0.959333333333333,0.973051010587103,0.928416485900217,0.968390804597701,0.973051010587103,0.970715314450312,"rf_class",148,339,11,10,0.958661417322835,0.968571428571429,0.936708860759494,0.97134670487106,0.968571428571429,0.969957081545064,"rf_class",280,672,17,23,0.959677419354839,0.975326560232221,0.924092409240924,0.966906474820144,0.975326560232221,0.971098265895954
2000,1000,80,0.3,0.05,"a",FALSE,0.5,0,916,"51, 9, 23, 73","IRT",458,987,46,9,0.963333333333333,0.955469506292352,0.980728051391863,0.990963855421687,0.955469506292352,0.972893050763923,"IRT",153,351,9,3,0.976744186046512,0.975,0.980769230769231,0.991525423728814,0.975,0.983193277310924,"IRT",305,636,37,6,0.95630081300813,0.945022288261516,0.980707395498392,0.990654205607477,0.945022288261516,0.967300380228137
2000,1000,80,0.3,0.05,"a",FALSE,0.5,0,916,"51, 9, 23, 73","rf_probs",0,375,658,467,0.25,0.363020329138432,0,0.445368171021378,0.363020329138432,0.4,"rf_probs",0,117,243,156,0.226744186046512,0.325,0,0.428571428571429,0.325,0.369668246445498,"rf_probs",0,258,415,311,0.26219512195122,0.383358098068351,0,0.453427065026362,0.383358098068351,0.415458937198068
2000,1000,80,0.3,0.05,"a",FALSE,0.5,0,916,"51, 9, 23, 73","rf_class",439,1000,33,28,0.959333333333333,0.968054211035818,0.940042826552463,0.972762645914397,0.968054211035818,0.970402717127608,"rf_class",149,352,8,7,0.970930232558139,0.977777777777778,0.955128205128205,0.98050139275766,0.977777777777778,0.97913769123783,"rf_class",290,648,25,21,0.953252032520325,0.962852897473997,0.932475884244373,0.968609865470852,0.962852897473997,0.965722801788376
2000,1000,80,0.3,0.05,"a",FALSE,0.5,0,917,"73, 1, 30, 33","IRT",428,1025,40,7,0.968666666666667,0.962441314553991,0.983908045977012,0.993217054263566,0.962441314553991,0.977587029089175,"IRT",140,328,11,1,0.975,0.967551622418879,0.99290780141844,0.996960486322188,0.967551622418879,0.982035928143713,"IRT",288,697,29,6,0.965686274509804,0.960055096418733,0.979591836734694,0.991465149359886,0.960055096418733,0.975507347795661
2000,1000,80,0.3,0.05,"a",FALSE,0.5,0,917,"73, 1, 30, 33","rf_probs",0,356,709,435,0.237333333333333,0.334272300469484,0,0.450063211125158,0.334272300469484,0.383620689655172,"rf_probs",0,105,234,141,0.21875,0.309734513274336,0,0.426829268292683,0.309734513274336,0.358974358974359,"rf_probs",0,251,475,294,0.246078431372549,0.345730027548209,0,0.460550458715596,0.345730027548209,0.394964594807238
2000,1000,80,0.3,0.05,"a",FALSE,0.5,0,917,"73, 1, 30, 33","rf_class",426,1033,32,9,0.972666666666667,0.969953051643192,0.979310344827586,0.991362763915547,0.969953051643192,0.980541053630755,"rf_class",140,328,11,1,0.975,0.967551622418879,0.99290780141844,0.996960486322188,0.967551622418879,0.982035928143713,"rf_class",286,705,21,8,0.97156862745098,0.971074380165289,0.972789115646258,0.988779803646564,0.971074380165289,0.979847116052814
2000,1000,80,0.3,0.05,"a",FALSE,0.5,0,918,"25, 14, 12, 11","IRT",422,1034,23,21,0.970666666666667,0.978240302743614,0.952595936794582,0.980094786729858,0.978240302743614,0.979166666666667,"IRT",135,349,10,6,0.968,0.972144846796657,0.957446808510638,0.983098591549296,0.972144846796657,0.977591036414566,"IRT",287,685,13,15,0.972,0.981375358166189,0.950331125827815,0.978571428571429,0.981375358166189,0.97997138769671
2000,1000,80,0.3,0.05,"a",FALSE,0.5,0,918,"25, 14, 12, 11","rf_probs",0,388,669,443,0.258666666666667,0.367076631977294,0,0.46690734055355,0.367076631977294,0.411016949152542,"rf_probs",0,136,223,141,0.272,0.37883008356546,0,0.490974729241877,0.37883008356546,0.427672955974843,"rf_probs",0,252,446,302,0.252,0.361031518624642,0,0.454873646209386,0.361031518624642,0.402555910543131
2000,1000,80,0.3,0.05,"a",FALSE,0.5,0,918,"25, 14, 12, 11","rf_class",423,1032,25,20,0.97,0.976348155156102,0.954853273137698,0.980988593155893,0.976348155156102,0.978662873399715,"rf_class",137,351,8,4,0.976,0.977715877437326,0.971631205673759,0.988732394366197,0.977715877437326,0.983193277310924,"rf_class",286,681,17,16,0.967,0.975644699140401,0.947019867549669,0.977044476327116,0.975644699140401,0.976344086021505
2000,1000,80,0.3,0.05,"a",FALSE,0.5,0,919,"19, 46, 53, 7","IRT",451,988,59,2,0.959333333333333,0.943648519579752,0.995584988962472,0.997979797979798,0.943648519579752,0.970054000981836,"IRT",161,326,18,2,0.960552268244576,0.947674418604651,0.987730061349693,0.99390243902439,0.947674418604651,0.970238095238095,"IRT",290,662,41,0,0.958710976837865,0.941678520625889,1,1,0.941678520625889,0.96996336996337
2000,1000,80,0.3,0.05,"a",FALSE,0.5,0,919,"19, 46, 53, 7","rf_probs",0,374,673,453,0.249333333333333,0.357211079274117,0,0.45223700120919,0.357211079274117,0.3991462113127,"rf_probs",0,128,216,163,0.252465483234714,0.372093023255814,0,0.439862542955326,0.372093023255814,0.403149606299213,"rf_probs",0,246,457,290,0.24773413897281,0.349928876244666,0,0.458955223880597,0.349928876244666,0.397094430992736
2000,1000,80,0.3,0.05,"a",FALSE,0.5,0,919,"19, 46, 53, 7","rf_class",436,1014,33,17,0.966666666666667,0.968481375358166,0.962472406181015,0.983511154219205,0.968481375358166,0.975938402309913,"rf_class",152,337,7,11,0.964497041420118,0.979651162790698,0.932515337423313,0.968390804597701,0.979651162790698,0.973988439306358,"rf_class",284,677,26,6,0.967774420946626,0.963015647226173,0.979310344827586,0.991215226939971,0.963015647226173,0.976911976911977
2000,1000,80,0.3,0.05,"a",FALSE,0.5,0,920,"39, 37, 53, 6","IRT",439,1014,22,25,0.968666666666667,0.978764478764479,0.946120689655172,0.975938402309913,0.978764478764479,0.977349397590361,"IRT",147,330,8,7,0.969512195121951,0.976331360946746,0.954545454545455,0.979228486646884,0.976331360946746,0.977777777777778,"IRT",292,684,14,18,0.968253968253968,0.979942693409742,0.941935483870968,0.974358974358974,0.979942693409742,0.977142857142857
2000,1000,80,0.3,0.05,"a",FALSE,0.5,0,920,"39, 37, 53, 6","rf_probs",0,317,719,464,0.211333333333333,0.305984555984556,0,0.405889884763124,0.305984555984556,0.348926802421574,"rf_probs",0,107,231,154,0.217479674796748,0.316568047337278,0,0.409961685823755,0.316568047337278,0.357262103505843,"rf_probs",0,210,488,310,0.208333333333333,0.300859598853868,0,0.403846153846154,0.300859598853868,0.344827586206897
2000,1000,80,0.3,0.05,"a",FALSE,0.5,0,920,"39, 37, 53, 6","rf_class",439,1014,22,25,0.968666666666667,0.978764478764479,0.946120689655172,0.975938402309913,0.978764478764479,0.977349397590361,"rf_class",145,330,8,9,0.965447154471545,0.976331360946746,0.941558441558442,0.973451327433628,0.976331360946746,0.974889217134416,"rf_class",294,684,14,16,0.970238095238095,0.979942693409742,0.948387096774194,0.977142857142857,0.979942693409742,0.978540772532189
2000,1000,80,0.3,0.05,"a",FALSE,0.5,0,921,"58, 56, 70, 74","IRT",448,1003,39,10,0.967333333333333,0.96257197696737,0.978165938864629,0.990128331688055,0.96257197696737,0.976155717761557,"IRT",150,319,14,2,0.967010309278351,0.957957957957958,0.986842105263158,0.993769470404984,0.957957957957958,0.975535168195719,"IRT",298,684,25,8,0.967487684729064,0.964739069111425,0.973856209150327,0.988439306358382,0.964739069111425,0.97644539614561
2000,1000,80,0.3,0.05,"a",FALSE,0.5,0,921,"58, 56, 70, 74","rf_probs",0,327,715,458,0.218,0.313819577735125,0,0.41656050955414,0.313819577735125,0.357963875205255,"rf_probs",0,95,238,152,0.195876288659794,0.285285285285285,0,0.384615384615385,0.285285285285285,0.327586206896552,"rf_probs",0,232,477,306,0.228571428571429,0.32722143864598,0,0.431226765799257,0.32722143864598,0.372093023255814
2000,1000,80,0.3,0.05,"a",FALSE,0.5,0,921,"58, 56, 70, 74","rf_class",438,1013,29,20,0.967333333333333,0.972168905950096,0.956331877729258,0.980638915779284,0.972168905950096,0.976385542168675,"rf_class",145,321,12,7,0.960824742268041,0.963963963963964,0.953947368421053,0.978658536585366,0.963963963963964,0.97125567322239,"rf_class",293,692,17,13,0.970443349753695,0.976022566995769,0.957516339869281,0.981560283687943,0.976022566995769,0.978783592644979
2000,1000,80,0.3,0.05,"a",FALSE,0.5,0,922,"28, 72, 16, 68","IRT",418,1033,32,17,0.967333333333333,0.969953051643192,0.960919540229885,0.983809523809524,0.969953051643192,0.976832151300236,"IRT",164,346,8,4,0.977011494252874,0.977401129943503,0.976190476190476,0.988571428571429,0.977401129943503,0.982954545454545,"IRT",254,687,24,13,0.962167689161554,0.966244725738397,0.951310861423221,0.981428571428571,0.966244725738397,0.973777462792346
2000,1000,80,0.3,0.05,"a",FALSE,0.5,0,922,"28, 72, 16, 68","rf_probs",0,363,702,435,0.242,0.340845070422535,0,0.454887218045113,0.340845070422535,0.389694041867955,"rf_probs",0,127,227,168,0.243295019157088,0.358757062146893,0,0.430508474576271,0.358757062146893,0.391371340523883,"rf_probs",0,236,475,267,0.241308793456033,0.331926863572433,0,0.469184890656064,0.331926863572433,0.388797364085667
2000,1000,80,0.3,0.05,"a",FALSE,0.5,0,922,"28, 72, 16, 68","rf_class",419,1022,43,16,0.960666666666667,0.95962441314554,0.963218390804598,0.984585741811175,0.95962441314554,0.971944840703757,"rf_class",165,346,8,3,0.978927203065134,0.977401129943503,0.982142857142857,0.991404011461318,0.977401129943503,0.984352773826458,"rf_class",254,676,35,13,0.950920245398773,0.950773558368495,0.951310861423221,0.981132075471698,0.950773558368495,0.965714285714286
2000,1000,80,0.3,0.05,"a",FALSE,0.5,0,923,"2, 13, 47, 16","IRT",449,1011,35,5,0.973333333333333,0.966539196940727,0.988986784140969,0.99507874015748,0.966539196940727,0.980601357904947,"IRT",148,338,14,1,0.970059880239521,0.960227272727273,0.993288590604027,0.997050147492625,0.960227272727273,0.978292329956585,"IRT",301,673,21,4,0.974974974974975,0.969740634005764,0.986885245901639,0.994091580502216,0.969740634005764,0.981765134938001
2000,1000,80,0.3,0.05,"a",FALSE,0.5,0,923,"2, 13, 47, 16","rf_probs",0,342,704,454,0.228,0.326959847036329,0,0.42964824120603,0.326959847036329,0.371335504885993,"rf_probs",0,112,240,149,0.223552894211577,0.318181818181818,0,0.42911877394636,0.318181818181818,0.365415986949429,"rf_probs",0,230,464,305,0.23023023023023,0.331412103746398,0,0.429906542056075,0.331412103746398,0.374288039056143
2000,1000,80,0.3,0.05,"a",FALSE,0.5,0,923,"2, 13, 47, 16","rf_class",440,1014,32,14,0.969333333333333,0.969407265774379,0.969162995594714,0.986381322957198,0.969407265774379,0.977820636451302,"rf_class",144,339,13,5,0.964071856287425,0.963068181818182,0.966442953020134,0.98546511627907,0.963068181818182,0.974137931034483,"rf_class",296,675,19,9,0.971971971971972,0.972622478386167,0.970491803278689,0.986842105263158,0.972622478386167,0.979680696661829
2000,1000,80,0.3,0.05,"a",FALSE,0.5,0,924,"11, 65, 53, 47","IRT",442,996,56,6,0.958666666666667,0.946768060836502,0.986607142857143,0.994011976047904,0.946768060836502,0.969814995131451,"IRT",155,334,17,1,0.964497041420118,0.951566951566952,0.993589743589744,0.997014925373134,0.951566951566952,0.973760932944606,"IRT",287,662,39,5,0.955689828801611,0.944365192582026,0.982876712328767,0.992503748125937,0.944365192582026,0.967836257309941
2000,1000,80,0.3,0.05,"a",FALSE,0.5,0,924,"11, 65, 53, 47","rf_probs",0,371,681,448,0.247333333333333,0.352661596958175,0,0.452991452991453,0.352661596958175,0.396579369321219,"rf_probs",0,123,228,156,0.242603550295858,0.35042735042735,0,0.440860215053763,0.35042735042735,0.390476190476191,"rf_probs",0,248,453,292,0.249748237663646,0.353780313837375,0,0.459259259259259,0.353780313837375,0.399677679290894
2000,1000,80,0.3,0.05,"a",FALSE,0.5,0,924,"11, 65, 53, 47","rf_class",434,1009,43,14,0.962,0.959125475285171,0.96875,0.986314760508309,0.959125475285171,0.972530120481928,"rf_class",151,335,16,5,0.958579881656805,0.954415954415954,0.967948717948718,0.985294117647059,0.954415954415954,0.969609261939219,"rf_class",283,674,27,9,0.963746223564955,0.961483594864479,0.969178082191781,0.986822840409956,0.961483594864479,0.973988439306358
2000,1000,80,0.3,0.05,"a",FALSE,0.5,0,925,"10, 18, 61, 66","IRT",434,1001,48,17,0.956666666666667,0.954242135367016,0.962305986696231,0.983300589390963,0.954242135367016,0.968553459119497,"IRT",153,326,15,7,0.956087824351297,0.956011730205279,0.95625,0.978978978978979,0.956011730205279,0.967359050445104,"IRT",281,675,33,10,0.956956956956957,0.953389830508475,0.965635738831615,0.985401459854015,0.953389830508475,0.969131371141421
2000,1000,80,0.3,0.05,"a",FALSE,0.5,0,925,"10, 18, 61, 66","rf_probs",0,370,679,451,0.246666666666667,0.352716873212583,0,0.450669914738124,0.352716873212583,0.39572192513369,"rf_probs",0,127,214,160,0.253493013972056,0.372434017595308,0,0.442508710801394,0.372434017595308,0.404458598726115,"rf_probs",0,243,465,291,0.243243243243243,0.343220338983051,0,0.455056179775281,0.343220338983051,0.391304347826087
2000,1000,80,0.3,0.05,"a",FALSE,0.5,0,925,"10, 18, 61, 66","rf_class",421,1006,43,30,0.951333333333333,0.959008579599619,0.933481152993348,0.971042471042471,0.959008579599619,0.964988009592326,"rf_class",150,325,16,10,0.94810379241517,0.953079178885631,0.9375,0.970149253731343,0.953079178885631,0.961538461538462,"rf_class",271,681,27,20,0.952952952952953,0.961864406779661,0.93127147766323,0.971469329529244,0.961864406779661,0.966643009226402
2000,1000,80,0.3,0.05,"a",FALSE,0.5,0,926,"67, 65, 40, 33","IRT",425,1023,38,14,0.965333333333333,0.964184731385485,0.968109339407745,0.986499517839923,0.964184731385485,0.975214489990467,"IRT",140,336,15,3,0.963562753036437,0.957264957264957,0.979020979020979,0.991150442477876,0.957264957264957,0.973913043478261,"IRT",285,687,23,11,0.966202783300199,0.967605633802817,0.962837837837838,0.984240687679083,0.967605633802817,0.975852272727273
2000,1000,80,0.3,0.05,"a",FALSE,0.5,0,926,"67, 65, 40, 33","rf_probs",0,399,662,439,0.266,0.376060320452403,0,0.476133651551313,0.376060320452403,0.420221169036335,"rf_probs",0,128,223,143,0.259109311740891,0.364672364672365,0,0.472324723247232,0.364672364672365,0.411575562700965,"rf_probs",0,271,439,296,0.269383697813121,0.38169014084507,0,0.477954144620811,0.38169014084507,0.42443226311668
2000,1000,80,0.3,0.05,"a",FALSE,0.5,0,926,"67, 65, 40, 33","rf_class",414,1025,36,25,0.959333333333333,0.966069745523091,0.943052391799544,0.976190476190476,0.966069745523091,0.971103742302226,"rf_class",138,334,17,5,0.955465587044534,0.951566951566952,0.965034965034965,0.985250737463127,0.951566951566952,0.968115942028986,"rf_class",276,691,19,20,0.961232604373757,0.973239436619718,0.932432432432432,0.971870604781997,0.973239436619718,0.972554539057002
2000,1000,80,0.3,0.05,"a",FALSE,0.5,0,927,"54, 20, 41, 6","IRT",444,1008,29,19,0.968,0.972034715525555,0.958963282937365,0.981499513145083,0.972034715525555,0.976744186046512,"IRT",137,349,13,5,0.964285714285714,0.964088397790055,0.964788732394366,0.985875706214689,0.964088397790055,0.974860335195531,"IRT",307,659,16,14,0.969879518072289,0.976296296296296,0.956386292834891,0.979197622585438,0.976296296296296,0.977744807121662
2000,1000,80,0.3,0.05,"a",FALSE,0.5,0,927,"54, 20, 41, 6","rf_probs",0,356,681,463,0.237333333333333,0.343297974927676,0,0.434676434676435,0.343297974927676,0.383620689655172,"rf_probs",0,138,224,142,0.273809523809524,0.38121546961326,0,0.492857142857143,0.38121546961326,0.429906542056075,"rf_probs",0,218,457,321,0.218875502008032,0.322962962962963,0,0.404452690166976,0.322962962962963,0.359143327841845
2000,1000,80,0.3,0.05,"a",FALSE,0.5,0,927,"54, 20, 41, 6","rf_class",433,1008,29,30,0.960666666666667,0.972034715525555,0.935205183585313,0.971098265895954,0.972034715525555,0.971566265060241,"rf_class",134,348,14,8,0.956349206349206,0.961325966850829,0.943661971830986,0.97752808988764,0.961325966850829,0.969359331476323,"rf_class",299,660,15,22,0.96285140562249,0.977777777777778,0.931464174454829,0.967741935483871,0.977777777777778,0.972733971997052
2000,1000,80,0.3,0.05,"a",FALSE,0.5,0,928,"19, 56, 20, 44","IRT",435,1016,37,12,0.967333333333333,0.964862298195632,0.973154362416107,0.988326848249027,0.964862298195632,0.976453628063431,"IRT",142,330,14,3,0.965235173824131,0.959302325581395,0.979310344827586,0.990990990990991,0.959302325581395,0.974889217134417,"IRT",293,686,23,9,0.968348170128586,0.967559943582511,0.970198675496689,0.98705035971223,0.967559943582511,0.977207977207977
2000,1000,80,0.3,0.05,"a",FALSE,0.5,0,928,"19, 56, 20, 44","rf_probs",0,355,698,447,0.236666666666667,0.33713200379867,0,0.442643391521197,0.33713200379867,0.382749326145553,"rf_probs",0,100,244,145,0.204498977505112,0.290697674418605,0,0.408163265306122,0.290697674418605,0.33955857385399,"rf_probs",0,255,454,302,0.252225519287834,0.35966149506347,0,0.457809694793537,0.35966149506347,0.402843601895735
2000,1000,80,0.3,0.05,"a",FALSE,0.5,0,928,"19, 56, 20, 44","rf_class",420,1017,36,27,0.958,0.965811965811966,0.939597315436242,0.974137931034483,0.965811965811966,0.969957081545064,"rf_class",137,332,12,8,0.959100204498977,0.965116279069767,0.944827586206897,0.976470588235294,0.965116279069767,0.970760233918129,"rf_class",283,685,24,19,0.957467853610287,0.966149506346968,0.937086092715232,0.973011363636364,0.966149506346968,0.969568294409059
2000,1000,80,0.3,0.05,"a",FALSE,0.5,0,929,"74, 26, 45, 27","IRT",431,990,70,9,0.947333333333333,0.933962264150943,0.979545454545454,0.990990990990991,0.933962264150943,0.961631860126275,"IRT",133,322,20,2,0.953878406708595,0.941520467836257,0.985185185185185,0.993827160493827,0.941520467836257,0.966966966966967,"IRT",298,668,50,7,0.944281524926686,0.930362116991644,0.977049180327869,0.98962962962963,0.930362116991644,0.95908111988514
2000,1000,80,0.3,0.05,"a",FALSE,0.5,0,929,"74, 26, 45, 27","rf_probs",0,387,673,440,0.258,0.365094339622641,0,0.467956469165659,0.365094339622641,0.410174880763116,"rf_probs",0,124,218,135,0.259958071278826,0.362573099415205,0,0.478764478764479,0.362573099415205,0.412645590682196,"rf_probs",0,263,455,305,0.257086999022483,0.366295264623955,0,0.463028169014085,0.366295264623955,0.409020217729394
2000,1000,80,0.3,0.05,"a",FALSE,0.5,0,929,"74, 26, 45, 27","rf_class",420,1008,52,20,0.952,0.950943396226415,0.954545454545455,0.980544747081712,0.950943396226415,0.96551724137931,"rf_class",129,328,14,6,0.958071278825996,0.95906432748538,0.955555555555556,0.982035928143713,0.95906432748538,0.970414201183432,"rf_class",291,680,38,14,0.949169110459433,0.947075208913649,0.954098360655738,0.979827089337176,0.947075208913649,0.963172804532578
2000,1000,80,0.3,0.05,"a",FALSE,0.5,0,930,"14, 15, 46, 9","IRT",426,1013,53,8,0.959333333333333,0.950281425891182,0.981566820276498,0.992164544564153,0.950281425891182,0.970771442261619,"IRT",131,329,23,3,0.946502057613169,0.934659090909091,0.977611940298508,0.990963855421687,0.934659090909091,0.961988304093567,"IRT",295,684,30,5,0.965483234714004,0.957983193277311,0.983333333333333,0.992743105950653,0.957983193277311,0.975053456878118
2000,1000,80,0.3,0.05,"a",FALSE,0.5,0,930,"14, 15, 46, 9","rf_probs",0,402,664,434,0.268,0.377110694183865,0,0.480861244019139,0.377110694183865,0.422712933753943,"rf_probs",0,132,220,134,0.271604938271605,0.375,0,0.496240601503759,0.375,0.427184466019417,"rf_probs",0,270,444,300,0.266272189349112,0.378151260504202,0,0.473684210526316,0.378151260504202,0.420560747663551
2000,1000,80,0.3,0.05,"a",FALSE,0.5,0,930,"14, 15, 46, 9","rf_class",417,1025,41,17,0.961333333333333,0.961538461538462,0.960829493087558,0.983685220729367,0.961538461538462,0.972485768500949,"rf_class",128,336,16,6,0.954732510288066,0.954545454545455,0.955223880597015,0.982456140350877,0.954545454545455,0.968299711815562,"rf_class",289,689,25,11,0.964497041420118,0.964985994397759,0.963333333333333,0.984285714285714,0.964985994397759,0.974540311173975
2000,1000,80,0.3,0.05,"a",FALSE,0.5,0,931,"73, 62, 3, 61","IRT",435,1006,46,13,0.960666666666667,0.956273764258555,0.970982142857143,0.987242394504416,0.956273764258555,0.971511347175278,"IRT",141,333,14,5,0.961460446247465,0.959654178674352,0.965753424657534,0.985207100591716,0.959654178674352,0.972262773722628,"IRT",294,673,32,8,0.960278053624628,0.954609929078014,0.973509933774834,0.988252569750367,0.954609929078014,0.971139971139971
2000,1000,80,0.3,0.05,"a",FALSE,0.5,0,931,"73, 62, 3, 61","rf_probs",0,357,695,448,0.238,0.3393536121673,0,0.443478260869565,0.3393536121673,0.384491114701131,"rf_probs",0,117,230,146,0.237322515212982,0.337175792507205,0,0.444866920152091,0.337175792507205,0.383606557377049,"rf_probs",0,240,465,302,0.238331678252234,0.340425531914894,0,0.44280442804428,0.340425531914894,0.384923817161187
2000,1000,80,0.3,0.05,"a",FALSE,0.5,0,931,"73, 62, 3, 61","rf_class",427,1004,48,21,0.954,0.954372623574145,0.953125,0.979512195121951,0.954372623574145,0.966779008184882,"rf_class",139,328,19,7,0.947261663286004,0.945244956772334,0.952054794520548,0.97910447761194,0.945244956772334,0.961876832844575,"rf_class",288,676,29,14,0.957298907646475,0.95886524822695,0.95364238410596,0.979710144927536,0.95886524822695,0.969175627240144
2000,1000,80,0.3,0.05,"a",FALSE,0.5,0,932,"13, 10, 71, 61","IRT",425,1017,39,19,0.961333333333333,0.963068181818182,0.957207207207207,0.981660231660232,0.963068181818182,0.972275334608031,"IRT",145,343,10,9,0.962524654832347,0.971671388101983,0.941558441558442,0.974431818181818,0.971671388101983,0.973049645390071,"IRT",280,674,29,10,0.960725075528701,0.958748221906117,0.96551724137931,0.985380116959064,0.958748221906117,0.971881759192502
2000,1000,80,0.3,0.05,"a",FALSE,0.5,0,932,"13, 10, 71, 61","rf_probs",0,364,692,444,0.242666666666667,0.34469696969697,0,0.450495049504951,0.34469696969697,0.390557939914163,"rf_probs",0,118,235,154,0.232741617357002,0.334277620396601,0,0.433823529411765,0.334277620396601,0.3776,"rf_probs",0,246,457,290,0.24773413897281,0.349928876244666,0,0.458955223880597,0.349928876244666,0.397094430992736
2000,1000,80,0.3,0.05,"a",FALSE,0.5,0,932,"13, 10, 71, 61","rf_class",421,1018,38,23,0.959333333333333,0.964015151515151,0.948198198198198,0.97790585975024,0.964015151515151,0.970910824988078,"rf_class",143,343,10,11,0.958579881656805,0.971671388101983,0.928571428571429,0.968926553672316,0.971671388101983,0.97029702970297,"rf_class",278,675,28,12,0.959718026183283,0.960170697012802,0.958620689655172,0.982532751091703,0.960170697012802,0.971223021582734
2000,1000,80,0.3,0.05,"a",FALSE,0.5,0,933,"27, 67, 15, 3","IRT",429,1019,39,13,0.965333333333333,0.963137996219282,0.970588235294118,0.987403100775194,0.963137996219282,0.97511961722488,"IRT",160,349,8,2,0.980732177263969,0.977591036414566,0.987654320987654,0.994301994301994,0.977591036414566,0.985875706214689,"IRT",269,670,31,11,0.957186544342508,0.955777460770328,0.960714285714286,0.983847283406755,0.955777460770328,0.969609261939218
2000,1000,80,0.3,0.05,"a",FALSE,0.5,0,933,"27, 67, 15, 3","rf_probs",0,361,697,442,0.240666666666667,0.341209829867675,0,0.449564134495641,0.341209829867675,0.387963460505105,"rf_probs",0,115,242,162,0.221579961464355,0.322128851540616,0,0.415162454873646,0.322128851540616,0.362776025236593,"rf_probs",0,246,455,280,0.250764525993884,0.3509272467903,0,0.467680608365019,0.3509272467903,0.400977995110024
2000,1000,80,0.3,0.05,"a",FALSE,0.5,0,933,"27, 67, 15, 3","rf_class",422,1018,40,20,0.96,0.962192816635161,0.95475113122172,0.980732177263969,0.962192816635161,0.971374045801527,"rf_class",156,347,10,6,0.969171483622351,0.971988795518207,0.962962962962963,0.98300283286119,0.971988795518207,0.977464788732394,"rf_class",266,671,30,14,0.955147808358818,0.957203994293866,0.95,0.97956204379562,0.957203994293866,0.968253968253968
2000,1000,80,0.3,0.05,"a",FALSE,0.5,0,934,"57, 62, 5, 59","IRT",462,992,35,11,0.969333333333333,0.965920155793573,0.976744186046512,0.989032901296112,0.965920155793573,0.977339901477832,"IRT",140,333,14,2,0.967280163599182,0.959654178674352,0.985915492957746,0.994029850746269,0.959654178674352,0.976539589442815,"IRT",322,659,21,9,0.970326409495549,0.969117647058824,0.972809667673716,0.986526946107784,0.969117647058824,0.977744807121662
2000,1000,80,0.3,0.05,"a",FALSE,0.5,0,934,"57, 62, 5, 59","rf_probs",0,353,674,473,0.235333333333333,0.343719571567673,0,0.427360774818402,0.343719571567673,0.381003777657852,"rf_probs",0,123,224,142,0.251533742331288,0.354466858789625,0,0.464150943396226,0.354466858789625,0.401960784313726,"rf_probs",0,230,450,331,0.227497527200791,0.338235294117647,0,0.409982174688057,0.338235294117647,0.370668815471394
2000,1000,80,0.3,0.05,"a",FALSE,0.5,0,934,"57, 62, 5, 59","rf_class",445,993,34,28,0.958666666666667,0.966893865628043,0.940803382663848,0.972575905974535,0.966893865628043,0.9697265625,"rf_class",136,334,13,6,0.961145194274029,0.962536023054755,0.957746478873239,0.982352941176471,0.962536023054755,0.972343522561863,"rf_class",309,659,21,22,0.957467853610287,0.969117647058824,0.933534743202417,0.96769456681351,0.969117647058824,0.968405584129317
2000,1000,80,0.3,0.05,"a",FALSE,0.5,0,935,"28, 66, 22, 2","IRT",458,987,40,15,0.963333333333333,0.961051606621227,0.968287526427061,0.985029940119761,0.961051606621227,0.972893050763923,"IRT",146,351,17,5,0.957610789980732,0.953804347826087,0.966887417218543,0.985955056179775,0.953804347826087,0.969613259668508,"IRT",312,636,23,10,0.966360856269113,0.965098634294385,0.968944099378882,0.984520123839009,0.965098634294385,0.974712643678161
2000,1000,80,0.3,0.05,"a",FALSE,0.5,0,935,"28, 66, 22, 2","rf_probs",0,320,707,473,0.213333333333333,0.311587147030185,0,0.403530895334174,0.311587147030185,0.351648351648352,"rf_probs",0,105,263,151,0.202312138728324,0.285326086956522,0,0.41015625,0.285326086956522,0.336538461538462,"rf_probs",0,215,444,322,0.219164118246687,0.326251896813354,0,0.400372439478585,0.326251896813354,0.359531772575251
2000,1000,80,0.3,0.05,"a",FALSE,0.5,0,935,"28, 66, 22, 2","rf_class",434,997,30,39,0.954,0.97078870496592,0.917547568710359,0.962355212355212,0.97078870496592,0.966553562772661,"rf_class",139,354,14,12,0.94990366088632,0.96195652173913,0.920529801324503,0.967213114754098,0.96195652173913,0.964577656675749,"rf_class",295,643,16,27,0.956167176350663,0.975720789074355,0.916149068322981,0.959701492537313,0.975720789074355,0.967644845748683
2000,1000,80,0.3,0.05,"a",FALSE,0.5,0,936,"77, 33, 5, 67","IRT",452,981,60,7,0.955333333333333,0.942363112391931,0.984749455337691,0.992914979757085,0.942363112391931,0.966978807294234,"IRT",158,327,16,3,0.962301587301587,0.9533527696793,0.981366459627329,0.990909090909091,0.9533527696793,0.971768202080238,"IRT",294,654,44,4,0.951807228915663,0.936962750716332,0.986577181208054,0.993920972644377,0.936962750716332,0.964601769911504
2000,1000,80,0.3,0.05,"a",FALSE,0.5,0,936,"77, 33, 5, 67","rf_probs",0,343,698,459,0.228666666666667,0.329490874159462,0,0.427680798004988,0.329490874159462,0.372219207813348,"rf_probs",0,109,234,161,0.216269841269841,0.317784256559767,0,0.403703703703704,0.317784256559767,0.355628058727569,"rf_probs",0,234,464,298,0.234939759036145,0.335243553008596,0,0.43984962406015,0.335243553008596,0.380487804878049
2000,1000,80,0.3,0.05,"a",FALSE,0.5,0,936,"77, 33, 5, 67","rf_class",439,1004,37,20,0.962,0.964457252641691,0.956427015250545,0.98046875,0.964457252641691,0.972397094430993,"rf_class",154,336,7,7,0.972222222222222,0.979591836734694,0.956521739130435,0.979591836734694,0.979591836734694,0.979591836734694,"rf_class",285,668,30,13,0.956827309236948,0.95702005730659,0.956375838926175,0.980910425844347,0.95702005730659,0.96881798404641
2000,1000,80,0.3,0.05,"a",FALSE,0.5,0,937,"29, 21, 67, 47","IRT",450,1001,34,15,0.967333333333333,0.967149758454106,0.967741935483871,0.985236220472441,0.967149758454106,0.976109215017065,"IRT",166,317,15,5,0.960238568588469,0.954819277108434,0.970760233918129,0.984472049689441,0.954819277108434,0.969418960244648,"IRT",284,684,19,10,0.970912738214644,0.972972972972973,0.965986394557823,0.985590778097983,0.972972972972973,0.979241231209735
2000,1000,80,0.3,0.05,"a",FALSE,0.5,0,937,"29, 21, 67, 47","rf_probs",0,357,678,465,0.238,0.344927536231884,0,0.434306569343066,0.344927536231884,0.384491114701131,"rf_probs",0,117,215,171,0.232604373757455,0.352409638554217,0,0.40625,0.352409638554217,0.37741935483871,"rf_probs",0,240,463,294,0.240722166499498,0.341394025604552,0,0.449438202247191,0.341394025604552,0.388035569927243
2000,1000,80,0.3,0.05,"a",FALSE,0.5,0,937,"29, 21, 67, 47","rf_class",446,1002,33,19,0.965333333333333,0.968115942028986,0.959139784946237,0.981390793339863,0.968115942028986,0.974708171206226,"rf_class",167,318,14,4,0.964214711729622,0.957831325301205,0.976608187134503,0.987577639751553,0.957831325301205,0.972477064220183,"rf_class",279,684,19,15,0.965897693079238,0.972972972972973,0.948979591836735,0.978540772532189,0.972972972972973,0.975748930099857
2000,1000,80,0.3,0.05,"a",FALSE,0.5,0,938,"58, 77, 78, 23","IRT",430,1022,35,13,0.968,0.966887417218543,0.970654627539503,0.98743961352657,0.966887417218543,0.977055449330784,"IRT",159,337,12,4,0.96875,0.965616045845272,0.975460122699387,0.988269794721408,0.965616045845272,0.976811594202899,"IRT",271,685,23,9,0.967611336032389,0.967514124293785,0.967857142857143,0.987031700288184,0.967514124293785,0.977175463623395
2000,1000,80,0.3,0.05,"a",FALSE,0.5,0,938,"58, 77, 78, 23","rf_probs",0,439,618,443,0.292666666666667,0.415326395458846,0,0.497732426303855,0.415326395458846,0.452810727178958,"rf_probs",0,148,201,163,0.2890625,0.424068767908309,0,0.47588424437299,0.424068767908309,0.448484848484848,"rf_probs",0,291,417,280,0.294534412955466,0.411016949152542,0,0.509632224168126,0.411016949152542,0.455043002345582
2000,1000,80,0.3,0.05,"a",FALSE,0.5,0,938,"58, 77, 78, 23","rf_class",424,1015,42,19,0.959333333333333,0.960264900662252,0.957110609480813,0.981624758220503,0.960264900662252,0.970827355332377,"rf_class",159,336,13,4,0.966796875,0.962750716332378,0.975460122699387,0.988235294117647,0.962750716332378,0.975326560232221,"rf_class",265,679,29,15,0.955465587044534,0.959039548022599,0.946428571428571,0.978386167146974,0.959039548022599,0.968616262482168
2000,1000,80,0.3,0.05,"a",FALSE,0.5,0,939,"54, 73, 9, 5","IRT",434,984,81,1,0.945333333333333,0.923943661971831,0.997701149425287,0.998984771573604,0.923943661971831,0.96,"IRT",148,329,26,0,0.94831013916501,0.926760563380282,1,1,0.926760563380282,0.961988304093567,"IRT",286,655,55,1,0.94383149448345,0.922535211267606,0.996515679442509,0.998475609756098,0.922535211267606,0.95900439238653
2000,1000,80,0.3,0.05,"a",FALSE,0.5,0,939,"54, 73, 9, 5","rf_probs",0,391,674,435,0.260666666666667,0.367136150234742,0,0.473365617433414,0.367136150234742,0.413537810682179,"rf_probs",0,121,234,148,0.240556660039761,0.340845070422535,0,0.449814126394052,0.340845070422535,0.387820512820513,"rf_probs",0,270,440,287,0.270812437311936,0.380281690140845,0,0.484739676840215,0.380281690140845,0.42620363062352
2000,1000,80,0.3,0.05,"a",FALSE,0.5,0,939,"54, 73, 9, 5","rf_class",420,1031,34,15,0.967333333333333,0.968075117370892,0.96551724137931,0.98565965583174,0.968075117370892,0.976788252013264,"rf_class",145,339,16,3,0.962226640159046,0.954929577464789,0.97972972972973,0.991228070175439,0.954929577464789,0.972740315638451,"rf_class",275,692,18,12,0.969909729187563,0.974647887323944,0.958188153310105,0.982954545454545,0.974647887323944,0.978783592644979
2000,1000,80,0.3,0.05,"a",FALSE,0.5,0,940,"17, 23, 28, 3","IRT",458,992,38,12,0.966666666666667,0.963106796116505,0.974468085106383,0.98804780876494,0.963106796116505,0.975417895771878,"IRT",175,331,9,5,0.973076923076923,0.973529411764706,0.972222222222222,0.985119047619048,0.973529411764706,0.979289940828402,"IRT",283,661,29,7,0.963265306122449,0.957971014492754,0.975862068965517,0.989520958083832,0.957971014492754,0.973490427098675
2000,1000,80,0.3,0.05,"a",FALSE,0.5,0,940,"17, 23, 28, 3","rf_probs",0,341,689,470,0.227333333333333,0.331067961165049,0,0.420468557336621,0.331067961165049,0.370450841933732,"rf_probs",0,98,242,180,0.188461538461538,0.288235294117647,0,0.352517985611511,0.288235294117647,0.317152103559871,"rf_probs",0,243,447,290,0.247959183673469,0.352173913043478,0,0.455909943714822,0.352173913043478,0.39738348323794
2000,1000,80,0.3,0.05,"a",FALSE,0.5,0,940,"17, 23, 28, 3","rf_class",447,996,34,23,0.962,0.966990291262136,0.951063829787234,0.977428851815505,0.966990291262136,0.972181551976574,"rf_class",174,330,10,6,0.969230769230769,0.970588235294118,0.966666666666667,0.982142857142857,0.970588235294118,0.976331360946746,"rf_class",273,666,24,17,0.958163265306123,0.965217391304348,0.941379310344828,0.97510980966325,0.965217391304348,0.970138383102695
2000,1000,80,0.3,0.05,"a",FALSE,0.5,0,941,"38, 64, 55, 7","IRT",438,999,53,10,0.958,0.949619771863118,0.977678571428571,0.990089197224975,0.949619771863118,0.96943231441048,"IRT",125,349,13,3,0.96734693877551,0.964088397790055,0.9765625,0.991477272727273,0.964088397790055,0.977591036414566,"IRT",313,650,40,7,0.953465346534653,0.942028985507246,0.978125,0.989345509893455,0.942028985507246,0.965107646622123
2000,1000,80,0.3,0.05,"a",FALSE,0.5,0,941,"38, 64, 55, 7","rf_probs",0,358,694,448,0.238666666666667,0.340304182509506,0,0.444168734491315,0.340304182509506,0.385360602798708,"rf_probs",0,115,247,128,0.23469387755102,0.31767955801105,0,0.473251028806584,0.31767955801105,0.380165289256198,"rf_probs",0,243,447,320,0.240594059405941,0.352173913043478,0,0.431616341030195,0.352173913043478,0.387869114126097
2000,1000,80,0.3,0.05,"a",FALSE,0.5,0,941,"38, 64, 55, 7","rf_class",432,1006,46,16,0.958666666666667,0.956273764258555,0.964285714285714,0.984344422700587,0.956273764258555,0.970106075216972,"rf_class",123,348,14,5,0.961224489795918,0.961325966850829,0.9609375,0.985835694050991,0.961325966850829,0.973426573426573,"rf_class",309,658,32,11,0.957425742574257,0.953623188405797,0.965625,0.98355754857997,0.953623188405797,0.968359087564386
2000,1000,80,0.3,0.05,"a",FALSE,0.5,0,942,"54, 16, 74, 28","IRT",455,978,51,16,0.955333333333333,0.950437317784257,0.966029723991507,0.983903420523139,0.950437317784257,0.966880869995057,"IRT",156,340,18,7,0.952015355086372,0.949720670391061,0.957055214723926,0.979827089337176,0.949720670391061,0.964539007092199,"IRT",299,638,33,9,0.957099080694586,0.950819672131147,0.970779220779221,0.986089644513138,0.950819672131147,0.968133535660091
2000,1000,80,0.3,0.05,"a",FALSE,0.5,0,942,"54, 16, 74, 28","rf_probs",0,343,686,471,0.228666666666667,0.333333333333333,0,0.421375921375921,0.333333333333333,0.372219207813348,"rf_probs",0,129,229,163,0.247600767754319,0.360335195530726,0,0.441780821917808,0.360335195530726,0.396923076923077,"rf_probs",0,214,457,308,0.218590398365679,0.31892697466468,0,0.409961685823755,0.31892697466468,0.358759430008382
2000,1000,80,0.3,0.05,"a",FALSE,0.5,0,942,"54, 16, 74, 28","rf_class",443,994,35,28,0.958,0.965986394557823,0.940552016985138,0.972602739726027,0.965986394557823,0.969283276450512,"rf_class",151,346,12,12,0.953934740882918,0.966480446927374,0.926380368098159,0.966480446927374,0.966480446927374,0.966480446927374,"rf_class",292,648,23,16,0.960163432073544,0.965722801788376,0.948051948051948,0.975903614457831,0.965722801788376,0.970786516853933
2000,1000,80,0.3,0.05,"a",FALSE,0.5,0,943,"59, 21, 80, 67","IRT",444,980,71,5,0.949333333333333,0.93244529019981,0.988864142538975,0.99492385786802,0.93244529019981,0.962671905697446,"IRT",168,310,26,0,0.948412698412698,0.922619047619048,1,1,0.922619047619048,0.959752321981424,"IRT",276,670,45,5,0.949799196787149,0.937062937062937,0.98220640569395,0.992592592592593,0.937062937062937,0.964028776978417
2000,1000,80,0.3,0.05,"a",FALSE,0.5,0,943,"59, 21, 80, 67","rf_probs",0,349,702,449,0.232666666666667,0.332064700285442,0,0.43734335839599,0.332064700285442,0.377501352082207,"rf_probs",0,106,230,168,0.21031746031746,0.31547619047619,0,0.386861313868613,0.31547619047619,0.347540983606557,"rf_probs",0,243,472,281,0.243975903614458,0.33986013986014,0,0.463740458015267,0.33986013986014,0.39225181598063
2000,1000,80,0.3,0.05,"a",FALSE,0.5,0,943,"59, 21, 80, 67","rf_class",419,1018,33,30,0.958,0.9686013320647,0.933184855233853,0.971374045801527,0.9686013320647,0.969985707479752,"rf_class",159,320,16,9,0.950396825396825,0.952380952380952,0.946428571428571,0.972644376899696,0.952380952380952,0.962406015037594,"rf_class",260,698,17,21,0.961847389558233,0.976223776223776,0.925266903914591,0.970792767732962,0.976223776223776,0.97350069735007
2000,1000,80,0.3,0.05,"a",FALSE,0.5,0,944,"26, 58, 22, 15","IRT",433,997,61,9,0.953333333333333,0.94234404536862,0.979638009049774,0.991053677932406,0.94234404536862,0.96608527131783,"IRT",148,326,25,3,0.944223107569721,0.928774928774929,0.980132450331126,0.990881458966565,0.928774928774929,0.958823529411765,"IRT",285,671,36,6,0.957915831663327,0.949080622347949,0.979381443298969,0.991137370753324,0.949080622347949,0.969653179190751
2000,1000,80,0.3,0.05,"a",FALSE,0.5,0,944,"26, 58, 22, 15","rf_probs",0,347,711,442,0.231333333333333,0.327977315689981,0,0.43979721166033,0.327977315689981,0.375744450460206,"rf_probs",0,109,242,151,0.217131474103586,0.310541310541311,0,0.419230769230769,0.310541310541311,0.356792144026187,"rf_probs",0,238,469,291,0.238476953907816,0.336633663366337,0,0.449905482041588,0.336633663366337,0.385113268608414
2000,1000,80,0.3,0.05,"a",FALSE,0.5,0,944,"26, 58, 22, 15","rf_class",417,1023,35,25,0.96,0.966918714555766,0.943438914027149,0.976145038167939,0.966918714555766,0.971509971509971,"rf_class",143,338,13,8,0.958167330677291,0.962962962962963,0.947019867549669,0.976878612716763,0.962962962962963,0.96987087517934,"rf_class",274,685,22,17,0.960921843687375,0.968882602545969,0.941580756013746,0.975783475783476,0.968882602545969,0.972320794889993
2000,1000,80,0.3,0.05,"a",FALSE,0.5,0,945,"13, 46, 36, 76","IRT",431,1010,26,33,0.960666666666667,0.974903474903475,0.928879310344828,0.968360498561841,0.974903474903475,0.971620971620972,"IRT",141,343,8,10,0.964143426294821,0.977207977207977,0.933774834437086,0.971671388101983,0.977207977207977,0.974431818181818,"IRT",290,667,18,23,0.958917835671343,0.973722627737226,0.926517571884984,0.966666666666667,0.973722627737226,0.970181818181818
2000,1000,80,0.3,0.05,"a",FALSE,0.5,0,945,"13, 46, 36, 76","rf_probs",0,367,669,464,0.244666666666667,0.354247104247104,0,0.441636582430806,0.354247104247104,0.393144081414033,"rf_probs",0,113,238,151,0.225099601593625,0.321937321937322,0,0.428030303030303,0.321937321937322,0.367479674796748,"rf_probs",0,254,431,313,0.254509018036072,0.370802919708029,0,0.447971781305115,0.370802919708029,0.405750798722045
2000,1000,80,0.3,0.05,"a",FALSE,0.5,0,945,"13, 46, 36, 76","rf_class",435,998,38,29,0.955333333333333,0.963320463320463,0.9375,0.971762414800389,0.963320463320463,0.96752302472128,"rf_class",141,341,10,10,0.960159362549801,0.971509971509972,0.933774834437086,0.971509971509972,0.971509971509972,0.971509971509972,"rf_class",294,657,28,19,0.952905811623247,0.959124087591241,0.939297124600639,0.97189349112426,0.959124087591241,0.965466568699486
2000,1000,80,0.3,0.05,"a",FALSE,0.5,0,946,"33, 76, 60, 80","IRT",432,1008,52,8,0.96,0.950943396226415,0.981818181818182,0.992125984251969,0.950943396226415,0.971098265895954,"IRT",147,315,16,3,0.960498960498961,0.95166163141994,0.98,0.990566037735849,0.95166163141994,0.970724191063174,"IRT",285,693,36,5,0.959764474975466,0.950617283950617,0.982758620689655,0.992836676217765,0.950617283950617,0.971268395234758
2000,1000,80,0.3,0.05,"a",FALSE,0.5,0,946,"33, 76, 60, 80","rf_probs",0,437,623,440,0.291333333333333,0.412264150943396,0,0.498289623717218,0.412264150943396,0.451213216313887,"rf_probs",0,136,195,150,0.282744282744283,0.410876132930514,0,0.475524475524476,0.410876132930514,0.440842787682334,"rf_probs",0,301,428,290,0.295387634936212,0.412894375857339,0,0.509306260575296,0.412894375857339,0.456060606060606
2000,1000,80,0.3,0.05,"a",FALSE,0.5,0,946,"33, 76, 60, 80","rf_class",420,1018,42,20,0.958666666666667,0.960377358490566,0.954545454545455,0.980732177263969,0.960377358490566,0.970448045757865,"rf_class",141,317,14,9,0.952182952182952,0.957703927492447,0.94,0.97239263803681,0.957703927492447,0.964992389649924,"rf_class",279,701,28,11,0.961727183513248,0.96159122085048,0.962068965517241,0.984550561797753,0.96159122085048,0.97293546148508
2000,1000,80,0.3,0.05,"a",FALSE,0.5,0,947,"80, 41, 58, 69","IRT",452,996,43,9,0.965333333333333,0.958614051973051,0.980477223427332,0.991044776119403,0.958614051973051,0.974559686888454,"IRT",146,354,17,3,0.961538461538462,0.954177897574124,0.979865771812081,0.991596638655462,0.954177897574124,0.972527472527473,"IRT",306,642,26,6,0.96734693877551,0.961077844311377,0.980769230769231,0.990740740740741,0.961077844311377,0.975683890577508
2000,1000,80,0.3,0.05,"a",FALSE,0.5,0,947,"80, 41, 58, 69","rf_probs",0,351,688,461,0.234,0.337824831568816,0,0.432266009852217,0.337824831568816,0.379254457050243,"rf_probs",0,120,251,149,0.230769230769231,0.323450134770889,0,0.446096654275093,0.323450134770889,0.375,"rf_probs",0,231,437,312,0.235714285714286,0.345808383233533,0,0.425414364640884,0.345808383233533,0.38150289017341
2000,1000,80,0.3,0.05,"a",FALSE,0.5,0,947,"80, 41, 58, 69","rf_class",442,1006,33,19,0.965333333333333,0.968238691049086,0.958785249457701,0.981463414634146,0.968238691049086,0.974806201550388,"rf_class",145,360,11,4,0.971153846153846,0.970350404312669,0.973154362416107,0.989010989010989,0.970350404312669,0.979591836734694,"rf_class",297,646,22,15,0.962244897959184,0.967065868263473,0.951923076923077,0.977307110438729,0.967065868263473,0.972159518434913
2000,1000,80,0.3,0.05,"a",FALSE,0.5,0,948,"41, 19, 36, 13","IRT",454,994,21,31,0.965333333333333,0.979310344827586,0.936082474226804,0.969756097560976,0.979310344827586,0.974509803921569,"IRT",162,325,10,12,0.956777996070727,0.970149253731343,0.931034482758621,0.964391691394659,0.970149253731343,0.967261904761905,"IRT",292,669,11,19,0.969727547931382,0.983823529411765,0.938906752411576,0.972383720930233,0.983823529411765,0.978070175438596
2000,1000,80,0.3,0.05,"a",FALSE,0.5,0,948,"41, 19, 36, 13","rf_probs",0,328,687,485,0.218666666666667,0.323152709359606,0,0.403444034440344,0.323152709359606,0.358862144420131,"rf_probs",0,105,230,174,0.206286836935167,0.313432835820896,0,0.376344086021505,0.313432835820896,0.342019543973941,"rf_probs",0,223,457,311,0.225025227043391,0.327941176470588,0,0.417602996254682,0.327941176470588,0.367380560131796
2000,1000,80,0.3,0.05,"a",FALSE,0.5,0,948,"41, 19, 36, 13","rf_class",446,993,22,39,0.959333333333333,0.978325123152709,0.919587628865979,0.962209302325581,0.978325123152709,0.970200293111871,"rf_class",157,325,10,17,0.946954813359528,0.970149253731343,0.902298850574713,0.950292397660819,0.970149253731343,0.960118168389956,"rf_class",289,668,12,22,0.9656912209889,0.982352941176471,0.929260450160772,0.968115942028986,0.982352941176471,0.975182481751825
2000,1000,80,0.3,0.05,"a",FALSE,0.5,0,949,"9, 59, 61, 67","IRT",439,995,48,18,0.956,0.953978906999041,0.960612691466083,0.982230997038499,0.953978906999041,0.967898832684825,"IRT",143,311,18,4,0.953781512605042,0.945288753799392,0.972789115646258,0.987301587301587,0.945288753799392,0.96583850931677,"IRT",296,684,30,14,0.95703125,0.957983193277311,0.954838709677419,0.979942693409742,0.957983193277311,0.968838526912181
2000,1000,80,0.3,0.05,"a",FALSE,0.5,0,949,"9, 59, 61, 67","rf_probs",0,378,665,457,0.252,0.36241610738255,0,0.452694610778443,0.36241610738255,0.402555910543131,"rf_probs",0,119,210,147,0.25,0.361702127659574,0,0.447368421052632,0.361702127659574,0.4,"rf_probs",0,259,455,310,0.2529296875,0.362745098039216,0,0.45518453427065,0.362745098039216,0.403741231488698
2000,1000,80,0.3,0.05,"a",FALSE,0.5,0,949,"9, 59, 61, 67","rf_class",428,1004,39,29,0.954666666666667,0.962607861936721,0.936542669584245,0.971926427879961,0.962607861936721,0.967244701348748,"rf_class",143,314,15,4,0.960084033613445,0.954407294832827,0.972789115646258,0.987421383647799,0.954407294832827,0.970633693972179,"rf_class",285,690,24,25,0.9521484375,0.966386554621849,0.919354838709677,0.965034965034965,0.966386554621849,0.965710286913926
2000,1000,80,0.3,0.05,"a",FALSE,0.5,0,950,"69, 59, 27, 15","IRT",435,1008,49,8,0.962,0.95364238410596,0.981941309255079,0.992125984251969,0.95364238410596,0.972503617945007,"IRT",139,329,20,3,0.953156822810591,0.94269340974212,0.97887323943662,0.990963855421687,0.94269340974212,0.966226138032305,"IRT",296,679,29,5,0.966303270564916,0.959039548022599,0.983388704318937,0.992690058479532,0.959039548022599,0.975574712643678
2000,1000,80,0.3,0.05,"a",FALSE,0.5,0,950,"69, 59, 27, 15","rf_probs",0,387,670,443,0.258,0.366130558183538,0,0.466265060240964,0.366130558183538,0.410174880763116,"rf_probs",0,131,218,142,0.266802443991853,0.375358166189112,0,0.47985347985348,0.375358166189112,0.421221864951769,"rf_probs",0,256,452,301,0.253716551040634,0.361581920903955,0,0.459605026929982,0.361581920903955,0.404743083003953
2000,1000,80,0.3,0.05,"a",FALSE,0.5,0,950,"69, 59, 27, 15","rf_class",423,1023,34,20,0.964,0.967833491012299,0.954853273137698,0.980824544582934,0.967833491012299,0.974285714285714,"rf_class",135,334,15,7,0.955193482688391,0.95702005730659,0.950704225352113,0.979472140762463,0.95702005730659,0.968115942028986,"rf_class",288,689,19,13,0.968285431119921,0.97316384180791,0.956810631229236,0.981481481481482,0.97316384180791,0.977304964539007
2000,1000,80,0.3,0.05,"a",FALSE,0.5,0,951,"5, 75, 62, 38","IRT",421,1029,33,17,0.966666666666667,0.968926553672316,0.961187214611872,0.983747609942639,0.968926553672316,0.976280834914611,"IRT",138,334,11,6,0.965235173824131,0.968115942028986,0.958333333333333,0.982352941176471,0.968115942028986,0.975182481751825,"IRT",283,695,22,11,0.967359050445104,0.96931659693166,0.962585034013605,0.984419263456091,0.96931659693166,0.976809557273366
2000,1000,80,0.3,0.05,"a",FALSE,0.5,0,951,"5, 75, 62, 38","rf_probs",0,398,664,438,0.265333333333333,0.374764595103578,0,0.476076555023923,0.374764595103578,0.419388830347734,"rf_probs",0,136,209,144,0.278118609406953,0.394202898550725,0,0.485714285714286,0.394202898550725,0.4352,"rf_probs",0,262,455,294,0.259149357072206,0.365411436541144,0,0.471223021582734,0.365411436541144,0.411626080125687
2000,1000,80,0.3,0.05,"a",FALSE,0.5,0,951,"5, 75, 62, 38","rf_class",420,1022,40,18,0.961333333333333,0.962335216572505,0.958904109589041,0.982692307692308,0.962335216572505,0.972407231208373,"rf_class",140,329,16,4,0.959100204498977,0.953623188405797,0.972222222222222,0.987987987987988,0.953623188405797,0.970501474926254,"rf_class",280,693,24,14,0.962413452027695,0.96652719665272,0.952380952380952,0.98019801980198,0.96652719665272,0.973314606741573
2000,1000,80,0.3,0.05,"a",FALSE,0.5,0,952,"30, 16, 11, 59","IRT",432,1010,34,24,0.961333333333333,0.967432950191571,0.947368421052632,0.97678916827853,0.967432950191571,0.9720885466795,"IRT",145,350,8,13,0.959302325581395,0.977653631284916,0.917721518987342,0.964187327823691,0.977653631284916,0.970873786407767,"IRT",287,660,26,11,0.96239837398374,0.962099125364432,0.963087248322148,0.983606557377049,0.962099125364432,0.972733971997052
2000,1000,80,0.3,0.05,"a",FALSE,0.5,0,952,"30, 16, 11, 59","rf_probs",0,351,693,456,0.234,0.336206896551724,0,0.434944237918216,0.336206896551724,0.379254457050243,"rf_probs",0,110,248,158,0.213178294573643,0.307262569832402,0,0.41044776119403,0.307262569832402,0.351437699680511,"rf_probs",0,241,445,298,0.244918699186992,0.35131195335277,0,0.447124304267161,0.35131195335277,0.393469387755102
2000,1000,80,0.3,0.05,"a",FALSE,0.5,0,952,"30, 16, 11, 59","rf_class",436,1005,39,20,0.960666666666667,0.96264367816092,0.956140350877193,0.980487804878049,0.96264367816092,0.97148380860319,"rf_class",148,348,10,10,0.961240310077519,0.972067039106145,0.936708860759494,0.972067039106145,0.972067039106145,0.972067039106145,"rf_class",288,657,29,10,0.960365853658537,0.957725947521866,0.966442953020134,0.985007496251874,0.957725947521866,0.971175166297118
2000,1000,80,0.3,0.05,"a",FALSE,0.5,0,953,"72, 8, 73, 4","IRT",435,990,58,17,0.95,0.944656488549618,0.962389380530973,0.983118172790467,0.944656488549618,0.963503649635036,"IRT",140,335,22,3,0.95,0.938375350140056,0.979020979020979,0.99112426035503,0.938375350140056,0.964028776978417,"IRT",295,655,36,14,0.95,0.947901591895803,0.954692556634304,0.979073243647235,0.947901591895803,0.963235294117647
2000,1000,80,0.3,0.05,"a",FALSE,0.5,0,953,"72, 8, 73, 4","rf_probs",0,401,647,452,0.267333333333333,0.38263358778626,0,0.47010550996483,0.38263358778626,0.421883219358233,"rf_probs",0,140,217,143,0.28,0.392156862745098,0,0.49469964664311,0.392156862745098,0.4375,"rf_probs",0,261,430,309,0.261,0.377713458755427,0,0.457894736842105,0.377713458755427,0.413957176843775
2000,1000,80,0.3,0.05,"a",FALSE,0.5,0,953,"72, 8, 73, 4","rf_class",422,1000,48,30,0.948,0.954198473282443,0.933628318584071,0.970873786407767,0.954198473282443,0.962463907603465,"rf_class",136,338,19,7,0.948,0.946778711484594,0.951048951048951,0.979710144927536,0.946778711484594,0.962962962962963,"rf_class",286,662,29,23,0.948,0.958031837916064,0.925566343042071,0.966423357664234,0.958031837916064,0.962209302325581
2000,1000,80,0.3,0.05,"a",FALSE,0.5,0,954,"71, 13, 62, 54","IRT",470,947,77,6,0.944666666666667,0.9248046875,0.987394957983193,0.993704092339979,0.9248046875,0.958017197774406,"IRT",149,312,28,2,0.938900203665988,0.917647058823529,0.986754966887417,0.993630573248408,0.917647058823529,0.954128440366972,"IRT",321,635,49,4,0.947472745292369,0.928362573099415,0.987692307692308,0.993740219092332,0.928362573099415,0.959939531368103
2000,1000,80,0.3,0.05,"a",FALSE,0.5,0,954,"71, 13, 62, 54","rf_probs",0,361,663,476,0.240666666666667,0.3525390625,0,0.431302270011947,0.3525390625,0.387963460505105,"rf_probs",0,126,214,151,0.256619144602851,0.370588235294118,0,0.454873646209386,0.370588235294118,0.408427876823339,"rf_probs",0,235,449,325,0.232903865213082,0.343567251461988,0,0.419642857142857,0.343567251461988,0.377813504823151
2000,1000,80,0.3,0.05,"a",FALSE,0.5,0,954,"71, 13, 62, 54","rf_class",447,987,37,29,0.956,0.9638671875,0.939075630252101,0.971456692913386,0.9638671875,0.967647058823529,"rf_class",141,328,12,10,0.955193482688391,0.964705882352941,0.933774834437086,0.970414201183432,0.964705882352941,0.967551622418879,"rf_class",306,659,25,19,0.956392467789891,0.963450292397661,0.941538461538462,0.971976401179941,0.963450292397661,0.96769456681351
2000,1000,80,0.3,0.05,"a",FALSE,0.5,0,955,"22, 67, 77, 16","IRT",434,983,74,9,0.944666666666667,0.929990539262062,0.979683972911964,0.990927419354839,0.929990539262062,0.959492435334309,"IRT",155,325,26,2,0.94488188976378,0.925925925925926,0.987261146496815,0.99388379204893,0.925925925925926,0.958702064896755,"IRT",279,658,48,7,0.944556451612903,0.932011331444759,0.975524475524476,0.989473684210526,0.932011331444759,0.959883296863603
2000,1000,80,0.3,0.05,"a",FALSE,0.5,0,955,"22, 67, 77, 16","rf_probs",0,396,661,443,0.264,0.374645222327342,0,0.471990464839094,0.374645222327342,0.417721518987342,"rf_probs",0,130,221,157,0.255905511811024,0.37037037037037,0,0.452961672473868,0.37037037037037,0.407523510971787,"rf_probs",0,266,440,286,0.268145161290323,0.376770538243626,0,0.481884057971014,0.376770538243626,0.422893481717011
2000,1000,80,0.3,0.05,"a",FALSE,0.5,0,955,"22, 67, 77, 16","rf_class",414,1003,54,29,0.944666666666667,0.948912015137181,0.934537246049661,0.971899224806202,0.948912015137181,0.960268070847295,"rf_class",149,329,22,8,0.940944881889764,0.937321937321937,0.949044585987261,0.976261127596439,0.937321937321937,0.956395348837209,"rf_class",265,674,32,21,0.946572580645161,0.954674220963173,0.926573426573427,0.969784172661871,0.954674220963173,0.962169878658101
2000,1000,80,0.3,0.05,"a",FALSE,0.5,0,956,"35, 36, 70, 55","IRT",440,1012,27,21,0.968,0.974013474494706,0.954446854663774,0.979670861568248,0.974013474494706,0.976833976833977,"IRT",143,335,7,13,0.959839357429719,0.97953216374269,0.916666666666667,0.96264367816092,0.97953216374269,0.971014492753623,"IRT",297,677,20,8,0.972055888223553,0.971305595408895,0.973770491803279,0.988321167883212,0.971305595408895,0.979739507959479
2000,1000,80,0.3,0.05,"a",FALSE,0.5,0,956,"35, 36, 70, 55","rf_probs",0,318,721,461,0.212,0.306063522617902,0,0.408215661103979,0.306063522617902,0.34983498349835,"rf_probs",0,98,244,156,0.196787148594378,0.286549707602339,0,0.385826771653543,0.286549707602339,0.328859060402685,"rf_probs",0,220,477,305,0.219560878243513,0.315638450502152,0,0.419047619047619,0.315638450502152,0.360065466448445
2000,1000,80,0.3,0.05,"a",FALSE,0.5,0,956,"35, 36, 70, 55","rf_class",433,1011,28,28,0.962666666666667,0.973051010587103,0.939262472885033,0.973051010587103,0.973051010587103,0.973051010587103,"rf_class",142,333,9,14,0.953815261044177,0.973684210526316,0.91025641025641,0.959654178674352,0.973684210526316,0.966618287373004,"rf_class",291,678,19,14,0.967065868263473,0.972740315638451,0.954098360655738,0.979768786127168,0.972740315638451,0.976241900647948
2000,1000,80,0.3,0.05,"a",FALSE,0.5,0,957,"49, 40, 36, 69","IRT",431,1026,33,10,0.971333333333333,0.968838526912181,0.977324263038549,0.99034749034749,0.968838526912181,0.979474940334129,"IRT",132,343,13,5,0.963488843813387,0.963483146067416,0.963503649635037,0.985632183908046,0.963483146067416,0.974431818181818,"IRT",299,683,20,5,0.975173783515392,0.971550497866287,0.983552631578947,0.992732558139535,0.971550497866287,0.982027318475917
2000,1000,80,0.3,0.05,"a",FALSE,0.5,0,957,"49, 40, 36, 69","rf_probs",0,373,686,441,0.248666666666667,0.352219074598678,0,0.458230958230958,0.352219074598678,0.398291510945008,"rf_probs",0,134,222,137,0.271805273833671,0.376404494382022,0,0.494464944649447,0.376404494382022,0.427432216905901,"rf_probs",0,239,464,304,0.23733862959285,0.339971550497866,0,0.440147329650092,0.339971550497866,0.38362760834671
2000,1000,80,0.3,0.05,"a",FALSE,0.5,0,957,"49, 40, 36, 69","rf_class",429,1021,38,12,0.966666666666667,0.964117091595845,0.972789115646258,0.98838334946757,0.964117091595845,0.976099426386233,"rf_class",133,341,15,4,0.961460446247465,0.957865168539326,0.970802919708029,0.988405797101449,0.957865168539326,0.972895863052782,"rf_class",296,680,23,8,0.969215491559086,0.96728307254623,0.973684210526316,0.988372093023256,0.96728307254623,0.977713874910137
2000,1000,80,0.3,0.05,"a",FALSE,0.5,0,958,"19, 80, 73, 41","IRT",436,1004,54,6,0.96,0.948960302457467,0.986425339366516,0.994059405940594,0.948960302457467,0.970986460348162,"IRT",141,324,21,3,0.950920245398773,0.939130434782609,0.979166666666667,0.990825688073395,0.939130434782609,0.964285714285714,"IRT",295,680,33,3,0.964391691394659,0.953716690042076,0.98993288590604,0.995607613469985,0.953716690042076,0.974212034383954
2000,1000,80,0.3,0.05,"a",FALSE,0.5,0,958,"19, 80, 73, 41","rf_probs",0,355,703,442,0.236666666666667,0.335538752362949,0,0.445420326223337,0.335538752362949,0.382749326145553,"rf_probs",0,119,226,144,0.243353783231084,0.344927536231884,0,0.452471482889734,0.344927536231884,0.391447368421053,"rf_probs",0,236,477,298,0.233432245301681,0.330995792426367,0,0.441947565543071,0.330995792426367,0.3785084202085
2000,1000,80,0.3,0.05,"a",FALSE,0.5,0,958,"19, 80, 73, 41","rf_class",419,1015,43,23,0.956,0.959357277882798,0.947963800904977,0.977842003853565,0.959357277882798,0.968511450381679,"rf_class",135,329,16,9,0.948875255623722,0.953623188405797,0.9375,0.973372781065089,0.953623188405797,0.963396778916545,"rf_class",284,686,27,14,0.95944609297725,0.962131837307153,0.953020134228188,0.98,0.962131837307153,0.970983722576079
2000,1000,80,0.3,0.05,"a",FALSE,0.5,0,959,"12, 11, 9, 74","IRT",433,997,62,8,0.953333333333333,0.941454202077432,0.981859410430839,0.992039800995025,0.941454202077432,0.966085271317829,"IRT",145,318,20,1,0.956611570247934,0.940828402366864,0.993150684931507,0.996865203761755,0.940828402366864,0.968036529680365,"IRT",288,679,42,7,0.951771653543307,0.941747572815534,0.976271186440678,0.989795918367347,0.941747572815534,0.965174129353234
2000,1000,80,0.3,0.05,"a",FALSE,0.5,0,959,"12, 11, 9, 74","rf_probs",0,365,694,441,0.243333333333333,0.34466477809254,0,0.452853598014888,0.34466477809254,0.39142091152815,"rf_probs",0,125,213,146,0.258264462809917,0.369822485207101,0,0.461254612546125,0.369822485207101,0.410509031198686,"rf_probs",0,240,481,295,0.236220472440945,0.332871012482663,0,0.448598130841121,0.332871012482663,0.382165605095541
2000,1000,80,0.3,0.05,"a",FALSE,0.5,0,959,"12, 11, 9, 74","rf_class",422,998,61,19,0.946666666666667,0.942398489140699,0.956916099773243,0.981317600786627,0.942398489140699,0.961464354527938,"rf_class",144,317,21,2,0.952479338842975,0.937869822485207,0.986301369863014,0.993730407523511,0.937869822485207,0.964992389649924,"rf_class",278,681,40,17,0.943897637795276,0.944521497919556,0.942372881355932,0.975644699140401,0.944521497919556,0.959830866807611
2000,1000,80,0.3,0.05,"a",FALSE,0.5,0,960,"40, 38, 78, 8","IRT",430,1001,52,17,0.954,0.950617283950617,0.961968680089485,0.983300589390963,0.950617283950617,0.966682761950748,"IRT",137,337,20,7,0.946107784431138,0.943977591036415,0.951388888888889,0.979651162790698,0.943977591036415,0.961483594864479,"IRT",293,664,32,10,0.957957957957958,0.954022988505747,0.966996699669967,0.985163204747775,0.954022988505747,0.969343065693431
2000,1000,80,0.3,0.05,"a",FALSE,0.5,0,960,"40, 38, 78, 8","rf_probs",0,360,693,447,0.24,0.341880341880342,0,0.446096654275093,0.341880341880342,0.387096774193548,"rf_probs",0,115,242,144,0.229540918163673,0.322128851540616,0,0.444015444015444,0.322128851540616,0.373376623376623,"rf_probs",0,245,451,303,0.245245245245245,0.352011494252874,0,0.447080291970803,0.352011494252874,0.393890675241158
2000,1000,80,0.3,0.05,"a",FALSE,0.5,0,960,"40, 38, 78, 8","rf_class",420,1010,43,27,0.953333333333333,0.959164292497626,0.939597315436242,0.973963355834137,0.959164292497626,0.966507177033493,"rf_class",134,341,16,10,0.94810379241517,0.955182072829132,0.930555555555556,0.971509971509972,0.955182072829132,0.963276836158192,"rf_class",286,669,27,17,0.955955955955956,0.961206896551724,0.943894389438944,0.975218658892128,0.961206896551724,0.968162083936324
2000,1000,80,0.3,0.05,"a",FALSE,0.5,0,961,"41, 33, 8, 50","IRT",438,1001,50,11,0.959333333333333,0.952426260704091,0.975501113585746,0.989130434782609,0.952426260704091,0.970431410567135,"IRT",139,328,15,3,0.962886597938144,0.956268221574344,0.97887323943662,0.990936555891239,0.956268221574344,0.973293768545994,"IRT",299,673,35,8,0.957635467980296,0.950564971751412,0.973941368078176,0.988252569750367,0.950564971751412,0.969042476601872
2000,1000,80,0.3,0.05,"a",FALSE,0.5,0,961,"41, 33, 8, 50","rf_probs",0,355,696,449,0.236666666666667,0.337773549000951,0,0.441542288557214,0.337773549000951,0.382749326145553,"rf_probs",0,113,230,142,0.232989690721649,0.329446064139942,0,0.443137254901961,0.329446064139942,0.377926421404682,"rf_probs",0,242,466,307,0.238423645320197,0.34180790960452,0,0.4408014571949,0.34180790960452,0.385043754972156
2000,1000,80,0.3,0.05,"a",FALSE,0.5,0,961,"41, 33, 8, 50","rf_class",422,1017,34,27,0.959333333333333,0.967649857278782,0.939866369710468,0.974137931034483,0.967649857278782,0.970883054892601,"rf_class",133,333,10,9,0.960824742268041,0.970845481049563,0.936619718309859,0.973684210526316,0.970845481049563,0.972262773722628,"rf_class",289,684,24,18,0.958620689655172,0.966101694915254,0.941368078175896,0.974358974358974,0.966101694915254,0.970212765957447
2000,1000,80,0.3,0.05,"a",FALSE,0.5,0,962,"76, 16, 66, 5","IRT",452,995,37,16,0.964666666666667,0.964147286821705,0.965811965811966,0.984174085064293,0.964147286821705,0.974057758198727,"IRT",131,344,13,7,0.95959595959596,0.963585434173669,0.949275362318841,0.98005698005698,0.963585434173669,0.971751412429379,"IRT",321,651,24,9,0.967164179104478,0.964444444444444,0.972727272727273,0.986363636363636,0.964444444444444,0.975280898876405
2000,1000,80,0.3,0.05,"a",FALSE,0.5,0,962,"76, 16, 66, 5","rf_probs",0,352,680,468,0.234666666666667,0.341085271317829,0,0.429268292682927,0.341085271317829,0.380129589632829,"rf_probs",0,115,242,138,0.232323232323232,0.322128851540616,0,0.454545454545455,0.322128851540616,0.377049180327869,"rf_probs",0,237,438,330,0.235820895522388,0.351111111111111,0,0.417989417989418,0.351111111111111,0.381642512077295
2000,1000,80,0.3,0.05,"a",FALSE,0.5,0,962,"76, 16, 66, 5","rf_class",444,1006,26,24,0.966666666666667,0.974806201550388,0.948717948717949,0.976699029126214,0.974806201550388,0.975751697381183,"rf_class",130,347,10,8,0.963636363636364,0.971988795518207,0.942028985507246,0.977464788732394,0.971988795518207,0.974719101123595,"rf_class",314,659,16,16,0.968159203980099,0.976296296296296,0.951515151515152,0.976296296296296,0.976296296296296,0.976296296296296
2000,1000,80,0.3,0.05,"a",FALSE,0.5,0,963,"46, 26, 47, 78","IRT",460,992,42,6,0.968,0.959381044487427,0.987124463519313,0.993987975951904,0.959381044487427,0.976377952755905,"IRT",151,311,17,2,0.960498960498961,0.948170731707317,0.986928104575163,0.993610223642173,0.948170731707317,0.970358814352574,"IRT",309,681,25,4,0.971540726202159,0.964589235127479,0.987220447284345,0.994160583941606,0.964589235127479,0.979151689432063
2000,1000,80,0.3,0.05,"a",FALSE,0.5,0,963,"46, 26, 47, 78","rf_probs",0,341,693,466,0.227333333333333,0.329787234042553,0,0.422552664188352,0.329787234042553,0.370450841933732,"rf_probs",0,109,219,153,0.226611226611227,0.332317073170732,0,0.416030534351145,0.332317073170732,0.369491525423729,"rf_probs",0,232,474,313,0.227674190382728,0.328611898016997,0,0.425688073394495,0.328611898016997,0.370903277378098
2000,1000,80,0.3,0.05,"a",FALSE,0.5,0,963,"46, 26, 47, 78","rf_class",449,1010,24,17,0.972666666666667,0.97678916827853,0.963519313304721,0.983446932814021,0.97678916827853,0.980106744298884,"rf_class",148,319,9,5,0.970893970893971,0.972560975609756,0.967320261437909,0.984567901234568,0.972560975609756,0.978527607361963,"rf_class",301,691,15,12,0.973503434739941,0.978753541076487,0.961661341853035,0.982930298719772,0.978753541076487,0.98083747338538
2000,1000,80,0.3,0.05,"a",FALSE,0.5,0,964,"69, 73, 35, 71","IRT",445,999,44,12,0.962666666666667,0.957813998082454,0.973741794310722,0.98813056379822,0.957813998082454,0.972736124634859,"IRT",158,332,12,4,0.968379446640316,0.965116279069767,0.975308641975309,0.988095238095238,0.965116279069767,0.976470588235294,"IRT",287,667,32,8,0.959758551307847,0.954220314735336,0.972881355932203,0.988148148148148,0.954220314735336,0.970887918486172
2000,1000,80,0.3,0.05,"a",FALSE,0.5,0,964,"69, 73, 35, 71","rf_probs",0,348,695,457,0.232,0.333652924256951,0,0.432298136645963,0.333652924256951,0.376623376623377,"rf_probs",0,104,240,162,0.205533596837945,0.302325581395349,0,0.390977443609023,0.302325581395349,0.340983606557377,"rf_probs",0,244,455,295,0.245472837022133,0.349070100143062,0,0.452690166975881,0.349070100143062,0.394184168012924
2000,1000,80,0.3,0.05,"a",FALSE,0.5,0,964,"69, 73, 35, 71","rf_class",435,1007,36,22,0.961333333333333,0.965484180249281,0.951859956236324,0.978620019436346,0.965484180249281,0.972007722007722,"rf_class",154,332,12,8,0.960474308300395,0.965116279069767,0.950617283950617,0.976470588235294,0.965116279069767,0.970760233918129,"rf_class",281,675,24,14,0.961770623742455,0.965665236051502,0.952542372881356,0.979680696661829,0.965665236051502,0.972622478386167
2000,1000,80,0.3,0.05,"a",FALSE,0.5,0,965,"57, 80, 53, 28","IRT",443,996,47,14,0.959333333333333,0.954937679769895,0.969365426695842,0.986138613861386,0.954937679769895,0.970287384315636,"IRT",147,338,19,5,0.952848722986248,0.946778711484594,0.967105263157895,0.985422740524781,0.946778711484594,0.965714285714286,"IRT",296,658,28,9,0.962663975782038,0.959183673469388,0.970491803278689,0.986506746626687,0.959183673469388,0.972653362897265
2000,1000,80,0.3,0.05,"a",FALSE,0.5,0,965,"57, 80, 53, 28","rf_probs",0,398,645,457,0.265333333333333,0.381591562799616,0,0.465497076023392,0.381591562799616,0.419388830347734,"rf_probs",0,132,225,152,0.259332023575639,0.369747899159664,0,0.464788732394366,0.369747899159664,0.41185647425897,"rf_probs",0,266,420,305,0.268415741675076,0.387755102040816,0,0.46584938704028,0.387755102040816,0.423229912490056
2000,1000,80,0.3,0.05,"a",FALSE,0.5,0,965,"57, 80, 53, 28","rf_class",433,1008,35,24,0.960666666666667,0.966442953020134,0.947483588621444,0.976744186046512,0.966442953020134,0.971566265060241,"rf_class",140,343,14,12,0.948919449901768,0.96078431372549,0.921052631578947,0.966197183098592,0.96078431372549,0.963483146067416,"rf_class",293,665,21,12,0.966700302724521,0.969387755102041,0.960655737704918,0.982274741506647,0.969387755102041,0.975788701393984
2000,1000,80,0.3,0.05,"a",FALSE,0.5,0,966,"38, 65, 31, 26","IRT",425,1031,16,28,0.970666666666667,0.984718242597899,0.938189845474614,0.973559962228517,0.984718242597899,0.979107312440646,"IRT",143,342,5,9,0.971943887775551,0.985590778097983,0.940789473684211,0.974358974358974,0.985590778097983,0.979942693409742,"IRT",282,689,11,19,0.97002997002997,0.984285714285714,0.93687707641196,0.97316384180791,0.984285714285714,0.978693181818182
2000,1000,80,0.3,0.05,"a",FALSE,0.5,0,966,"38, 65, 31, 26","rf_probs",0,352,695,453,0.234666666666667,0.336198662846227,0,0.437267080745342,0.336198662846227,0.380129589632829,"rf_probs",0,118,229,152,0.236472945891784,0.340057636887608,0,0.437037037037037,0.340057636887608,0.382495948136143,"rf_probs",0,234,466,301,0.233766233766234,0.334285714285714,0,0.437383177570093,0.334285714285714,0.378947368421053
2000,1000,80,0.3,0.05,"a",FALSE,0.5,0,966,"38, 65, 31, 26","rf_class",425,1015,32,28,0.96,0.969436485195798,0.938189845474614,0.973154362416107,0.969436485195798,0.971291866028708,"rf_class",143,336,11,9,0.959919839679359,0.968299711815562,0.940789473684211,0.973913043478261,0.968299711815562,0.971098265895954,"rf_class",282,679,21,19,0.96003996003996,0.97,0.93687707641196,0.972779369627507,0.97,0.971387696709585
2000,1000,80,0.3,0.05,"a",FALSE,0.5,0,967,"4, 57, 8, 9","IRT",426,1023,20,31,0.966,0.980824544582934,0.932166301969365,0.970588235294118,0.980824544582934,0.975679542203147,"IRT",140,358,5,10,0.970760233918129,0.986225895316804,0.933333333333333,0.972826086956522,0.986225895316804,0.979480164158687,"IRT",286,665,15,21,0.963525835866261,0.977941176470588,0.931596091205212,0.969387755102041,0.977941176470588,0.973645680819912
2000,1000,80,0.3,0.05,"a",FALSE,0.5,0,967,"4, 57, 8, 9","rf_probs",0,369,674,457,0.246,0.353787152444871,0,0.446731234866828,0.353787152444871,0.394863563402889,"rf_probs",0,129,234,150,0.251461988304094,0.355371900826446,0,0.462365591397849,0.355371900826446,0.401869158878505,"rf_probs",0,240,440,307,0.243161094224924,0.352941176470588,0,0.438756855575868,0.352941176470588,0.39119804400978
2000,1000,80,0.3,0.05,"a",FALSE,0.5,0,967,"4, 57, 8, 9","rf_class",418,1017,26,39,0.956666666666667,0.975071907957814,0.914660831509847,0.963068181818182,0.975071907957814,0.96903287279657,"rf_class",139,358,5,11,0.968810916179337,0.986225895316804,0.926666666666667,0.970189701897019,0.986225895316804,0.978142076502732,"rf_class",279,659,21,28,0.950354609929078,0.969117647058824,0.908794788273616,0.95924308588064,0.969117647058824,0.964155084125823
2000,1000,80,0.3,0.05,"a",FALSE,0.5,0,968,"43, 41, 12, 26","IRT",432,995,63,10,0.951333333333333,0.940453686200378,0.97737556561086,0.990049751243781,0.940453686200378,0.964614638875424,"IRT",159,310,23,5,0.943661971830986,0.930930930930931,0.969512195121951,0.984126984126984,0.930930930930931,0.95679012345679,"IRT",273,685,40,5,0.955134596211366,0.944827586206897,0.982014388489209,0.992753623188406,0.944827586206897,0.968197879858657
2000,1000,80,0.3,0.05,"a",FALSE,0.5,0,968,"43, 41, 12, 26","rf_probs",0,393,665,442,0.262,0.371455576559546,0,0.470658682634731,0.371455576559546,0.415213946117274,"rf_probs",0,129,204,164,0.259557344064386,0.387387387387387,0,0.440273037542662,0.387387387387387,0.412140575079872,"rf_probs",0,264,461,278,0.26321036889332,0.364137931034483,0,0.487084870848708,0.364137931034483,0.416732438831886
2000,1000,80,0.3,0.05,"a",FALSE,0.5,0,968,"43, 41, 12, 26","rf_class",422,1013,45,20,0.956666666666667,0.957466918714556,0.95475113122172,0.980638915779284,0.957466918714556,0.968914395026303,"rf_class",156,314,19,8,0.945674044265594,0.942942942942943,0.951219512195122,0.975155279503106,0.942942942942943,0.958778625954198,"rf_class",266,699,26,12,0.962113659022931,0.964137931034483,0.956834532374101,0.983122362869198,0.964137931034483,0.973537604456825
2000,1000,80,0.3,0.05,"a",FALSE,0.5,0,969,"4, 2, 1, 71","IRT",432,1002,60,6,0.956,0.943502824858757,0.986301369863014,0.994047619047619,0.943502824858757,0.968115942028986,"IRT",144,329,21,2,0.953629032258065,0.94,0.986301369863014,0.993957703927492,0.94,0.966226138032305,"IRT",288,673,39,4,0.957171314741036,0.945224719101124,0.986301369863014,0.994091580502216,0.945224719101124,0.969042476601872
2000,1000,80,0.3,0.05,"a",FALSE,0.5,0,969,"4, 2, 1, 71","rf_probs",0,392,670,438,0.261333333333333,0.369114877589454,0,0.472289156626506,0.369114877589454,0.414376321353066,"rf_probs",0,120,230,146,0.241935483870968,0.342857142857143,0,0.451127819548872,0.342857142857143,0.38961038961039,"rf_probs",0,272,440,292,0.270916334661355,0.382022471910112,0,0.482269503546099,0.382022471910112,0.426332288401254
2000,1000,80,0.3,0.05,"a",FALSE,0.5,0,969,"4, 2, 1, 71","rf_class",413,1023,39,25,0.957333333333333,0.963276836158192,0.942922374429224,0.976145038167939,0.963276836158192,0.969668246445498,"rf_class",138,337,13,8,0.957661290322581,0.962857142857143,0.945205479452055,0.976811594202899,0.962857142857143,0.969784172661871,"rf_class",275,686,26,17,0.957171314741036,0.963483146067416,0.941780821917808,0.975817923186344,0.963483146067416,0.969611307420495
2000,1000,80,0.3,0.05,"a",FALSE,0.5,0,970,"21, 65, 40, 13","IRT",457,984,54,5,0.960666666666667,0.947976878612717,0.989177489177489,0.994944388270981,0.947976878612717,0.97089294523927,"IRT",156,319,21,1,0.955734406438632,0.938235294117647,0.993630573248408,0.996875,0.938235294117647,0.966666666666667,"IRT",301,665,33,4,0.963110667996012,0.952722063037249,0.986885245901639,0.994020926756353,0.952722063037249,0.972933430870519
2000,1000,80,0.3,0.05,"a",FALSE,0.5,0,970,"21, 65, 40, 13","rf_probs",0,408,630,462,0.272,0.393063583815029,0,0.468965517241379,0.393063583815029,0.427672955974843,"rf_probs",0,136,204,157,0.27364185110664,0.4,0,0.464163822525597,0.4,0.429699842022117,"rf_probs",0,272,426,305,0.271186440677966,0.389684813753582,0,0.471403812824957,0.389684813753582,0.426666666666667
2000,1000,80,0.3,0.05,"a",FALSE,0.5,0,970,"21, 65, 40, 13","rf_class",439,1008,30,23,0.964666666666667,0.971098265895954,0.95021645021645,0.977691561590689,0.971098265895954,0.974383760270662,"rf_class",147,328,12,10,0.955734406438632,0.964705882352941,0.936305732484076,0.970414201183432,0.964705882352941,0.967551622418879,"rf_class",292,680,18,13,0.969092721834496,0.974212034383954,0.957377049180328,0.981240981240981,0.974212034383954,0.977713874910137
2000,1000,80,0.3,0.05,"a",FALSE,0.5,0,971,"40, 79, 78, 28","IRT",450,968,71,11,0.945333333333333,0.931665062560154,0.976138828633406,0.98876404494382,0.931665062560154,0.959365708622398,"IRT",153,313,21,4,0.94908350305499,0.937125748502994,0.974522292993631,0.987381703470032,0.937125748502994,0.961597542242704,"IRT",297,655,50,7,0.943508424182359,0.929078014184397,0.976973684210526,0.989425981873112,0.929078014184397,0.958302852962692
2000,1000,80,0.3,0.05,"a",FALSE,0.5,0,971,"40, 79, 78, 28","rf_probs",0,356,683,461,0.237333333333333,0.342637151106834,0,0.435740514075887,0.342637151106834,0.383620689655172,"rf_probs",0,114,220,157,0.232179226069246,0.341317365269461,0,0.420664206642066,0.341317365269461,0.376859504132231,"rf_probs",0,242,463,304,0.2398414271556,0.343262411347518,0,0.443223443223443,0.343262411347518,0.386890487609912
2000,1000,80,0.3,0.05,"a",FALSE,0.5,0,971,"40, 79, 78, 28","rf_class",432,992,47,29,0.949333333333333,0.954764196342637,0.937093275488069,0.971596474045054,0.954764196342637,0.963106796116505,"rf_class",149,322,12,8,0.959266802443992,0.964071856287425,0.949044585987261,0.975757575757576,0.964071856287425,0.969879518072289,"rf_class",283,670,35,21,0.944499504459861,0.950354609929078,0.930921052631579,0.969609261939218,0.950354609929078,0.959885386819484
2000,1000,80,0.3,0.05,"a",FALSE,0.5,0,972,"56, 14, 51, 45","IRT",427,1028,39,6,0.97,0.963448922211809,0.986143187066975,0.994197292069632,0.963448922211809,0.978581627796288,"IRT",161,315,11,1,0.975409836065574,0.966257668711656,0.993827160493827,0.996835443037975,0.966257668711656,0.981308411214953,"IRT",266,713,28,5,0.967391304347826,0.96221322537112,0.981549815498155,0.993036211699164,0.96221322537112,0.977381768334476
2000,1000,80,0.3,0.05,"a",FALSE,0.5,0,972,"56, 14, 51, 45","rf_probs",0,334,733,433,0.222666666666667,0.31302717900656,0,0.435462842242503,0.31302717900656,0.36423118865867,"rf_probs",0,89,237,162,0.182377049180328,0.273006134969325,0,0.354581673306773,0.273006134969325,0.308492201039861,"rf_probs",0,245,496,271,0.242094861660079,0.330634278002699,0,0.474806201550388,0.330634278002699,0.389817024661893
2000,1000,80,0.3,0.05,"a",FALSE,0.5,0,972,"56, 14, 51, 45","rf_class",414,1028,39,19,0.961333333333333,0.963448922211809,0.956120092378753,0.981852913085005,0.963448922211809,0.972563859981079,"rf_class",159,314,12,3,0.969262295081967,0.96319018404908,0.981481481481482,0.990536277602524,0.96319018404908,0.976671850699845,"rf_class",255,714,27,16,0.957509881422925,0.963562753036437,0.940959409594096,0.978082191780822,0.963562753036437,0.970768184908226
2000,1000,80,0.3,0.05,"a",FALSE,0.5,0,973,"66, 44, 9, 40","IRT",436,1008,38,18,0.962666666666667,0.963671128107075,0.960352422907489,0.982456140350877,0.963671128107075,0.972972972972973,"IRT",148,349,10,3,0.974509803921569,0.972144846796657,0.980132450331126,0.991477272727273,0.972144846796657,0.981715893108298,"IRT",288,659,28,15,0.956565656565657,0.95924308588064,0.95049504950495,0.977744807121662,0.95924308588064,0.968405584129317
2000,1000,80,0.3,0.05,"a",FALSE,0.5,0,973,"66, 44, 9, 40","rf_probs",0,375,671,454,0.25,0.358508604206501,0,0.452352231604343,0.358508604206501,0.4,"rf_probs",0,130,229,151,0.254901960784314,0.362116991643454,0,0.462633451957295,0.362116991643454,0.40625,"rf_probs",0,245,442,303,0.247474747474747,0.356622998544396,0,0.447080291970803,0.356622998544396,0.396761133603239
2000,1000,80,0.3,0.05,"a",FALSE,0.5,0,973,"66, 44, 9, 40","rf_class",428,1012,34,26,0.96,0.967495219885277,0.94273127753304,0.97495183044316,0.967495219885277,0.971209213051823,"rf_class",145,350,9,6,0.970588235294118,0.974930362116992,0.960264900662252,0.98314606741573,0.974930362116992,0.979020979020979,"rf_class",283,662,25,20,0.954545454545455,0.963609898107715,0.933993399339934,0.970674486803519,0.963609898107715,0.967129291453616
2000,1000,80,0.3,0.05,"a",FALSE,0.5,0,974,"29, 28, 67, 47","IRT",439,997,48,16,0.957333333333333,0.954066985645933,0.964835164835165,0.984205330700888,0.954066985645933,0.968901846452867,"IRT",169,322,13,9,0.957115009746589,0.961194029850746,0.949438202247191,0.972809667673716,0.961194029850746,0.966966966966967,"IRT",270,675,35,7,0.957446808510638,0.950704225352113,0.974729241877256,0.989736070381232,0.950704225352113,0.969827586206897
2000,1000,80,0.3,0.05,"a",FALSE,0.5,0,974,"29, 28, 67, 47","rf_probs",0,360,685,455,0.24,0.344497607655502,0,0.441717791411043,0.344497607655502,0.387096774193548,"rf_probs",0,111,224,178,0.216374269005848,0.33134328358209,0,0.384083044982699,0.33134328358209,0.355769230769231,"rf_probs",0,249,461,277,0.252279635258359,0.350704225352113,0,0.473384030418251,0.350704225352113,0.402912621359223
2000,1000,80,0.3,0.05,"a",FALSE,0.5,0,974,"29, 28, 67, 47","rf_class",429,1013,32,26,0.961333333333333,0.969377990430622,0.942857142857143,0.97497593840231,0.969377990430622,0.972168905950096,"rf_class",167,329,6,11,0.966861598440546,0.982089552238806,0.938202247191011,0.967647058823529,0.982089552238806,0.974814814814815,"rf_class",262,684,26,15,0.958459979736575,0.963380281690141,0.945848375451264,0.978540772532189,0.963380281690141,0.970901348474095
2000,1000,80,0.3,0.05,"a",FALSE,0.5,0,975,"17, 55, 36, 25","IRT",433,1007,42,18,0.96,0.959961868446139,0.960088691796009,0.982439024390244,0.959961868446139,0.971070395371263,"IRT",143,330,17,7,0.951710261569417,0.951008645533141,0.953333333333333,0.979228486646884,0.951008645533141,0.964912280701754,"IRT",290,677,25,11,0.964107676969093,0.964387464387464,0.963455149501661,0.984011627906977,0.964387464387464,0.97410071942446
2000,1000,80,0.3,0.05,"a",FALSE,0.5,0,975,"17, 55, 36, 25","rf_probs",0,341,708,451,0.227333333333333,0.325071496663489,0,0.430555555555556,0.325071496663489,0.370450841933732,"rf_probs",0,122,225,150,0.245472837022133,0.351585014409222,0,0.448529411764706,0.351585014409222,0.394184168012924,"rf_probs",0,219,483,301,0.218344965104686,0.311965811965812,0,0.421153846153846,0.311965811965812,0.358428805237316
2000,1000,80,0.3,0.05,"a",FALSE,0.5,0,975,"17, 55, 36, 25","rf_class",431,1007,42,20,0.958666666666667,0.959961868446139,0.955654101995565,0.980525803310613,0.959961868446139,0.970134874759152,"rf_class",141,326,21,9,0.939637826961771,0.939481268011527,0.94,0.973134328358209,0.939481268011527,0.956011730205279,"rf_class",290,681,21,11,0.968095712861416,0.97008547008547,0.963455149501661,0.984104046242775,0.97008547008547,0.977044476327116
2000,1000,80,0.3,0.05,"a",FALSE,0.5,0,976,"35, 3, 44, 18","IRT",435,991,62,12,0.950666666666667,0.941120607787274,0.973154362416107,0.988035892323031,0.941120607787274,0.964007782101167,"IRT",150,314,20,8,0.943089430894309,0.940119760479042,0.949367088607595,0.975155279503106,0.940119760479042,0.957317073170732,"IRT",285,677,42,4,0.954365079365079,0.941585535465925,0.986159169550173,0.994126284875184,0.941585535465925,0.967142857142857
2000,1000,80,0.3,0.05,"a",FALSE,0.5,0,976,"35, 3, 44, 18","rf_probs",0,403,650,447,0.268666666666667,0.382716049382716,0,0.474117647058824,0.382716049382716,0.423541776142932,"rf_probs",0,128,206,158,0.260162601626016,0.383233532934132,0,0.447552447552448,0.383233532934132,0.412903225806452,"rf_probs",0,275,444,289,0.27281746031746,0.382475660639777,0,0.48758865248227,0.382475660639777,0.428682774746687
2000,1000,80,0.3,0.05,"a",FALSE,0.5,0,976,"35, 3, 44, 18","rf_class",425,1012,41,22,0.958,0.961063627730294,0.950782997762864,0.978723404255319,0.961063627730294,0.969813128893148,"rf_class",146,322,12,12,0.951219512195122,0.964071856287425,0.924050632911392,0.964071856287425,0.964071856287425,0.964071856287425,"rf_class",279,690,29,10,0.961309523809524,0.959666203059805,0.965397923875433,0.985714285714286,0.959666203059805,0.972515856236786
2000,1000,80,0.3,0.05,"a",FALSE,0.5,0,977,"27, 75, 36, 61","IRT",435,1003,54,8,0.958666666666667,0.948912015137181,0.981941309255079,0.992087042532146,0.948912015137181,0.970019342359768,"IRT",146,329,16,2,0.963488843813387,0.953623188405797,0.986486486486487,0.993957703927492,0.953623188405797,0.973372781065089,"IRT",289,674,38,6,0.95630585898709,0.946629213483146,0.979661016949153,0.991176470588235,0.946629213483146,0.968390804597701
2000,1000,80,0.3,0.05,"a",FALSE,0.5,0,977,"27, 75, 36, 61","rf_probs",0,396,661,443,0.264,0.374645222327342,0,0.471990464839094,0.374645222327342,0.417721518987342,"rf_probs",0,115,230,148,0.233265720081136,0.333333333333333,0,0.437262357414449,0.333333333333333,0.378289473684211,"rf_probs",0,281,431,295,0.279046673286991,0.394662921348315,0,0.487847222222222,0.394662921348315,0.436335403726708
2000,1000,80,0.3,0.05,"a",FALSE,0.5,0,977,"27, 75, 36, 61","rf_class",421,1012,45,22,0.955333333333333,0.957426679280984,0.950338600451467,0.978723404255319,0.957426679280984,0.967957914873266,"rf_class",141,332,13,7,0.959432048681542,0.96231884057971,0.952702702702703,0.979351032448378,0.96231884057971,0.970760233918129,"rf_class",280,680,32,15,0.953326713008937,0.955056179775281,0.949152542372881,0.97841726618705,0.955056179775281,0.966595593461265
2000,1000,80,0.3,0.05,"a",FALSE,0.5,0,978,"58, 35, 32, 24","IRT",453,985,33,29,0.958666666666667,0.967583497053045,0.939834024896266,0.971400394477318,0.967583497053045,0.969488188976378,"IRT",158,337,10,6,0.968688845401174,0.971181556195965,0.963414634146341,0.982507288629738,0.971181556195965,0.976811594202899,"IRT",295,648,23,23,0.953488372093023,0.965722801788376,0.927672955974843,0.965722801788376,0.965722801788376,0.965722801788376
2000,1000,80,0.3,0.05,"a",FALSE,0.5,0,978,"58, 35, 32, 24","rf_probs",0,380,638,482,0.253333333333333,0.37328094302554,0,0.440835266821346,0.37328094302554,0.404255319148936,"rf_probs",0,128,219,164,0.250489236790607,0.368876080691643,0,0.438356164383562,0.368876080691643,0.400625978090767,"rf_probs",0,252,419,318,0.254802831142568,0.375558867362146,0,0.442105263157895,0.375558867362146,0.406124093473006
2000,1000,80,0.3,0.05,"a",FALSE,0.5,0,978,"58, 35, 32, 24","rf_class",446,987,31,36,0.955333333333333,0.969548133595285,0.925311203319502,0.964809384164223,0.969548133595285,0.967172954434101,"rf_class",153,339,8,11,0.962818003913894,0.976945244956772,0.932926829268293,0.968571428571429,0.976945244956772,0.972740315638451,"rf_class",293,648,23,25,0.951466127401416,0.965722801788376,0.921383647798742,0.962852897473997,0.965722801788376,0.964285714285714
2000,1000,80,0.3,0.05,"a",FALSE,0.5,0,979,"60, 8, 21, 63","IRT",437,1000,54,9,0.958,0.94876660341556,0.979820627802691,0.991080277502478,0.94876660341556,0.969461948618517,"IRT",138,334,19,3,0.955465587044534,0.946175637393768,0.978723404255319,0.991097922848665,0.946175637393768,0.968115942028986,"IRT",299,666,35,6,0.959244532803181,0.950071326676177,0.980327868852459,0.991071428571429,0.950071326676177,0.970138383102695
2000,1000,80,0.3,0.05,"a",FALSE,0.5,0,979,"60, 8, 21, 63","rf_probs",0,377,677,446,0.251333333333333,0.357685009487666,0,0.458080194410693,0.357685009487666,0.401704848161961,"rf_probs",0,135,218,141,0.273279352226721,0.382436260623229,0,0.489130434782609,0.382436260623229,0.429252782193959,"rf_probs",0,242,459,305,0.240556660039761,0.345221112696148,0,0.442413162705667,0.345221112696148,0.387820512820513
2000,1000,80,0.3,0.05,"a",FALSE,0.5,0,979,"60, 8, 21, 63","rf_class",426,1016,38,20,0.961333333333333,0.963946869070209,0.955156950672646,0.980694980694981,0.963946869070209,0.972248803827751,"rf_class",134,337,16,7,0.953441295546559,0.954674220963173,0.950354609929078,0.979651162790698,0.954674220963173,0.96700143472023,"rf_class",292,679,22,13,0.965208747514911,0.968616262482168,0.957377049180328,0.98121387283237,0.968616262482168,0.974874371859296
2000,1000,80,0.3,0.05,"a",FALSE,0.5,0,980,"68, 7, 35, 77","IRT",417,1027,32,24,0.962666666666667,0.969782813975449,0.945578231292517,0.977164605137964,0.969782813975449,0.97345971563981,"IRT",138,351,13,4,0.966403162055336,0.964285714285714,0.971830985915493,0.988732394366197,0.964285714285714,0.976356050069541,"IRT",279,676,19,20,0.960764587525151,0.972661870503597,0.933110367892977,0.971264367816092,0.972661870503597,0.97196261682243
2000,1000,80,0.3,0.05,"a",FALSE,0.5,0,980,"68, 7, 35, 77","rf_probs",0,367,692,441,0.244666666666667,0.346553352219075,0,0.454207920792079,0.346553352219075,0.393144081414033,"rf_probs",0,131,233,142,0.258893280632411,0.35989010989011,0,0.47985347985348,0.35989010989011,0.411302982731554,"rf_probs",0,236,459,299,0.237424547283702,0.339568345323741,0,0.441121495327103,0.339568345323741,0.383739837398374
2000,1000,80,0.3,0.05,"a",FALSE,0.5,0,980,"68, 7, 35, 77","rf_class",419,1019,40,22,0.958666666666667,0.962228517469311,0.950113378684807,0.978866474543708,0.962228517469311,0.970476190476191,"rf_class",137,344,20,5,0.950592885375494,0.945054945054945,0.964788732394366,0.98567335243553,0.945054945054945,0.964936886395512,"rf_class",282,675,20,17,0.962776659959759,0.971223021582734,0.94314381270903,0.975433526011561,0.971223021582734,0.973323720259553
2000,1000,80,0.3,0.05,"a",FALSE,0.5,0,981,"60, 76, 44, 47","IRT",439,980,73,8,0.946,0.930674264007597,0.982102908277405,0.991902834008097,0.930674264007597,0.96031357177854,"IRT",148,335,16,3,0.962151394422311,0.954415954415954,0.980132450331126,0.99112426035503,0.954415954415954,0.972423802612482,"IRT",291,645,57,5,0.937875751503006,0.918803418803419,0.983108108108108,0.992307692307692,0.918803418803419,0.95414201183432
2000,1000,80,0.3,0.05,"a",FALSE,0.5,0,981,"60, 76, 44, 47","rf_probs",0,377,676,447,0.251333333333333,0.358024691358025,0,0.45752427184466,0.358024691358025,0.401704848161961,"rf_probs",0,114,237,151,0.227091633466135,0.324786324786325,0,0.430188679245283,0.324786324786325,0.37012987012987,"rf_probs",0,263,439,296,0.263527054108216,0.374643874643875,0,0.470483005366726,0.374643874643875,0.417129262490087
2000,1000,80,0.3,0.05,"a",FALSE,0.5,0,981,"60, 76, 44, 47","rf_class",429,1009,44,18,0.958666666666667,0.958214624881291,0.959731543624161,0.982473222979552,0.958214624881291,0.970192307692308,"rf_class",141,342,9,10,0.962151394422311,0.974358974358974,0.933774834437086,0.971590909090909,0.974358974358974,0.972972972972973,"rf_class",288,667,35,8,0.956913827655311,0.95014245014245,0.972972972972973,0.988148148148148,0.95014245014245,0.96877269426289
2000,1000,80,0.3,0.05,"a",FALSE,0.5,0,982,"38, 48, 65, 59","IRT",431,995,57,17,0.950666666666667,0.945817490494297,0.962053571428571,0.983201581027668,0.945817490494297,0.964147286821705,"IRT",148,327,11,4,0.969387755102041,0.967455621301775,0.973684210526316,0.987915407854985,0.967455621301775,0.977578475336323,"IRT",283,668,46,13,0.941584158415842,0.935574229691877,0.956081081081081,0.980910425844347,0.935574229691877,0.957706093189964
2000,1000,80,0.3,0.05,"a",FALSE,0.5,0,982,"38, 48, 65, 59","rf_probs",0,327,725,448,0.218,0.310836501901141,0,0.421935483870968,0.310836501901141,0.357963875205255,"rf_probs",0,100,238,152,0.204081632653061,0.29585798816568,0,0.396825396825397,0.29585798816568,0.338983050847458,"rf_probs",0,227,487,296,0.224752475247525,0.317927170868347,0,0.434034416826004,0.317927170868347,0.367016976556184
2000,1000,80,0.3,0.05,"a",FALSE,0.5,0,982,"38, 48, 65, 59","rf_class",425,994,58,23,0.946,0.944866920152091,0.948660714285714,0.977384464110128,0.944866920152091,0.960850652489125,"rf_class",145,324,14,7,0.957142857142857,0.958579881656805,0.953947368421053,0.978851963746224,0.958579881656805,0.968609865470852,"rf_class",280,670,44,16,0.940594059405941,0.938375350140056,0.945945945945946,0.97667638483965,0.938375350140056,0.957142857142857
2000,1000,80,0.3,0.05,"a",FALSE,0.5,0,983,"53, 68, 21, 57","IRT",420,1026,40,14,0.964,0.962476547842402,0.967741935483871,0.986538461538462,0.962476547842402,0.974358974358974,"IRT",130,336,11,3,0.970833333333333,0.968299711815562,0.977443609022556,0.991150442477876,0.968299711815562,0.979591836734694,"IRT",290,690,29,11,0.96078431372549,0.959666203059805,0.963455149501661,0.984308131241084,0.959666203059805,0.971830985915493
2000,1000,80,0.3,0.05,"a",FALSE,0.5,0,983,"53, 68, 21, 57","rf_probs",0,351,715,434,0.234,0.329268292682927,0,0.447133757961783,0.329268292682927,0.379254457050243,"rf_probs",0,109,238,133,0.227083333333333,0.314121037463977,0,0.450413223140496,0.314121037463977,0.370118845500849,"rf_probs",0,242,477,301,0.237254901960784,0.336578581363004,0,0.445672191528545,0.336578581363004,0.38351822503962
2000,1000,80,0.3,0.05,"a",FALSE,0.5,0,983,"53, 68, 21, 57","rf_class",401,1030,36,33,0.954,0.966228893058161,0.923963133640553,0.9689557855127,0.966228893058161,0.967590418036637,"rf_class",124,334,13,9,0.954166666666667,0.962536023054755,0.932330827067669,0.973760932944606,0.962536023054755,0.968115942028986,"rf_class",277,696,23,24,0.953921568627451,0.968011126564673,0.920265780730897,0.966666666666667,0.968011126564673,0.967338429464906
2000,1000,80,0.3,0.05,"a",FALSE,0.5,0,984,"45, 54, 4, 75","IRT",442,983,65,10,0.95,0.937977099236641,0.97787610619469,0.989929506545821,0.937977099236641,0.963253307202352,"IRT",150,323,22,2,0.951710261569417,0.936231884057971,0.986842105263158,0.993846153846154,0.936231884057971,0.964179104477612,"IRT",292,660,43,8,0.949152542372881,0.938833570412518,0.973333333333333,0.988023952095808,0.938833570412518,0.962800875273523
2000,1000,80,0.3,0.05,"a",FALSE,0.5,0,984,"45, 54, 4, 75","rf_probs",0,355,693,452,0.236666666666667,0.338740458015267,0,0.439900867410161,0.338740458015267,0.382749326145553,"rf_probs",0,116,229,152,0.233400402414487,0.336231884057971,0,0.432835820895522,0.336231884057971,0.378466557911909,"rf_probs",0,239,464,300,0.238285144566301,0.339971550497866,0,0.443413729128015,0.339971550497866,0.384863123993559
2000,1000,80,0.3,0.05,"a",FALSE,0.5,0,984,"45, 54, 4, 75","rf_class",425,1004,44,27,0.952666666666667,0.958015267175573,0.940265486725664,0.973811833171678,0.958015267175573,0.965848965848966,"rf_class",146,333,12,6,0.963782696177062,0.965217391304348,0.960526315789474,0.982300884955752,0.965217391304348,0.973684210526316,"rf_class",279,671,32,21,0.94715852442672,0.95448079658606,0.93,0.969653179190751,0.95448079658606,0.962007168458781
2000,1000,80,0.3,0.05,"a",FALSE,0.5,0,985,"24, 70, 60, 80","IRT",439,1017,30,14,0.970666666666667,0.97134670487106,0.969094922737307,0.986420950533463,0.97134670487106,0.978825794032724,"IRT",138,345,7,3,0.979716024340771,0.980113636363636,0.978723404255319,0.991379310344828,0.980113636363636,0.985714285714286,"IRT",301,672,23,11,0.966236345580934,0.966906474820144,0.96474358974359,0.98389458272328,0.966906474820144,0.975326560232221
2000,1000,80,0.3,0.05,"a",FALSE,0.5,0,985,"24, 70, 60, 80","rf_probs",0,326,721,453,0.217333333333333,0.311365807067813,0,0.418485237483954,0.311365807067813,0.357064622124863,"rf_probs",0,109,243,141,0.221095334685598,0.309659090909091,0,0.436,0.309659090909091,0.362126245847176,"rf_probs",0,217,478,312,0.215491559086395,0.312230215827338,0,0.410207939508507,0.312230215827338,0.354575163398693
2000,1000,80,0.3,0.05,"a",FALSE,0.5,0,985,"24, 70, 60, 80","rf_class",433,1019,28,20,0.968,0.973256924546323,0.955849889624724,0.980750721847931,0.973256924546323,0.976989453499521,"rf_class",138,345,7,3,0.979716024340771,0.980113636363636,0.978723404255319,0.991379310344828,0.980113636363636,0.985714285714286,"rf_class",295,674,21,17,0.962264150943396,0.969784172661871,0.94551282051282,0.975397973950796,0.969784172661871,0.972582972582973
2000,1000,80,0.3,0.05,"a",FALSE,0.5,0,986,"32, 74, 42, 15","IRT",436,1006,24,34,0.961333333333333,0.976699029126214,0.927659574468085,0.967307692307692,0.976699029126214,0.971980676328502,"IRT",146,327,7,10,0.96530612244898,0.979041916167665,0.935897435897436,0.970326409495549,0.979041916167665,0.974664679582712,"IRT",290,679,17,24,0.959405940594059,0.975574712643678,0.923566878980892,0.965860597439545,0.975574712643678,0.970693352394568
2000,1000,80,0.3,0.05,"a",FALSE,0.5,0,986,"32, 74, 42, 15","rf_probs",0,328,702,470,0.218666666666667,0.318446601941748,0,0.411027568922306,0.318446601941748,0.358862144420131,"rf_probs",0,110,224,156,0.224489795918367,0.329341317365269,0,0.413533834586466,0.329341317365269,0.366666666666667,"rf_probs",0,218,478,314,0.215841584158416,0.313218390804598,0,0.409774436090226,0.313218390804598,0.355048859934853
2000,1000,80,0.3,0.05,"a",FALSE,0.5,0,986,"32, 74, 42, 15","rf_class",431,1005,25,39,0.957333333333333,0.975728155339806,0.917021276595745,0.96264367816092,0.975728155339806,0.969141755062681,"rf_class",145,327,7,11,0.963265306122449,0.979041916167665,0.92948717948718,0.967455621301775,0.979041916167665,0.973214285714286,"rf_class",286,678,18,28,0.954455445544554,0.974137931034483,0.910828025477707,0.960339943342776,0.974137931034483,0.967189728958631
2000,1000,80,0.3,0.05,"a",FALSE,0.5,0,987,"67, 16, 40, 30","IRT",447,999,29,25,0.964,0.971789883268482,0.947033898305085,0.9755859375,0.971789883268482,0.973684210526316,"IRT",164,311,7,7,0.971370143149284,0.977987421383648,0.95906432748538,0.977987421383648,0.977987421383648,0.977987421383648,"IRT",283,688,22,18,0.960435212660732,0.969014084507042,0.940199335548173,0.974504249291785,0.969014084507042,0.971751412429379
2000,1000,80,0.3,0.05,"a",FALSE,0.5,0,987,"67, 16, 40, 30","rf_probs",0,340,688,472,0.226666666666667,0.330739299610895,0,0.41871921182266,0.330739299610895,0.369565217391304,"rf_probs",0,91,227,171,0.186094069529652,0.286163522012579,0,0.347328244274809,0.286163522012579,0.313793103448276,"rf_probs",0,249,461,301,0.246290801186944,0.350704225352113,0,0.452727272727273,0.350704225352113,0.395238095238095
2000,1000,80,0.3,0.05,"a",FALSE,0.5,0,987,"67, 16, 40, 30","rf_class",438,997,31,34,0.956666666666667,0.969844357976654,0.927966101694915,0.967022308438409,0.969844357976654,0.968431277319087,"rf_class",162,311,7,9,0.967280163599182,0.977987421383648,0.947368421052632,0.971875,0.977987421383648,0.974921630094044,"rf_class",276,686,24,25,0.951533135509397,0.966197183098592,0.916943521594684,0.964838255977497,0.966197183098592,0.96551724137931
2000,1000,80,0.3,0.05,"a",FALSE,0.5,0,988,"4, 62, 31, 6","IRT",411,1035,43,11,0.964,0.960111317254174,0.9739336492891,0.989483747609943,0.960111317254174,0.974576271186441,"IRT",151,353,12,5,0.967370441458733,0.967123287671233,0.967948717948718,0.986033519553073,0.967123287671233,0.976486860304288,"IRT",260,682,31,6,0.96220633299285,0.956521739130435,0.977443609022556,0.991279069767442,0.956521739130435,0.973590292648108
2000,1000,80,0.3,0.05,"a",FALSE,0.5,0,988,"4, 62, 31, 6","rf_probs",0,380,698,422,0.253333333333333,0.352504638218924,0,0.473815461346633,0.352504638218924,0.404255319148936,"rf_probs",0,119,246,156,0.228406909788868,0.326027397260274,0,0.432727272727273,0.326027397260274,0.371875,"rf_probs",0,261,452,266,0.266598569969356,0.366058906030856,0,0.495256166982922,0.366058906030856,0.420967741935484
2000,1000,80,0.3,0.05,"a",FALSE,0.5,0,988,"4, 62, 31, 6","rf_class",414,1024,54,8,0.958666666666667,0.949907235621521,0.981042654028436,0.992248062015504,0.949907235621521,0.970616113744076,"rf_class",153,349,16,3,0.963531669865643,0.956164383561644,0.980769230769231,0.991477272727273,0.956164383561644,0.97350069735007,"rf_class",261,675,38,5,0.956077630234934,0.946704067321178,0.981203007518797,0.992647058823529,0.946704067321178,0.969131371141421
2000,1000,80,0.3,0.05,"a",FALSE,0.5,0,989,"16, 31, 33, 57","IRT",406,1032,51,11,0.958666666666667,0.952908587257618,0.973621103117506,0.989453499520614,0.952908587257618,0.970837253057385,"IRT",142,340,17,2,0.962075848303393,0.952380952380952,0.986111111111111,0.994152046783626,0.952380952380952,0.972818311874106,"IRT",264,692,34,9,0.956956956956957,0.953168044077135,0.967032967032967,0.98716119828816,0.953168044077135,0.969866853538893
2000,1000,80,0.3,0.05,"a",FALSE,0.5,0,989,"16, 31, 33, 57","rf_probs",0,390,693,417,0.26,0.3601108033241,0,0.483271375464684,0.3601108033241,0.412698412698413,"rf_probs",0,120,237,144,0.239520958083832,0.336134453781513,0,0.454545454545455,0.336134453781513,0.386473429951691,"rf_probs",0,270,456,273,0.27027027027027,0.371900826446281,0,0.497237569060773,0.371900826446281,0.425531914893617
2000,1000,80,0.3,0.05,"a",FALSE,0.5,0,989,"16, 31, 33, 57","rf_class",399,1033,50,18,0.954666666666667,0.953831948291782,0.956834532374101,0.982873453853473,0.953831948291782,0.968134957825679,"rf_class",138,340,17,6,0.954091816367265,0.952380952380952,0.958333333333333,0.982658959537572,0.952380952380952,0.96728307254623,"rf_class",261,693,33,12,0.954954954954955,0.954545454545455,0.956043956043956,0.982978723404255,0.954545454545455,0.968553459119497
2000,1000,80,0.3,0.05,"a",FALSE,0.5,0,990,"34, 38, 24, 30","IRT",445,1005,33,17,0.966666666666667,0.968208092485549,0.963203463203463,0.983365949119374,0.968208092485549,0.975728155339806,"IRT",137,340,11,6,0.965587044534413,0.968660968660969,0.958041958041958,0.982658959537572,0.968660968660969,0.975609756097561,"IRT",308,665,22,11,0.967196819085487,0.967976710334789,0.96551724137931,0.983727810650888,0.967976710334789,0.975788701393984
2000,1000,80,0.3,0.05,"a",FALSE,0.5,0,990,"34, 38, 24, 30","rf_probs",0,337,701,462,0.224666666666667,0.324662813102119,0,0.421777221526909,0.324662813102119,0.366902558519325,"rf_probs",0,107,244,143,0.216599190283401,0.304843304843305,0,0.428,0.304843304843305,0.356073211314476,"rf_probs",0,230,457,319,0.228628230616302,0.334788937409025,0,0.418943533697632,0.334788937409025,0.372168284789644
2000,1000,80,0.3,0.05,"a",FALSE,0.5,0,990,"34, 38, 24, 30","rf_class",444,1003,35,18,0.964666666666667,0.966281310211946,0.961038961038961,0.982370225269344,0.966281310211946,0.97425934919864,"rf_class",135,340,11,8,0.961538461538462,0.968660968660969,0.944055944055944,0.977011494252874,0.968660968660969,0.972818311874106,"rf_class",309,663,24,10,0.966202783300199,0.965065502183406,0.968652037617555,0.985141158989599,0.965065502183406,0.975
2000,1000,80,0.3,0.05,"a",FALSE,0.5,0,991,"35, 45, 49, 10","IRT",427,1023,38,12,0.966666666666667,0.964184731385485,0.972665148063781,0.988405797101449,0.964184731385485,0.976145038167939,"IRT",147,324,16,4,0.959266802443992,0.952941176470588,0.973509933774834,0.98780487804878,0.952941176470588,0.970059880239521,"IRT",280,699,22,8,0.970267591674926,0.969486823855756,0.972222222222222,0.988684582743989,0.969486823855756,0.978991596638656
2000,1000,80,0.3,0.05,"a",FALSE,0.5,0,991,"35, 45, 49, 10","rf_probs",0,333,728,439,0.222,0.313854853911404,0,0.431347150259067,0.313854853911404,0.363338788870704,"rf_probs",0,100,240,151,0.203665987780041,0.294117647058824,0,0.398406374501992,0.294117647058824,0.338409475465313,"rf_probs",0,233,488,288,0.230921704658077,0.323162274618585,0,0.44721689059501,0.323162274618585,0.375201288244767
2000,1000,80,0.3,0.05,"a",FALSE,0.5,0,991,"35, 45, 49, 10","rf_class",419,1017,44,20,0.957333333333333,0.958529688972667,0.954441913439636,0.980713596914175,0.958529688972667,0.969494756911344,"rf_class",143,321,19,8,0.945010183299389,0.944117647058824,0.947019867549669,0.975683890577508,0.944117647058824,0.959641255605381,"rf_class",276,696,25,12,0.963330029732408,0.965325936199723,0.958333333333333,0.983050847457627,0.965325936199723,0.974107767669699
2000,1000,80,0.3,0.05,"a",FALSE,0.5,0,992,"18, 4, 72, 47","IRT",453,995,41,11,0.965333333333333,0.96042471042471,0.976293103448276,0.989065606361829,0.96042471042471,0.974534769833497,"IRT",154,319,12,4,0.967280163599182,0.963746223564955,0.974683544303797,0.987616099071207,0.963746223564955,0.975535168195719,"IRT",299,676,29,7,0.964391691394659,0.95886524822695,0.977124183006536,0.989751098096633,0.95886524822695,0.974063400576369
2000,1000,80,0.3,0.05,"a",FALSE,0.5,0,992,"18, 4, 72, 47","rf_probs",0,358,678,464,0.238666666666667,0.345559845559846,0,0.435523114355231,0.345559845559846,0.385360602798708,"rf_probs",0,109,222,158,0.222903885480573,0.329305135951662,0,0.408239700374532,0.329305135951662,0.364548494983278,"rf_probs",0,249,456,306,0.246290801186944,0.353191489361702,0,0.448648648648649,0.353191489361702,0.395238095238095
2000,1000,80,0.3,0.05,"a",FALSE,0.5,0,992,"18, 4, 72, 47","rf_class",444,1001,35,20,0.963333333333333,0.966216216216216,0.956896551724138,0.980411361410382,0.966216216216216,0.973262032085562,"rf_class",153,323,8,5,0.973415132924335,0.97583081570997,0.968354430379747,0.984756097560976,0.97583081570997,0.980273141122914,"rf_class",291,678,27,15,0.958456973293769,0.961702127659574,0.950980392156863,0.978354978354978,0.961702127659574,0.969957081545064
2000,1000,80,0.3,0.05,"a",FALSE,0.5,0,993,"47, 4, 69, 6","IRT",428,1031,32,9,0.972666666666667,0.969896519285042,0.979405034324943,0.991346153846154,0.969896519285042,0.980504041844983,"IRT",140,381,8,5,0.975655430711611,0.979434447300771,0.96551724137931,0.987046632124352,0.979434447300771,0.983225806451613,"IRT",288,650,24,4,0.971014492753623,0.964391691394659,0.986301369863014,0.99388379204893,0.964391691394659,0.978915662650602
2000,1000,80,0.3,0.05,"a",FALSE,0.5,0,993,"47, 4, 69, 6","rf_probs",0,318,745,437,0.212,0.299153339604892,0,0.421192052980132,0.299153339604892,0.34983498349835,"rf_probs",0,121,268,145,0.226591760299625,0.311053984575835,0,0.454887218045113,0.311053984575835,0.369465648854962,"rf_probs",0,197,477,292,0.203933747412008,0.292284866468843,0,0.402862985685072,0.292284866468843,0.33877901977644
2000,1000,80,0.3,0.05,"a",FALSE,0.5,0,993,"47, 4, 69, 6","rf_class",420,1042,21,17,0.974666666666667,0.980244590780809,0.961098398169336,0.983947119924457,0.980244590780809,0.982092365692743,"rf_class",136,382,7,9,0.970037453183521,0.982005141388175,0.937931034482759,0.976982097186701,0.982005141388175,0.979487179487179,"rf_class",284,660,14,8,0.977225672877847,0.979228486646884,0.972602739726027,0.988023952095808,0.979228486646884,0.983606557377049
2000,1000,80,0.3,0.05,"a",FALSE,0.5,0,994,"55, 30, 35, 5","IRT",434,1027,20,19,0.974,0.980897803247373,0.958057395143488,0.981835564053537,0.980897803247373,0.981366459627329,"IRT",144,356,4,5,0.982318271119843,0.988888888888889,0.966442953020134,0.986149584487535,0.988888888888889,0.9875173370319,"IRT",290,671,16,14,0.969727547931382,0.976710334788937,0.953947368421053,0.97956204379562,0.976710334788937,0.978134110787172
2000,1000,80,0.3,0.05,"a",FALSE,0.5,0,994,"55, 30, 35, 5","rf_probs",0,393,654,453,0.262,0.375358166189112,0,0.464539007092199,0.375358166189112,0.415213946117274,"rf_probs",0,127,233,149,0.24950884086444,0.352777777777778,0,0.460144927536232,0.352777777777778,0.39937106918239,"rf_probs",0,266,421,304,0.268415741675076,0.387190684133916,0,0.466666666666667,0.387190684133916,0.423229912490056
2000,1000,80,0.3,0.05,"a",FALSE,0.5,0,994,"55, 30, 35, 5","rf_class",434,1017,30,19,0.967333333333333,0.97134670487106,0.958057395143488,0.981660231660232,0.97134670487106,0.976476236197792,"rf_class",147,353,7,2,0.982318271119843,0.980555555555556,0.986577181208054,0.994366197183099,0.980555555555556,0.987412587412587,"rf_class",287,664,23,17,0.959636730575177,0.966521106259097,0.944078947368421,0.97503671071953,0.966521106259097,0.970760233918129
2000,1000,80,0.3,0.05,"a",FALSE,0.5,0,995,"55, 38, 70, 68","IRT",420,1027,34,19,0.964666666666667,0.967954759660697,0.956719817767654,0.981835564053537,0.967954759660697,0.97484575225439,"IRT",145,357,11,6,0.967244701348748,0.970108695652174,0.960264900662252,0.983471074380165,0.970108695652174,0.976744186046512,"IRT",275,670,23,13,0.963302752293578,0.966810966810967,0.954861111111111,0.980966325036603,0.966810966810967,0.973837209302326
2000,1000,80,0.3,0.05,"a",FALSE,0.5,0,995,"55, 38, 70, 68","rf_probs",0,390,671,439,0.26,0.367577756833176,0,0.470446320868516,0.367577756833176,0.412698412698413,"rf_probs",0,126,242,151,0.242774566473988,0.342391304347826,0,0.454873646209386,0.342391304347826,0.390697674418605,"rf_probs",0,264,429,288,0.269113149847095,0.380952380952381,0,0.478260869565217,0.380952380952381,0.424096385542169
2000,1000,80,0.3,0.05,"a",FALSE,0.5,0,995,"55, 38, 70, 68","rf_class",410,1033,28,29,0.962,0.973609802073516,0.933940774487471,0.972693032015066,0.973609802073516,0.973151201130476,"rf_class",143,362,6,8,0.973025048169557,0.983695652173913,0.947019867549669,0.978378378378378,0.983695652173913,0.981029810298103,"rf_class",267,671,22,21,0.956167176350663,0.968253968253968,0.927083333333333,0.969653179190751,0.968253968253968,0.968953068592058
2000,1000,80,0.3,0.05,"a",FALSE,0.5,0,996,"17, 51, 22, 32","IRT",409,1038,40,13,0.964666666666667,0.962894248608534,0.969194312796208,0.987630827783064,0.962894248608534,0.975105683419446,"IRT",135,350,10,4,0.971943887775551,0.972222222222222,0.971223021582734,0.988700564971751,0.972222222222222,0.980392156862745,"IRT",274,688,30,9,0.961038961038961,0.958217270194986,0.968197879858657,0.987087517934003,0.958217270194986,0.972438162544169
2000,1000,80,0.3,0.05,"a",FALSE,0.5,0,996,"17, 51, 22, 32","rf_probs",0,360,718,422,0.24,0.333951762523191,0,0.460358056265985,0.333951762523191,0.387096774193548,"rf_probs",0,131,229,139,0.2625250501002,0.363888888888889,0,0.485185185185185,0.363888888888889,0.415873015873016,"rf_probs",0,229,489,283,0.228771228771229,0.318941504178273,0,0.447265625,0.318941504178273,0.372357723577236
2000,1000,80,0.3,0.05,"a",FALSE,0.5,0,996,"17, 51, 22, 32","rf_class",400,1039,39,22,0.959333333333333,0.963821892393321,0.947867298578199,0.979264844486334,0.963821892393321,0.971482000935016,"rf_class",131,350,10,8,0.963927855711423,0.972222222222222,0.942446043165468,0.977653631284916,0.972222222222222,0.974930362116992,"rf_class",269,689,29,14,0.957042957042957,0.959610027855153,0.950530035335689,0.980085348506401,0.959610027855153,0.969739619985926
2000,1000,80,0.3,0.05,"a",FALSE,0.5,0,997,"60, 72, 48, 31","IRT",440,1026,15,19,0.977333333333333,0.985590778097983,0.958605664488017,0.981818181818182,0.985590778097983,0.983700862895494,"IRT",144,331,7,7,0.971370143149284,0.979289940828402,0.95364238410596,0.979289940828402,0.979289940828402,0.979289940828402,"IRT",296,695,8,12,0.980217606330366,0.988620199146515,0.961038961038961,0.983026874115983,0.988620199146515,0.985815602836879
2000,1000,80,0.3,0.05,"a",FALSE,0.5,0,997,"60, 72, 48, 31","rf_probs",0,327,714,459,0.218,0.314121037463977,0,0.416030534351145,0.314121037463977,0.357963875205255,"rf_probs",0,102,236,151,0.208588957055215,0.301775147928994,0,0.403162055335968,0.301775147928994,0.345177664974619,"rf_probs",0,225,478,308,0.222551928783383,0.320056899004267,0,0.422138836772983,0.320056899004267,0.364077669902913
2000,1000,80,0.3,0.05,"a",FALSE,0.5,0,997,"60, 72, 48, 31","rf_class",437,1020,21,22,0.971333333333333,0.979827089337176,0.952069716775599,0.978886756238004,0.979827089337176,0.979356697071532,"rf_class",143,329,9,8,0.965235173824131,0.973372781065089,0.947019867549669,0.976261127596439,0.973372781065089,0.974814814814815,"rf_class",294,691,12,14,0.974282888229476,0.982930298719772,0.954545454545455,0.980141843971631,0.982930298719772,0.981534090909091
2000,1000,80,0.3,0.05,"a",FALSE,0.5,0,998,"34, 60, 62, 19","IRT",440,1008,41,11,0.965333333333333,0.96091515729266,0.975609756097561,0.989205103042198,0.96091515729266,0.974854932301741,"IRT",122,334,21,4,0.948024948024948,0.940845070422535,0.968253968253968,0.988165680473373,0.940845070422535,0.963924963924964,"IRT",318,674,20,7,0.973503434739941,0.971181556195965,0.978461538461538,0.989720998531571,0.971181556195965,0.980363636363636
2000,1000,80,0.3,0.05,"a",FALSE,0.5,0,998,"34, 60, 62, 19","rf_probs",0,342,707,451,0.228,0.32602478551001,0,0.431273644388398,0.32602478551001,0.371335504885993,"rf_probs",0,108,247,126,0.224532224532225,0.304225352112676,0,0.461538461538462,0.304225352112676,0.366723259762309,"rf_probs",0,234,460,325,0.22963689892051,0.337175792507205,0,0.418604651162791,0.337175792507205,0.373503591380686
2000,1000,80,0.3,0.05,"a",FALSE,0.5,0,998,"34, 60, 62, 19","rf_class",431,1012,37,20,0.962,0.964728312678742,0.955654101995565,0.98062015503876,0.964728312678742,0.972609322441134,"rf_class",120,336,19,6,0.948024948024948,0.946478873239437,0.952380952380952,0.982456140350877,0.946478873239437,0.964131994261119,"rf_class",311,676,18,14,0.968596663395486,0.974063400576369,0.956923076923077,0.979710144927536,0.974063400576369,0.976878612716763
2000,1000,80,0.3,0.05,"a",FALSE,0.5,0,999,"4, 7, 47, 72","IRT",453,994,39,14,0.964666666666667,0.962245885769603,0.970021413276231,0.986111111111111,0.962245885769603,0.974032337089662,"IRT",148,324,19,8,0.945891783567134,0.944606413994169,0.948717948717949,0.975903614457831,0.944606413994169,0.96,"IRT",305,670,20,6,0.974025974025974,0.971014492753623,0.980707395498392,0.99112426035503,0.971014492753623,0.980966325036603
2000,1000,80,0.3,0.05,"a",FALSE,0.5,0,999,"4, 7, 47, 72","rf_probs",0,341,692,467,0.227333333333333,0.330106485963214,0,0.422029702970297,0.330106485963214,0.370450841933732,"rf_probs",0,120,223,156,0.240480961923848,0.349854227405248,0,0.434782608695652,0.349854227405248,0.387722132471729,"rf_probs",0,221,469,311,0.220779220779221,0.320289855072464,0,0.415413533834586,0.320289855072464,0.361702127659574
2000,1000,80,0.3,0.05,"a",FALSE,0.5,0,999,"4, 7, 47, 72","rf_class",433,1010,23,34,0.962,0.977734753146176,0.927194860813705,0.967432950191571,0.977734753146176,0.972556571978816,"rf_class",140,331,12,16,0.943887775551102,0.965014577259475,0.897435897435897,0.953890489913545,0.965014577259475,0.959420289855072,"rf_class",293,679,11,18,0.971028971028971,0.984057971014493,0.942122186495177,0.974175035868006,0.984057971014493,0.979091564527758
2000,1000,80,0.3,0.05,"a",FALSE,0.5,0,1000,"10, 19, 68, 7","IRT",408,1033,40,19,0.960666666666667,0.962721342031687,0.955503512880562,0.981939163498099,0.962721342031687,0.972235294117647,"IRT",152,326,10,6,0.967611336032389,0.970238095238095,0.962025316455696,0.981927710843373,0.970238095238095,0.976047904191617,"IRT",256,707,30,13,0.957256461232604,0.959294436906377,0.951672862453532,0.981944444444444,0.959294436906377,0.970487302676733
2000,1000,80,0.3,0.05,"a",FALSE,0.5,0,1000,"10, 19, 68, 7","rf_probs",0,373,700,427,0.248666666666667,0.34762348555452,0,0.46625,0.34762348555452,0.398291510945008,"rf_probs",0,123,213,158,0.248987854251012,0.366071428571429,0,0.437722419928826,0.366071428571429,0.39870340356564,"rf_probs",0,250,487,269,0.248508946322068,0.33921302578019,0,0.481695568400771,0.33921302578019,0.398089171974522
2000,1000,80,0.3,0.05,"a",FALSE,0.5,0,1000,"10, 19, 68, 7","rf_class",405,1020,53,22,0.95,0.950605778191985,0.94847775175644,0.978886756238004,0.950605778191985,0.964539007092199,"rf_class",150,320,16,8,0.951417004048583,0.952380952380952,0.949367088607595,0.975609756097561,0.952380952380952,0.963855421686747,"rf_class",255,700,37,14,0.949304174950298,0.949796472184532,0.947955390334573,0.980392156862745,0.949796472184532,0.964851826326671
